time_captured,wlk_15_sub_14_userAcceleration.x
1970-01-01 00:00:00.000000000,0.0411259999999999
1970-01-01 00:00:00.000000001,-0.065199
1970-01-01 00:00:00.000000002,0.280262
1970-01-01 00:00:00.000000003,0.098575
1970-01-01 00:00:00.000000004,-0.1539859999999999
1970-01-01 00:00:00.000000005,0.263557
1970-01-01 00:00:00.000000006,0.791459
1970-01-01 00:00:00.000000007,0.982015
1970-01-01 00:00:00.000000008,0.017465
1970-01-01 00:00:00.000000009,0.060389
1970-01-01 00:00:00.000000010,0.0566789999999999
1970-01-01 00:00:00.000000011,0.121322
1970-01-01 00:00:00.000000012,0.235352
1970-01-01 00:00:00.000000013,0.674599
1970-01-01 00:00:00.000000014,0.305709
1970-01-01 00:00:00.000000015,-0.187389
1970-01-01 00:00:00.000000016,-0.14265
1970-01-01 00:00:00.000000017,-0.070566
1970-01-01 00:00:00.000000018,-0.026325
1970-01-01 00:00:00.000000019,0.018362
1970-01-01 00:00:00.000000020,-0.105319
1970-01-01 00:00:00.000000021,-0.07721
1970-01-01 00:00:00.000000022,0.0150689999999999
1970-01-01 00:00:00.000000023,-0.092721
1970-01-01 00:00:00.000000024,-0.1710809999999999
1970-01-01 00:00:00.000000025,-0.3503429999999999
1970-01-01 00:00:00.000000026,-0.198101
1970-01-01 00:00:00.000000027,-0.2000279999999999
1970-01-01 00:00:00.000000028,-0.454513
1970-01-01 00:00:00.000000029,-0.2646159999999999
1970-01-01 00:00:00.000000030,-0.06096
1970-01-01 00:00:00.000000031,0.039344
1970-01-01 00:00:00.000000032,-0.1748289999999999
1970-01-01 00:00:00.000000033,-0.130923
1970-01-01 00:00:00.000000034,0.616895
1970-01-01 00:00:00.000000035,1.280436
1970-01-01 00:00:00.000000036,1.480649
1970-01-01 00:00:00.000000037,1.454967
1970-01-01 00:00:00.000000038,0.552613
1970-01-01 00:00:00.000000039,0.4409149999999999
1970-01-01 00:00:00.000000040,-0.0808779999999999
1970-01-01 00:00:00.000000041,-0.296465
1970-01-01 00:00:00.000000042,-0.0912
1970-01-01 00:00:00.000000043,0.151834
1970-01-01 00:00:00.000000044,0.127326
1970-01-01 00:00:00.000000045,0.070036
1970-01-01 00:00:00.000000046,-0.0008539999999999
1970-01-01 00:00:00.000000047,-0.101022
1970-01-01 00:00:00.000000048,-0.1097109999999999
1970-01-01 00:00:00.000000049,-0.0762679999999999
1970-01-01 00:00:00.000000050,-0.039039
1970-01-01 00:00:00.000000051,-0.051605
1970-01-01 00:00:00.000000052,0.442871
1970-01-01 00:00:00.000000053,0.119945
1970-01-01 00:00:00.000000054,-0.267366
1970-01-01 00:00:00.000000055,-0.200193
1970-01-01 00:00:00.000000056,0.054491
1970-01-01 00:00:00.000000057,1.374246
1970-01-01 00:00:00.000000058,2.675408
1970-01-01 00:00:00.000000059,-0.496892
1970-01-01 00:00:00.000000060,-0.3860099999999999
1970-01-01 00:00:00.000000061,-0.040585
1970-01-01 00:00:00.000000062,0.092097
1970-01-01 00:00:00.000000063,0.259907
1970-01-01 00:00:00.000000064,1.082877
1970-01-01 00:00:00.000000065,0.660766
1970-01-01 00:00:00.000000066,0.2177889999999999
1970-01-01 00:00:00.000000067,-0.3982969999999999
1970-01-01 00:00:00.000000068,-0.162523
1970-01-01 00:00:00.000000069,-0.095363
1970-01-01 00:00:00.000000070,-0.002518
1970-01-01 00:00:00.000000071,-0.100432
1970-01-01 00:00:00.000000072,-0.10182
1970-01-01 00:00:00.000000073,-0.1096
1970-01-01 00:00:00.000000074,-0.25315
1970-01-01 00:00:00.000000075,-0.266984
1970-01-01 00:00:00.000000076,-0.20325
1970-01-01 00:00:00.000000077,-0.035037
1970-01-01 00:00:00.000000078,-0.084412
1970-01-01 00:00:00.000000079,-0.1536
1970-01-01 00:00:00.000000080,0.120749
1970-01-01 00:00:00.000000081,0.2339909999999999
1970-01-01 00:00:00.000000082,-0.145112
1970-01-01 00:00:00.000000083,-0.074316
1970-01-01 00:00:00.000000084,-0.052011
1970-01-01 00:00:00.000000085,0.8212209999999999
1970-01-01 00:00:00.000000086,1.191383
1970-01-01 00:00:00.000000087,1.210172
1970-01-01 00:00:00.000000088,0.908105
1970-01-01 00:00:00.000000089,0.492828
1970-01-01 00:00:00.000000090,0.092276
1970-01-01 00:00:00.000000091,-0.300042
1970-01-01 00:00:00.000000092,-0.296007
1970-01-01 00:00:00.000000093,0.117668
1970-01-01 00:00:00.000000094,0.217113
1970-01-01 00:00:00.000000095,0.021233
1970-01-01 00:00:00.000000096,-0.013322
1970-01-01 00:00:00.000000097,-0.109746
1970-01-01 00:00:00.000000098,-0.112277
1970-01-01 00:00:00.000000099,-0.133246
1970-01-01 00:00:00.000000100,-0.062157
1970-01-01 00:00:00.000000101,-0.0356649999999999
1970-01-01 00:00:00.000000102,0.064816
1970-01-01 00:00:00.000000103,0.2508289999999999
1970-01-01 00:00:00.000000104,0.068724
1970-01-01 00:00:00.000000105,-0.071363
1970-01-01 00:00:00.000000106,0.755264
1970-01-01 00:00:00.000000107,1.086197
1970-01-01 00:00:00.000000108,0.19165
1970-01-01 00:00:00.000000109,0.375192
1970-01-01 00:00:00.000000110,0.134461
1970-01-01 00:00:00.000000111,-0.034911
1970-01-01 00:00:00.000000112,0.224382
1970-01-01 00:00:00.000000113,0.50456
1970-01-01 00:00:00.000000114,0.5271819999999999
1970-01-01 00:00:00.000000115,-0.04009
1970-01-01 00:00:00.000000116,-0.2610369999999999
1970-01-01 00:00:00.000000117,-0.17693
1970-01-01 00:00:00.000000118,-0.055739
1970-01-01 00:00:00.000000119,-0.112867
1970-01-01 00:00:00.000000120,-0.187796
1970-01-01 00:00:00.000000121,-0.189948
1970-01-01 00:00:00.000000122,0.008719
1970-01-01 00:00:00.000000123,0.15684
1970-01-01 00:00:00.000000124,0.058438
1970-01-01 00:00:00.000000125,-0.298103
1970-01-01 00:00:00.000000126,-0.341394
1970-01-01 00:00:00.000000127,-0.137421
1970-01-01 00:00:00.000000128,-0.331355
1970-01-01 00:00:00.000000129,-0.403526
1970-01-01 00:00:00.000000130,-0.07034
1970-01-01 00:00:00.000000131,0.149325
1970-01-01 00:00:00.000000132,-0.001418
1970-01-01 00:00:00.000000133,-0.341211
1970-01-01 00:00:00.000000134,0.154304
1970-01-01 00:00:00.000000135,0.4263
1970-01-01 00:00:00.000000136,0.825822
1970-01-01 00:00:00.000000137,1.240328
1970-01-01 00:00:00.000000138,1.2614459999999998
1970-01-01 00:00:00.000000139,0.648392
1970-01-01 00:00:00.000000140,0.249349
1970-01-01 00:00:00.000000141,0.0456009999999999
1970-01-01 00:00:00.000000142,-0.421284
1970-01-01 00:00:00.000000143,-0.026284
1970-01-01 00:00:00.000000144,0.146653
1970-01-01 00:00:00.000000145,0.2640929999999999
1970-01-01 00:00:00.000000146,0.182217
1970-01-01 00:00:00.000000147,0.123377
1970-01-01 00:00:00.000000148,-0.022446
1970-01-01 00:00:00.000000149,-0.025568
1970-01-01 00:00:00.000000150,-0.045044
1970-01-01 00:00:00.000000151,-0.0286339999999999
1970-01-01 00:00:00.000000152,-0.075916
1970-01-01 00:00:00.000000153,0.013549
1970-01-01 00:00:00.000000154,0.175093
1970-01-01 00:00:00.000000155,-0.029686
1970-01-01 00:00:00.000000156,0.197573
1970-01-01 00:00:00.000000157,0.919629
1970-01-01 00:00:00.000000158,0.942456
1970-01-01 00:00:00.000000159,0.3885389999999999
1970-01-01 00:00:00.000000160,0.24789
1970-01-01 00:00:00.000000161,0.102076
1970-01-01 00:00:00.000000162,0.020058
1970-01-01 00:00:00.000000163,0.299196
1970-01-01 00:00:00.000000164,0.627631
1970-01-01 00:00:00.000000165,0.393691
1970-01-01 00:00:00.000000166,-0.123146
1970-01-01 00:00:00.000000167,-0.158599
1970-01-01 00:00:00.000000168,-0.165957
1970-01-01 00:00:00.000000169,-0.034922
1970-01-01 00:00:00.000000170,-0.010785
1970-01-01 00:00:00.000000171,-0.019531
1970-01-01 00:00:00.000000172,0.044811
1970-01-01 00:00:00.000000173,0.089317
1970-01-01 00:00:00.000000174,0.047479
1970-01-01 00:00:00.000000175,-0.259652
1970-01-01 00:00:00.000000176,-0.278509
1970-01-01 00:00:00.000000177,-0.205928
1970-01-01 00:00:00.000000178,-0.2043579999999999
1970-01-01 00:00:00.000000179,-0.202786
1970-01-01 00:00:00.000000180,-0.142149
1970-01-01 00:00:00.000000181,0.108289
1970-01-01 00:00:00.000000182,0.030173
1970-01-01 00:00:00.000000183,-0.27081
1970-01-01 00:00:00.000000184,0.038967
1970-01-01 00:00:00.000000185,0.552507
1970-01-01 00:00:00.000000186,0.778135
1970-01-01 00:00:00.000000187,1.33263
1970-01-01 00:00:00.000000188,1.257868
1970-01-01 00:00:00.000000189,0.853449
1970-01-01 00:00:00.000000190,0.099466
1970-01-01 00:00:00.000000191,-0.074114
1970-01-01 00:00:00.000000192,-0.278844
1970-01-01 00:00:00.000000193,-0.119531
1970-01-01 00:00:00.000000194,0.2115139999999999
1970-01-01 00:00:00.000000195,0.245825
1970-01-01 00:00:00.000000196,0.113768
1970-01-01 00:00:00.000000197,-0.014927
1970-01-01 00:00:00.000000198,-0.050387
1970-01-01 00:00:00.000000199,-0.028995
1970-01-01 00:00:00.000000200,-0.016483
1970-01-01 00:00:00.000000201,0.005402
1970-01-01 00:00:00.000000202,0.1115599999999999
1970-01-01 00:00:00.000000203,0.142993
1970-01-01 00:00:00.000000204,0.360113
1970-01-01 00:00:00.000000205,-0.055036
1970-01-01 00:00:00.000000206,-0.270128
1970-01-01 00:00:00.000000207,-0.186513
1970-01-01 00:00:00.000000208,0.367248
1970-01-01 00:00:00.000000209,1.5271370000000002
1970-01-01 00:00:00.000000210,1.883105
1970-01-01 00:00:00.000000211,-0.039507
1970-01-01 00:00:00.000000212,0.018784
1970-01-01 00:00:00.000000213,0.081121
1970-01-01 00:00:00.000000214,0.178796
1970-01-01 00:00:00.000000215,0.8963129999999999
1970-01-01 00:00:00.000000216,0.968866
1970-01-01 00:00:00.000000217,0.236171
1970-01-01 00:00:00.000000218,-0.418641
1970-01-01 00:00:00.000000219,-0.246461
1970-01-01 00:00:00.000000220,-0.140593
1970-01-01 00:00:00.000000221,0.017889
1970-01-01 00:00:00.000000222,0.016313
1970-01-01 00:00:00.000000223,0.021107
1970-01-01 00:00:00.000000224,0.0777429999999999
1970-01-01 00:00:00.000000225,0.0410009999999999
1970-01-01 00:00:00.000000226,-0.068039
1970-01-01 00:00:00.000000227,-0.311235
1970-01-01 00:00:00.000000228,-0.322468
1970-01-01 00:00:00.000000229,-0.082212
1970-01-01 00:00:00.000000230,-0.283404
1970-01-01 00:00:00.000000231,-0.262783
1970-01-01 00:00:00.000000232,0.124681
1970-01-01 00:00:00.000000233,0.141352
1970-01-01 00:00:00.000000234,0.0046689999999999
1970-01-01 00:00:00.000000235,-0.3981969999999999
1970-01-01 00:00:00.000000236,-0.063025
1970-01-01 00:00:00.000000237,0.200652
1970-01-01 00:00:00.000000238,1.2982360000000002
1970-01-01 00:00:00.000000239,1.531247
1970-01-01 00:00:00.000000240,1.49934
1970-01-01 00:00:00.000000241,0.591684
1970-01-01 00:00:00.000000242,0.262648
1970-01-01 00:00:00.000000243,0.061972
1970-01-01 00:00:00.000000244,-0.479029
1970-01-01 00:00:00.000000245,0.026181
1970-01-01 00:00:00.000000246,0.207586
1970-01-01 00:00:00.000000247,0.23617
1970-01-01 00:00:00.000000248,0.177144
1970-01-01 00:00:00.000000249,0.084689
1970-01-01 00:00:00.000000250,0.013975
1970-01-01 00:00:00.000000251,0.043935
1970-01-01 00:00:00.000000252,-0.002742
1970-01-01 00:00:00.000000253,0.032707
1970-01-01 00:00:00.000000254,0.0272089999999999
1970-01-01 00:00:00.000000255,0.1978329999999999
1970-01-01 00:00:00.000000256,0.064717
1970-01-01 00:00:00.000000257,-0.0988909999999999
1970-01-01 00:00:00.000000258,-0.065882
1970-01-01 00:00:00.000000259,0.59396
1970-01-01 00:00:00.000000260,1.036155
1970-01-01 00:00:00.000000261,1.42477
1970-01-01 00:00:00.000000262,-0.139572
1970-01-01 00:00:00.000000263,-0.13544
1970-01-01 00:00:00.000000264,0.122998
1970-01-01 00:00:00.000000265,0.260385
1970-01-01 00:00:00.000000266,0.65256
1970-01-01 00:00:00.000000267,1.01564
1970-01-01 00:00:00.000000268,0.4144739999999999
1970-01-01 00:00:00.000000269,-0.434975
1970-01-01 00:00:00.000000270,-0.441345
1970-01-01 00:00:00.000000271,-0.190313
1970-01-01 00:00:00.000000272,-0.079278
1970-01-01 00:00:00.000000273,-0.088647
1970-01-01 00:00:00.000000274,0.010702
1970-01-01 00:00:00.000000275,0.108751
1970-01-01 00:00:00.000000276,0.030682
1970-01-01 00:00:00.000000277,-0.09794
1970-01-01 00:00:00.000000278,-0.1649119999999999
1970-01-01 00:00:00.000000279,-0.275305
1970-01-01 00:00:00.000000280,-0.208331
1970-01-01 00:00:00.000000281,-0.304155
1970-01-01 00:00:00.000000282,-0.239206
1970-01-01 00:00:00.000000283,0.130392
1970-01-01 00:00:00.000000284,0.100979
1970-01-01 00:00:00.000000285,-0.07098
1970-01-01 00:00:00.000000286,-0.249498
1970-01-01 00:00:00.000000287,0.389632
1970-01-01 00:00:00.000000288,0.736704
1970-01-01 00:00:00.000000289,1.4459879999999998
1970-01-01 00:00:00.000000290,1.615913
1970-01-01 00:00:00.000000291,1.186897
1970-01-01 00:00:00.000000292,0.425368
1970-01-01 00:00:00.000000293,0.027612
1970-01-01 00:00:00.000000294,-0.168018
1970-01-01 00:00:00.000000295,-0.375125
1970-01-01 00:00:00.000000296,0.083592
1970-01-01 00:00:00.000000297,0.228321
1970-01-01 00:00:00.000000298,0.239559
1970-01-01 00:00:00.000000299,0.056225
1970-01-01 00:00:00.000000300,-0.090137
1970-01-01 00:00:00.000000301,-0.090393
1970-01-01 00:00:00.000000302,-0.067789
1970-01-01 00:00:00.000000303,-0.09966
1970-01-01 00:00:00.000000304,-0.08155
1970-01-01 00:00:00.000000305,0.341453
1970-01-01 00:00:00.000000306,0.393459
1970-01-01 00:00:00.000000307,0.025184
1970-01-01 00:00:00.000000308,0.200003
1970-01-01 00:00:00.000000309,0.548955
1970-01-01 00:00:00.000000310,0.733213
1970-01-01 00:00:00.000000311,0.765054
1970-01-01 00:00:00.000000312,0.801998
1970-01-01 00:00:00.000000313,0.124029
1970-01-01 00:00:00.000000314,0.083834
1970-01-01 00:00:00.000000315,0.099019
1970-01-01 00:00:00.000000316,0.664384
1970-01-01 00:00:00.000000317,0.772756
1970-01-01 00:00:00.000000318,0.354145
1970-01-01 00:00:00.000000319,-0.324467
1970-01-01 00:00:00.000000320,-0.111623
1970-01-01 00:00:00.000000321,-0.055585
1970-01-01 00:00:00.000000322,-0.013746
1970-01-01 00:00:00.000000323,-0.045888
1970-01-01 00:00:00.000000324,-0.070589
1970-01-01 00:00:00.000000325,0.188136
1970-01-01 00:00:00.000000326,0.062706
1970-01-01 00:00:00.000000327,-0.095704
1970-01-01 00:00:00.000000328,-0.432456
1970-01-01 00:00:00.000000329,-0.187028
1970-01-01 00:00:00.000000330,-0.144507
1970-01-01 00:00:00.000000331,-0.340692
1970-01-01 00:00:00.000000332,-0.042955
1970-01-01 00:00:00.000000333,0.085229
1970-01-01 00:00:00.000000334,-0.070918
1970-01-01 00:00:00.000000335,-0.144281
1970-01-01 00:00:00.000000336,0.046918
1970-01-01 00:00:00.000000337,0.665196
1970-01-01 00:00:00.000000338,1.048542
1970-01-01 00:00:00.000000339,1.183445
1970-01-01 00:00:00.000000340,1.1298979999999998
1970-01-01 00:00:00.000000341,0.686409
1970-01-01 00:00:00.000000342,0.473837
1970-01-01 00:00:00.000000343,0.0299079999999999
1970-01-01 00:00:00.000000344,-0.559453
1970-01-01 00:00:00.000000345,-0.225566
1970-01-01 00:00:00.000000346,0.06819
1970-01-01 00:00:00.000000347,0.16882
1970-01-01 00:00:00.000000348,0.078278
1970-01-01 00:00:00.000000349,-0.0271399999999999
1970-01-01 00:00:00.000000350,-0.08488
1970-01-01 00:00:00.000000351,-0.096364
1970-01-01 00:00:00.000000352,-0.1358329999999999
1970-01-01 00:00:00.000000353,-0.1247009999999999
1970-01-01 00:00:00.000000354,-0.132383
1970-01-01 00:00:00.000000355,0.269808
1970-01-01 00:00:00.000000356,0.177176
1970-01-01 00:00:00.000000357,0.0610529999999999
1970-01-01 00:00:00.000000358,0.6403439999999999
1970-01-01 00:00:00.000000359,0.758181
1970-01-01 00:00:00.000000360,1.531162
1970-01-01 00:00:00.000000361,1.296329
1970-01-01 00:00:00.000000362,-0.150105
1970-01-01 00:00:00.000000363,-0.112451
1970-01-01 00:00:00.000000364,-0.117282
1970-01-01 00:00:00.000000365,0.1862609999999999
1970-01-01 00:00:00.000000366,0.526884
1970-01-01 00:00:00.000000367,0.540862
1970-01-01 00:00:00.000000368,0.39079
1970-01-01 00:00:00.000000369,-0.1168
1970-01-01 00:00:00.000000370,-0.1139119999999999
1970-01-01 00:00:00.000000371,-0.017547
1970-01-01 00:00:00.000000372,0.037625
1970-01-01 00:00:00.000000373,-0.02173
1970-01-01 00:00:00.000000374,-0.09376
1970-01-01 00:00:00.000000375,-0.057486
1970-01-01 00:00:00.000000376,0.020419
1970-01-01 00:00:00.000000377,-0.145071
1970-01-01 00:00:00.000000378,-0.247402
1970-01-01 00:00:00.000000379,-0.218046
1970-01-01 00:00:00.000000380,-0.2058469999999999
1970-01-01 00:00:00.000000381,-0.255308
1970-01-01 00:00:00.000000382,-0.047647
1970-01-01 00:00:00.000000383,0.1426339999999999
1970-01-01 00:00:00.000000384,-0.0002109999999999
1970-01-01 00:00:00.000000385,-0.2098
1970-01-01 00:00:00.000000386,-0.277405
1970-01-01 00:00:00.000000387,0.037228
1970-01-01 00:00:00.000000388,0.8044640000000001
1970-01-01 00:00:00.000000389,1.173987
1970-01-01 00:00:00.000000390,1.3803040000000002
1970-01-01 00:00:00.000000391,0.90677
1970-01-01 00:00:00.000000392,0.5701689999999999
1970-01-01 00:00:00.000000393,0.399239
1970-01-01 00:00:00.000000394,-0.150414
1970-01-01 00:00:00.000000395,-0.394045
1970-01-01 00:00:00.000000396,-0.075269
1970-01-01 00:00:00.000000397,0.189544
1970-01-01 00:00:00.000000398,0.2258239999999999
1970-01-01 00:00:00.000000399,0.102142
1970-01-01 00:00:00.000000400,-0.008973
1970-01-01 00:00:00.000000401,0.001077
1970-01-01 00:00:00.000000402,-0.020211
1970-01-01 00:00:00.000000403,-0.018601
1970-01-01 00:00:00.000000404,-0.009739
1970-01-01 00:00:00.000000405,-0.027755
1970-01-01 00:00:00.000000406,0.267026
1970-01-01 00:00:00.000000407,-0.015428
1970-01-01 00:00:00.000000408,-0.005464
1970-01-01 00:00:00.000000409,0.8089109999999999
1970-01-01 00:00:00.000000410,1.465225
1970-01-01 00:00:00.000000411,1.474233
1970-01-01 00:00:00.000000412,0.129074
1970-01-01 00:00:00.000000413,0.188006
1970-01-01 00:00:00.000000414,0.028116
1970-01-01 00:00:00.000000415,0.2324179999999999
1970-01-01 00:00:00.000000416,0.753698
1970-01-01 00:00:00.000000417,0.699635
1970-01-01 00:00:00.000000418,0.085052
1970-01-01 00:00:00.000000419,-0.219054
1970-01-01 00:00:00.000000420,-0.190904
1970-01-01 00:00:00.000000421,-0.074303
1970-01-01 00:00:00.000000422,-0.067586
1970-01-01 00:00:00.000000423,-0.062402
1970-01-01 00:00:00.000000424,-0.115115
1970-01-01 00:00:00.000000425,0.053471
1970-01-01 00:00:00.000000426,0.10399
1970-01-01 00:00:00.000000427,-0.259542
1970-01-01 00:00:00.000000428,-0.351756
1970-01-01 00:00:00.000000429,-0.341048
1970-01-01 00:00:00.000000430,-0.067914
1970-01-01 00:00:00.000000431,-0.157294
1970-01-01 00:00:00.000000432,-0.2204
1970-01-01 00:00:00.000000433,0.112419
1970-01-01 00:00:00.000000434,0.201299
1970-01-01 00:00:00.000000435,0.007872
1970-01-01 00:00:00.000000436,-0.2938679999999999
1970-01-01 00:00:00.000000437,-0.230415
1970-01-01 00:00:00.000000438,0.123297
1970-01-01 00:00:00.000000439,0.645176
1970-01-01 00:00:00.000000440,0.991535
1970-01-01 00:00:00.000000441,1.132165
1970-01-01 00:00:00.000000442,0.7327170000000001
1970-01-01 00:00:00.000000443,0.5326350000000001
1970-01-01 00:00:00.000000444,0.333761
1970-01-01 00:00:00.000000445,-0.010799
1970-01-01 00:00:00.000000446,-0.3488989999999999
1970-01-01 00:00:00.000000447,-0.112034
1970-01-01 00:00:00.000000448,0.225078
1970-01-01 00:00:00.000000449,0.270374
1970-01-01 00:00:00.000000450,0.195966
1970-01-01 00:00:00.000000451,0.024397
1970-01-01 00:00:00.000000452,0.043506
1970-01-01 00:00:00.000000453,0.03377
1970-01-01 00:00:00.000000454,0.081964
1970-01-01 00:00:00.000000455,0.129051
1970-01-01 00:00:00.000000456,0.095247
1970-01-01 00:00:00.000000457,0.23195
1970-01-01 00:00:00.000000458,0.079001
1970-01-01 00:00:00.000000459,-0.0701799999999999
1970-01-01 00:00:00.000000460,-0.073982
1970-01-01 00:00:00.000000461,0.554996
1970-01-01 00:00:00.000000462,1.142408
1970-01-01 00:00:00.000000463,1.894798
1970-01-01 00:00:00.000000464,-0.016343
1970-01-01 00:00:00.000000465,-0.014854
1970-01-01 00:00:00.000000466,-0.065703
1970-01-01 00:00:00.000000467,0.386844
1970-01-01 00:00:00.000000468,0.68002
1970-01-01 00:00:00.000000469,0.944408
1970-01-01 00:00:00.000000470,0.027244
1970-01-01 00:00:00.000000471,-0.318916
1970-01-01 00:00:00.000000472,-0.196846
1970-01-01 00:00:00.000000473,-0.181615
1970-01-01 00:00:00.000000474,-0.106914
1970-01-01 00:00:00.000000475,-0.0396199999999999
1970-01-01 00:00:00.000000476,-0.055067
1970-01-01 00:00:00.000000477,0.248468
1970-01-01 00:00:00.000000478,0.0603029999999999
1970-01-01 00:00:00.000000479,-0.294378
1970-01-01 00:00:00.000000480,-0.444881
1970-01-01 00:00:00.000000481,-0.217263
1970-01-01 00:00:00.000000482,0.00188
1970-01-01 00:00:00.000000483,-0.114629
1970-01-01 00:00:00.000000484,-0.110022
1970-01-01 00:00:00.000000485,0.0479399999999999
1970-01-01 00:00:00.000000486,0.292726
1970-01-01 00:00:00.000000487,0.424496
1970-01-01 00:00:00.000000488,0.404585
1970-01-01 00:00:00.000000489,0.634551
1970-01-01 00:00:00.000000490,0.8505159999999999
1970-01-01 00:00:00.000000491,1.039631
1970-01-01 00:00:00.000000492,0.924547
1970-01-01 00:00:00.000000493,0.334471
1970-01-01 00:00:00.000000494,0.168713
1970-01-01 00:00:00.000000495,0.191227
1970-01-01 00:00:00.000000496,-0.352329
1970-01-01 00:00:00.000000497,0.014955
1970-01-01 00:00:00.000000498,0.044001
1970-01-01 00:00:00.000000499,0.112271
1970-01-01 00:00:00.000000500,0.006806
1970-01-01 00:00:00.000000501,0.021265
1970-01-01 00:00:00.000000502,-0.021692
1970-01-01 00:00:00.000000503,-0.017467
1970-01-01 00:00:00.000000504,-0.034487
1970-01-01 00:00:00.000000505,-0.083909
1970-01-01 00:00:00.000000506,-0.166431
1970-01-01 00:00:00.000000507,0.055616
1970-01-01 00:00:00.000000508,0.375189
1970-01-01 00:00:00.000000509,-0.079499
1970-01-01 00:00:00.000000510,0.1246299999999999
1970-01-01 00:00:00.000000511,0.612796
1970-01-01 00:00:00.000000512,2.290257
1970-01-01 00:00:00.000000513,2.008361
1970-01-01 00:00:00.000000514,-0.552416
1970-01-01 00:00:00.000000515,-0.0522179999999999
1970-01-01 00:00:00.000000516,-0.137619
1970-01-01 00:00:00.000000517,0.130397
1970-01-01 00:00:00.000000518,0.4560909999999999
1970-01-01 00:00:00.000000519,0.783285
1970-01-01 00:00:00.000000520,0.132466
1970-01-01 00:00:00.000000521,-0.20223
1970-01-01 00:00:00.000000522,-0.085605
1970-01-01 00:00:00.000000523,-0.138072
1970-01-01 00:00:00.000000524,-0.13327
1970-01-01 00:00:00.000000525,-0.093477
1970-01-01 00:00:00.000000526,-0.031121
1970-01-01 00:00:00.000000527,0.1248539999999999
1970-01-01 00:00:00.000000528,-0.02207
1970-01-01 00:00:00.000000529,-0.3473199999999999
1970-01-01 00:00:00.000000530,-0.405509
1970-01-01 00:00:00.000000531,-0.36215
1970-01-01 00:00:00.000000532,0.009328
1970-01-01 00:00:00.000000533,-0.091188
1970-01-01 00:00:00.000000534,-0.088906
1970-01-01 00:00:00.000000535,0.157195
1970-01-01 00:00:00.000000536,-0.004516
1970-01-01 00:00:00.000000537,-0.177886
1970-01-01 00:00:00.000000538,-0.089686
1970-01-01 00:00:00.000000539,0.6513770000000001
1970-01-01 00:00:00.000000540,0.8315870000000001
1970-01-01 00:00:00.000000541,1.083238
1970-01-01 00:00:00.000000542,1.025922
1970-01-01 00:00:00.000000543,1.049523
1970-01-01 00:00:00.000000544,0.374041
1970-01-01 00:00:00.000000545,-0.024897
1970-01-01 00:00:00.000000546,-0.002444
1970-01-01 00:00:00.000000547,-0.240307
1970-01-01 00:00:00.000000548,0.097
1970-01-01 00:00:00.000000549,0.118968
1970-01-01 00:00:00.000000550,0.1779089999999999
1970-01-01 00:00:00.000000551,-0.085788
1970-01-01 00:00:00.000000552,-0.096666
1970-01-01 00:00:00.000000553,-0.067721
1970-01-01 00:00:00.000000554,-0.002148
1970-01-01 00:00:00.000000555,-0.0070069999999999
1970-01-01 00:00:00.000000556,0.057293
1970-01-01 00:00:00.000000557,0.07669
1970-01-01 00:00:00.000000558,0.129321
1970-01-01 00:00:00.000000559,-0.020388
1970-01-01 00:00:00.000000560,0.125861
1970-01-01 00:00:00.000000561,0.411602
1970-01-01 00:00:00.000000562,0.695717
1970-01-01 00:00:00.000000563,1.114568
1970-01-01 00:00:00.000000564,0.385475
1970-01-01 00:00:00.000000565,0.383328
1970-01-01 00:00:00.000000566,-0.041102
1970-01-01 00:00:00.000000567,-0.0067
1970-01-01 00:00:00.000000568,0.679898
1970-01-01 00:00:00.000000569,0.643745
1970-01-01 00:00:00.000000570,0.26353
1970-01-01 00:00:00.000000571,-0.159558
1970-01-01 00:00:00.000000572,-0.1154839999999999
1970-01-01 00:00:00.000000573,-0.095898
1970-01-01 00:00:00.000000574,-0.110143
1970-01-01 00:00:00.000000575,-0.172621
1970-01-01 00:00:00.000000576,-0.2262199999999999
1970-01-01 00:00:00.000000577,-0.105955
1970-01-01 00:00:00.000000578,0.188122
1970-01-01 00:00:00.000000579,0.099976
1970-01-01 00:00:00.000000580,-0.1312569999999999
1970-01-01 00:00:00.000000581,-0.285637
1970-01-01 00:00:00.000000582,-0.207192
1970-01-01 00:00:00.000000583,-0.0689029999999999
1970-01-01 00:00:00.000000584,-0.307051
1970-01-01 00:00:00.000000585,-0.281242
1970-01-01 00:00:00.000000586,0.21848
1970-01-01 00:00:00.000000587,0.179464
1970-01-01 00:00:00.000000588,0.094311
1970-01-01 00:00:00.000000589,-0.434044
1970-01-01 00:00:00.000000590,-0.1063119999999999
1970-01-01 00:00:00.000000591,0.244694
1970-01-01 00:00:00.000000592,0.865959
1970-01-01 00:00:00.000000593,1.3158219999999998
1970-01-01 00:00:00.000000594,1.197764
1970-01-01 00:00:00.000000595,0.5465439999999999
1970-01-01 00:00:00.000000596,0.288838
1970-01-01 00:00:00.000000597,0.109074
1970-01-01 00:00:00.000000598,-0.473442
1970-01-01 00:00:00.000000599,-0.10309
1970-01-01 00:00:00.000000600,-0.0728159999999999
1970-01-01 00:00:00.000000601,0.239889
1970-01-01 00:00:00.000000602,0.134979
1970-01-01 00:00:00.000000603,0.14701
1970-01-01 00:00:00.000000604,-0.086128
1970-01-01 00:00:00.000000605,-0.0530299999999999
1970-01-01 00:00:00.000000606,-0.046396
1970-01-01 00:00:00.000000607,-0.034925
1970-01-01 00:00:00.000000608,0.02671
1970-01-01 00:00:00.000000609,0.223805
1970-01-01 00:00:00.000000610,0.069682
1970-01-01 00:00:00.000000611,0.065893
1970-01-01 00:00:00.000000612,0.3569989999999999
1970-01-01 00:00:00.000000613,0.914881
1970-01-01 00:00:00.000000614,1.598534
1970-01-01 00:00:00.000000615,0.6410060000000001
1970-01-01 00:00:00.000000616,0.0066409999999999
1970-01-01 00:00:00.000000617,-0.028995
1970-01-01 00:00:00.000000618,-0.0535299999999999
1970-01-01 00:00:00.000000619,0.8859389999999999
1970-01-01 00:00:00.000000620,0.7904939999999999
1970-01-01 00:00:00.000000621,0.314176
1970-01-01 00:00:00.000000622,-0.174364
1970-01-01 00:00:00.000000623,-0.343995
1970-01-01 00:00:00.000000624,-0.1488519999999999
1970-01-01 00:00:00.000000625,-0.066189
1970-01-01 00:00:00.000000626,-0.093105
1970-01-01 00:00:00.000000627,-0.090826
1970-01-01 00:00:00.000000628,0.039086
1970-01-01 00:00:00.000000629,0.067445
1970-01-01 00:00:00.000000630,-0.081582
1970-01-01 00:00:00.000000631,-0.217495
1970-01-01 00:00:00.000000632,-0.3176989999999999
1970-01-01 00:00:00.000000633,-0.160985
1970-01-01 00:00:00.000000634,-0.199471
1970-01-01 00:00:00.000000635,-0.301206
1970-01-01 00:00:00.000000636,0.157942
1970-01-01 00:00:00.000000637,0.308558
1970-01-01 00:00:00.000000638,0.0031379999999999
1970-01-01 00:00:00.000000639,-0.486243
1970-01-01 00:00:00.000000640,-0.3588
1970-01-01 00:00:00.000000641,0.524505
1970-01-01 00:00:00.000000642,0.727305
1970-01-01 00:00:00.000000643,1.134325
1970-01-01 00:00:00.000000644,1.043771
1970-01-01 00:00:00.000000645,0.754676
1970-01-01 00:00:00.000000646,0.361235
1970-01-01 00:00:00.000000647,-0.143626
1970-01-01 00:00:00.000000648,-0.3602039999999999
1970-01-01 00:00:00.000000649,-0.4233699999999999
1970-01-01 00:00:00.000000650,0.109615
1970-01-01 00:00:00.000000651,0.234379
1970-01-01 00:00:00.000000652,0.260569
1970-01-01 00:00:00.000000653,0.005284
1970-01-01 00:00:00.000000654,-0.04496
1970-01-01 00:00:00.000000655,-0.046303
1970-01-01 00:00:00.000000656,0.00652
1970-01-01 00:00:00.000000657,0.039197
1970-01-01 00:00:00.000000658,0.0112459999999999
1970-01-01 00:00:00.000000659,0.436568
1970-01-01 00:00:00.000000660,-0.009019
1970-01-01 00:00:00.000000661,-0.261731
1970-01-01 00:00:00.000000662,-0.145901
1970-01-01 00:00:00.000000663,0.305461
1970-01-01 00:00:00.000000664,1.810188
1970-01-01 00:00:00.000000665,2.550451
1970-01-01 00:00:00.000000666,0.157693
1970-01-01 00:00:00.000000667,0.087487
1970-01-01 00:00:00.000000668,-0.00598
1970-01-01 00:00:00.000000669,0.271949
1970-01-01 00:00:00.000000670,0.796524
1970-01-01 00:00:00.000000671,0.874165
1970-01-01 00:00:00.000000672,0.225235
1970-01-01 00:00:00.000000673,-0.607634
1970-01-01 00:00:00.000000674,-0.534313
1970-01-01 00:00:00.000000675,-0.233181
1970-01-01 00:00:00.000000676,-0.019941
1970-01-01 00:00:00.000000677,0.027597
1970-01-01 00:00:00.000000678,0.093923
1970-01-01 00:00:00.000000679,0.278149
1970-01-01 00:00:00.000000680,-0.13162
1970-01-01 00:00:00.000000681,-0.285446
1970-01-01 00:00:00.000000682,-0.268312
1970-01-01 00:00:00.000000683,-0.151052
1970-01-01 00:00:00.000000684,-0.1963329999999999
1970-01-01 00:00:00.000000685,-0.280567
1970-01-01 00:00:00.000000686,0.159106
1970-01-01 00:00:00.000000687,0.19377
1970-01-01 00:00:00.000000688,-0.159764
1970-01-01 00:00:00.000000689,-0.2090469999999999
1970-01-01 00:00:00.000000690,-0.182744
1970-01-01 00:00:00.000000691,0.636271
1970-01-01 00:00:00.000000692,1.067482
1970-01-01 00:00:00.000000693,1.084366
1970-01-01 00:00:00.000000694,1.363794
1970-01-01 00:00:00.000000695,0.627313
1970-01-01 00:00:00.000000696,0.534449
1970-01-01 00:00:00.000000697,0.18488
1970-01-01 00:00:00.000000698,-0.502804
1970-01-01 00:00:00.000000699,-0.512616
1970-01-01 00:00:00.000000700,-0.1153759999999999
1970-01-01 00:00:00.000000701,0.261669
1970-01-01 00:00:00.000000702,0.238879
1970-01-01 00:00:00.000000703,-0.086939
1970-01-01 00:00:00.000000704,-0.095195
1970-01-01 00:00:00.000000705,-0.066309
1970-01-01 00:00:00.000000706,0.008019
1970-01-01 00:00:00.000000707,0.002073
1970-01-01 00:00:00.000000708,-0.048885
1970-01-01 00:00:00.000000709,0.194843
1970-01-01 00:00:00.000000710,0.061591
1970-01-01 00:00:00.000000711,-0.0463149999999999
1970-01-01 00:00:00.000000712,0.656289
1970-01-01 00:00:00.000000713,1.029815
1970-01-01 00:00:00.000000714,1.861461
1970-01-01 00:00:00.000000715,0.097852
1970-01-01 00:00:00.000000716,0.092523
1970-01-01 00:00:00.000000717,0.027836
1970-01-01 00:00:00.000000718,0.050602
1970-01-01 00:00:00.000000719,0.430075
1970-01-01 00:00:00.000000720,0.813183
1970-01-01 00:00:00.000000721,0.5576220000000001
1970-01-01 00:00:00.000000722,0.141801
1970-01-01 00:00:00.000000723,-0.441932
1970-01-01 00:00:00.000000724,-0.117532
1970-01-01 00:00:00.000000725,0.076015
1970-01-01 00:00:00.000000726,0.114031
1970-01-01 00:00:00.000000727,0.025098
1970-01-01 00:00:00.000000728,-0.093628
1970-01-01 00:00:00.000000729,-0.021233
1970-01-01 00:00:00.000000730,-0.09128
1970-01-01 00:00:00.000000731,-0.288659
1970-01-01 00:00:00.000000732,-0.24939
1970-01-01 00:00:00.000000733,-0.002811
1970-01-01 00:00:00.000000734,-0.145977
1970-01-01 00:00:00.000000735,-0.194293
1970-01-01 00:00:00.000000736,-0.1148589999999999
1970-01-01 00:00:00.000000737,0.069606
1970-01-01 00:00:00.000000738,0.027911
1970-01-01 00:00:00.000000739,-0.2379119999999999
1970-01-01 00:00:00.000000740,-0.044049
1970-01-01 00:00:00.000000741,0.304242
1970-01-01 00:00:00.000000742,0.825267
1970-01-01 00:00:00.000000743,1.152925
1970-01-01 00:00:00.000000744,1.387331
1970-01-01 00:00:00.000000745,1.05961
1970-01-01 00:00:00.000000746,0.4598649999999999
1970-01-01 00:00:00.000000747,0.048976
1970-01-01 00:00:00.000000748,-0.457588
1970-01-01 00:00:00.000000749,-0.3255349999999999
1970-01-01 00:00:00.000000750,-0.121144
1970-01-01 00:00:00.000000751,0.237528
1970-01-01 00:00:00.000000752,0.180313
1970-01-01 00:00:00.000000753,0.005728
1970-01-01 00:00:00.000000754,-0.030557
1970-01-01 00:00:00.000000755,-0.0600039999999999
1970-01-01 00:00:00.000000756,-0.0586659999999999
1970-01-01 00:00:00.000000757,-0.080286
1970-01-01 00:00:00.000000758,-0.1523769999999999
1970-01-01 00:00:00.000000759,0.199906
1970-01-01 00:00:00.000000760,0.122368
1970-01-01 00:00:00.000000761,0.065706
1970-01-01 00:00:00.000000762,-0.0490149999999999
1970-01-01 00:00:00.000000763,0.265727
1970-01-01 00:00:00.000000764,0.905437
1970-01-01 00:00:00.000000765,2.638457
1970-01-01 00:00:00.000000766,0.122924
1970-01-01 00:00:00.000000767,-0.344568
1970-01-01 00:00:00.000000768,-0.042311
1970-01-01 00:00:00.000000769,0.01737
1970-01-01 00:00:00.000000770,0.636614
1970-01-01 00:00:00.000000771,0.791622
1970-01-01 00:00:00.000000772,0.7691939999999999
1970-01-01 00:00:00.000000773,-0.365979
1970-01-01 00:00:00.000000774,-0.5171720000000001
1970-01-01 00:00:00.000000775,-0.201995
1970-01-01 00:00:00.000000776,-0.020789
1970-01-01 00:00:00.000000777,0.0018399999999999
1970-01-01 00:00:00.000000778,0.065565
1970-01-01 00:00:00.000000779,0.089099
1970-01-01 00:00:00.000000780,0.00959
1970-01-01 00:00:00.000000781,-0.229126
1970-01-01 00:00:00.000000782,-0.336883
1970-01-01 00:00:00.000000783,-0.329258
1970-01-01 00:00:00.000000784,-0.168641
1970-01-01 00:00:00.000000785,-0.1731059999999999
1970-01-01 00:00:00.000000786,-0.126543
1970-01-01 00:00:00.000000787,0.148324
1970-01-01 00:00:00.000000788,0.070379
1970-01-01 00:00:00.000000789,-0.112649
1970-01-01 00:00:00.000000790,-0.400238
1970-01-01 00:00:00.000000791,0.202534
1970-01-01 00:00:00.000000792,0.520277
1970-01-01 00:00:00.000000793,1.067023
1970-01-01 00:00:00.000000794,1.370578
1970-01-01 00:00:00.000000795,1.370448
1970-01-01 00:00:00.000000796,0.402984
1970-01-01 00:00:00.000000797,0.243594
1970-01-01 00:00:00.000000798,-0.057165
1970-01-01 00:00:00.000000799,-0.4448819999999999
1970-01-01 00:00:00.000000800,-0.301486
1970-01-01 00:00:00.000000801,0.065671
1970-01-01 00:00:00.000000802,0.1888
1970-01-01 00:00:00.000000803,0.0923809999999999
1970-01-01 00:00:00.000000804,-0.027807
1970-01-01 00:00:00.000000805,-0.023469
1970-01-01 00:00:00.000000806,0.01969
1970-01-01 00:00:00.000000807,0.024057
1970-01-01 00:00:00.000000808,-0.016189
1970-01-01 00:00:00.000000809,0.06292
1970-01-01 00:00:00.000000810,0.259896
1970-01-01 00:00:00.000000811,0.046754
1970-01-01 00:00:00.000000812,0.27858
1970-01-01 00:00:00.000000813,0.96605
1970-01-01 00:00:00.000000814,1.220566
1970-01-01 00:00:00.000000815,0.016359
1970-01-01 00:00:00.000000816,0.268049
1970-01-01 00:00:00.000000817,0.232485
1970-01-01 00:00:00.000000818,-0.035845
1970-01-01 00:00:00.000000819,0.353633
1970-01-01 00:00:00.000000820,0.7525970000000001
1970-01-01 00:00:00.000000821,0.282071
1970-01-01 00:00:00.000000822,0.140482
1970-01-01 00:00:00.000000823,-0.110068
1970-01-01 00:00:00.000000824,-0.114495
1970-01-01 00:00:00.000000825,-0.100171
1970-01-01 00:00:00.000000826,-0.092542
1970-01-01 00:00:00.000000827,-0.2412969999999999
1970-01-01 00:00:00.000000828,-0.270256
1970-01-01 00:00:00.000000829,-0.008993
1970-01-01 00:00:00.000000830,0.144031
1970-01-01 00:00:00.000000831,0.005785
1970-01-01 00:00:00.000000832,-0.25106
1970-01-01 00:00:00.000000833,-0.199331
1970-01-01 00:00:00.000000834,-0.173164
1970-01-01 00:00:00.000000835,-0.370839
1970-01-01 00:00:00.000000836,-0.156396
1970-01-01 00:00:00.000000837,0.160639
1970-01-01 00:00:00.000000838,-0.162675
1970-01-01 00:00:00.000000839,-0.232982
1970-01-01 00:00:00.000000840,-0.155712
1970-01-01 00:00:00.000000841,0.602427
1970-01-01 00:00:00.000000842,0.926551
1970-01-01 00:00:00.000000843,1.005328
1970-01-01 00:00:00.000000844,1.212066
1970-01-01 00:00:00.000000845,0.632815
1970-01-01 00:00:00.000000846,0.535358
1970-01-01 00:00:00.000000847,0.080347
1970-01-01 00:00:00.000000848,-0.5058739999999999
1970-01-01 00:00:00.000000849,-0.473571
1970-01-01 00:00:00.000000850,-0.010723
1970-01-01 00:00:00.000000851,0.19033
1970-01-01 00:00:00.000000852,0.262552
1970-01-01 00:00:00.000000853,0.081394
1970-01-01 00:00:00.000000854,0.003864
1970-01-01 00:00:00.000000855,-0.029467
1970-01-01 00:00:00.000000856,0.00314
1970-01-01 00:00:00.000000857,0.04116
1970-01-01 00:00:00.000000858,0.028308
1970-01-01 00:00:00.000000859,0.072448
1970-01-01 00:00:00.000000860,0.128975
1970-01-01 00:00:00.000000861,-0.032353
1970-01-01 00:00:00.000000862,0.222663
1970-01-01 00:00:00.000000863,1.05733
1970-01-01 00:00:00.000000864,1.521548
1970-01-01 00:00:00.000000865,0.0127879999999999
1970-01-01 00:00:00.000000866,0.135181
1970-01-01 00:00:00.000000867,-0.010326
1970-01-01 00:00:00.000000868,-0.146956
1970-01-01 00:00:00.000000869,0.454412
1970-01-01 00:00:00.000000870,0.780154
1970-01-01 00:00:00.000000871,0.566606
1970-01-01 00:00:00.000000872,0.136154
1970-01-01 00:00:00.000000873,-0.062983
1970-01-01 00:00:00.000000874,-0.162912
1970-01-01 00:00:00.000000875,0.048382
1970-01-01 00:00:00.000000876,0.060827
1970-01-01 00:00:00.000000877,0.025716
1970-01-01 00:00:00.000000878,-0.1894279999999999
1970-01-01 00:00:00.000000879,-0.172721
1970-01-01 00:00:00.000000880,0.096093
1970-01-01 00:00:00.000000881,-0.157935
1970-01-01 00:00:00.000000882,-0.33735
1970-01-01 00:00:00.000000883,-0.390455
1970-01-01 00:00:00.000000884,-0.235104
1970-01-01 00:00:00.000000885,-0.129777
1970-01-01 00:00:00.000000886,-0.0620659999999999
1970-01-01 00:00:00.000000887,0.0786159999999999
1970-01-01 00:00:00.000000888,0.130067
1970-01-01 00:00:00.000000889,-0.321341
1970-01-01 00:00:00.000000890,-0.3076
1970-01-01 00:00:00.000000891,-0.103597
1970-01-01 00:00:00.000000892,0.6956319999999999
1970-01-01 00:00:00.000000893,0.845794
1970-01-01 00:00:00.000000894,1.40059
1970-01-01 00:00:00.000000895,1.066217
1970-01-01 00:00:00.000000896,0.581448
1970-01-01 00:00:00.000000897,0.274624
1970-01-01 00:00:00.000000898,-0.141961
1970-01-01 00:00:00.000000899,-0.4742619999999999
1970-01-01 00:00:00.000000900,-0.131977
1970-01-01 00:00:00.000000901,0.143927
1970-01-01 00:00:00.000000902,0.177291
1970-01-01 00:00:00.000000903,0.1151789999999999
1970-01-01 00:00:00.000000904,0.005574
1970-01-01 00:00:00.000000905,-0.006336
1970-01-01 00:00:00.000000906,-0.007715
1970-01-01 00:00:00.000000907,-0.008085
1970-01-01 00:00:00.000000908,-0.062472
1970-01-01 00:00:00.000000909,-0.084477
1970-01-01 00:00:00.000000910,-0.0184949999999999
1970-01-01 00:00:00.000000911,-0.1250089999999999
1970-01-01 00:00:00.000000912,-0.112418
1970-01-01 00:00:00.000000913,0.749509
1970-01-01 00:00:00.000000914,1.923809
1970-01-01 00:00:00.000000915,1.933885
1970-01-01 00:00:00.000000916,-0.123347
1970-01-01 00:00:00.000000917,0.0571809999999999
1970-01-01 00:00:00.000000918,-0.026458
1970-01-01 00:00:00.000000919,0.111054
1970-01-01 00:00:00.000000920,0.8750829999999999
1970-01-01 00:00:00.000000921,0.695046
1970-01-01 00:00:00.000000922,0.2782949999999999
1970-01-01 00:00:00.000000923,-0.158668
1970-01-01 00:00:00.000000924,-0.2711409999999999
1970-01-01 00:00:00.000000925,-0.012061
1970-01-01 00:00:00.000000926,-0.0394259999999999
1970-01-01 00:00:00.000000927,-0.059558
1970-01-01 00:00:00.000000928,-0.049069
1970-01-01 00:00:00.000000929,-0.036974
1970-01-01 00:00:00.000000930,-0.026094
1970-01-01 00:00:00.000000931,-0.29988
1970-01-01 00:00:00.000000932,-0.34569
1970-01-01 00:00:00.000000933,-0.273523
1970-01-01 00:00:00.000000934,-0.073753
1970-01-01 00:00:00.000000935,-0.154283
1970-01-01 00:00:00.000000936,0.011336
1970-01-01 00:00:00.000000937,0.166524
1970-01-01 00:00:00.000000938,0.0256339999999999
1970-01-01 00:00:00.000000939,-0.292769
1970-01-01 00:00:00.000000940,-0.302153
1970-01-01 00:00:00.000000941,0.298638
1970-01-01 00:00:00.000000942,0.66664
1970-01-01 00:00:00.000000943,1.091702
1970-01-01 00:00:00.000000944,1.512958
1970-01-01 00:00:00.000000945,0.936587
1970-01-01 00:00:00.000000946,0.666666
1970-01-01 00:00:00.000000947,0.207628
1970-01-01 00:00:00.000000948,-0.390306
1970-01-01 00:00:00.000000949,-0.439934
1970-01-01 00:00:00.000000950,0.053134
1970-01-01 00:00:00.000000951,0.218519
1970-01-01 00:00:00.000000952,0.2117949999999999
1970-01-01 00:00:00.000000953,-0.079678
1970-01-01 00:00:00.000000954,-0.1315329999999999
1970-01-01 00:00:00.000000955,-0.135769
1970-01-01 00:00:00.000000956,-0.091181
1970-01-01 00:00:00.000000957,-0.045635
1970-01-01 00:00:00.000000958,0.039686
1970-01-01 00:00:00.000000959,0.5245920000000001
1970-01-01 00:00:00.000000960,0.1932579999999999
1970-01-01 00:00:00.000000961,-0.187615
1970-01-01 00:00:00.000000962,0.65992
1970-01-01 00:00:00.000000963,0.711929
1970-01-01 00:00:00.000000964,0.791505
1970-01-01 00:00:00.000000965,0.445189
1970-01-01 00:00:00.000000966,0.5150359999999999
1970-01-01 00:00:00.000000967,0.2285599999999999
1970-01-01 00:00:00.000000968,0.1142
1970-01-01 00:00:00.000000969,0.462016
1970-01-01 00:00:00.000000970,0.58055
1970-01-01 00:00:00.000000971,0.370467
1970-01-01 00:00:00.000000972,0.084575
1970-01-01 00:00:00.000000973,-0.111068
1970-01-01 00:00:00.000000974,-0.125173
1970-01-01 00:00:00.000000975,-0.118148
1970-01-01 00:00:00.000000976,-0.175192
1970-01-01 00:00:00.000000977,-0.286055
1970-01-01 00:00:00.000000978,-0.1371339999999999
1970-01-01 00:00:00.000000979,0.2494239999999999
1970-01-01 00:00:00.000000980,0.133752
1970-01-01 00:00:00.000000981,-0.238152
1970-01-01 00:00:00.000000982,-0.328928
1970-01-01 00:00:00.000000983,-0.1086819999999999
1970-01-01 00:00:00.000000984,-0.1223539999999999
1970-01-01 00:00:00.000000985,-0.455634
1970-01-01 00:00:00.000000986,-0.285049
1970-01-01 00:00:00.000000987,0.082976
1970-01-01 00:00:00.000000988,-0.22488
1970-01-01 00:00:00.000000989,-0.2407969999999999
1970-01-01 00:00:00.000000990,-0.164153
1970-01-01 00:00:00.000000991,0.63064
1970-01-01 00:00:00.000000992,1.067976
1970-01-01 00:00:00.000000993,1.172723
1970-01-01 00:00:00.000000994,0.818511
1970-01-01 00:00:00.000000995,0.54833
1970-01-01 00:00:00.000000996,0.424477
1970-01-01 00:00:00.000000997,-0.164548
1970-01-01 00:00:00.000000998,-0.52157
1970-01-01 00:00:00.000000999,-0.388022
1970-01-01 00:00:00.000001000,-0.1065849999999999
1970-01-01 00:00:00.000001001,0.296139
1970-01-01 00:00:00.000001002,0.337019
1970-01-01 00:00:00.000001003,0.153058
1970-01-01 00:00:00.000001004,-0.018919
1970-01-01 00:00:00.000001005,-0.02585
1970-01-01 00:00:00.000001006,0.034314
1970-01-01 00:00:00.000001007,0.039327
1970-01-01 00:00:00.000001008,0.080235
1970-01-01 00:00:00.000001009,0.357522
1970-01-01 00:00:00.000001010,0.104295
1970-01-01 00:00:00.000001011,-0.130262
1970-01-01 00:00:00.000001012,0.017634
1970-01-01 00:00:00.000001013,0.669658
1970-01-01 00:00:00.000001014,1.056126
1970-01-01 00:00:00.000001015,1.3695540000000002
1970-01-01 00:00:00.000001016,0.2902929999999999
1970-01-01 00:00:00.000001017,0.2490659999999999
1970-01-01 00:00:00.000001018,0.195707
1970-01-01 00:00:00.000001019,0.394317
1970-01-01 00:00:00.000001020,0.574971
1970-01-01 00:00:00.000001021,0.2161159999999999
1970-01-01 00:00:00.000001022,0.019242
1970-01-01 00:00:00.000001023,-0.321389
1970-01-01 00:00:00.000001024,-0.145505
1970-01-01 00:00:00.000001025,-0.09094
1970-01-01 00:00:00.000001026,0.0271959999999999
1970-01-01 00:00:00.000001027,-0.081204
1970-01-01 00:00:00.000001028,-0.093558
1970-01-01 00:00:00.000001029,0.121527
1970-01-01 00:00:00.000001030,-0.021562
1970-01-01 00:00:00.000001031,-0.19346
1970-01-01 00:00:00.000001032,-0.340958
1970-01-01 00:00:00.000001033,-0.179455
1970-01-01 00:00:00.000001034,-0.1806849999999999
1970-01-01 00:00:00.000001035,-0.406959
1970-01-01 00:00:00.000001036,-0.15486
1970-01-01 00:00:00.000001037,0.197155
1970-01-01 00:00:00.000001038,0.07047
1970-01-01 00:00:00.000001039,-0.319838
1970-01-01 00:00:00.000001040,-0.301757
1970-01-01 00:00:00.000001041,0.332492
1970-01-01 00:00:00.000001042,1.063687
1970-01-01 00:00:00.000001043,1.251247
1970-01-01 00:00:00.000001044,1.394344
1970-01-01 00:00:00.000001045,0.849663
1970-01-01 00:00:00.000001046,0.427266
1970-01-01 00:00:00.000001047,0.281548
1970-01-01 00:00:00.000001048,-0.524366
1970-01-01 00:00:00.000001049,-0.34179
1970-01-01 00:00:00.000001050,-0.146298
1970-01-01 00:00:00.000001051,0.182739
1970-01-01 00:00:00.000001052,0.160739
1970-01-01 00:00:00.000001053,0.048787
1970-01-01 00:00:00.000001054,-0.071339
1970-01-01 00:00:00.000001055,-0.0313279999999999
1970-01-01 00:00:00.000001056,-0.052358
1970-01-01 00:00:00.000001057,-0.026861
1970-01-01 00:00:00.000001058,0.233761
1970-01-01 00:00:00.000001059,0.566661
1970-01-01 00:00:00.000001060,0.032251
1970-01-01 00:00:00.000001061,-0.1578359999999999
1970-01-01 00:00:00.000001062,0.112969
1970-01-01 00:00:00.000001063,0.69838
1970-01-01 00:00:00.000001064,1.8637740000000005
1970-01-01 00:00:00.000001065,1.242769
1970-01-01 00:00:00.000001066,0.161347
1970-01-01 00:00:00.000001067,0.046306
1970-01-01 00:00:00.000001068,0.074034
1970-01-01 00:00:00.000001069,0.4102
1970-01-01 00:00:00.000001070,0.628285
1970-01-01 00:00:00.000001071,0.465184
1970-01-01 00:00:00.000001072,-0.1243349999999999
1970-01-01 00:00:00.000001073,-0.22494
1970-01-01 00:00:00.000001074,-0.17005
1970-01-01 00:00:00.000001075,-0.100937
1970-01-01 00:00:00.000001076,-0.023106
1970-01-01 00:00:00.000001077,-0.100224
1970-01-01 00:00:00.000001078,-0.15832
1970-01-01 00:00:00.000001079,0.140541
1970-01-01 00:00:00.000001080,-0.032681
1970-01-01 00:00:00.000001081,-0.232023
1970-01-01 00:00:00.000001082,-0.272736
1970-01-01 00:00:00.000001083,-0.1870609999999999
1970-01-01 00:00:00.000001084,-0.217794
1970-01-01 00:00:00.000001085,-0.274261
1970-01-01 00:00:00.000001086,0.0613299999999999
1970-01-01 00:00:00.000001087,0.234813
1970-01-01 00:00:00.000001088,0.040701
1970-01-01 00:00:00.000001089,-0.237109
1970-01-01 00:00:00.000001090,0.011013
1970-01-01 00:00:00.000001091,0.926672
1970-01-01 00:00:00.000001092,1.021795
1970-01-01 00:00:00.000001093,1.370631
1970-01-01 00:00:00.000001094,0.945621
1970-01-01 00:00:00.000001095,0.6954060000000001
1970-01-01 00:00:00.000001096,0.463864
1970-01-01 00:00:00.000001097,-0.267534
1970-01-01 00:00:00.000001098,-0.5139640000000001
1970-01-01 00:00:00.000001099,-0.439354
1970-01-01 00:00:00.000001100,0.109545
1970-01-01 00:00:00.000001101,0.255788
1970-01-01 00:00:00.000001102,0.250048
1970-01-01 00:00:00.000001103,-0.020095
1970-01-01 00:00:00.000001104,-0.048481
1970-01-01 00:00:00.000001105,-0.011963
1970-01-01 00:00:00.000001106,0.054758
1970-01-01 00:00:00.000001107,0.021935
1970-01-01 00:00:00.000001108,0.001357
1970-01-01 00:00:00.000001109,0.3489489999999999
1970-01-01 00:00:00.000001110,0.2712199999999999
1970-01-01 00:00:00.000001111,0.545044
1970-01-01 00:00:00.000001112,0.925795
1970-01-01 00:00:00.000001113,0.976643
1970-01-01 00:00:00.000001114,0.913911
1970-01-01 00:00:00.000001115,0.387468
1970-01-01 00:00:00.000001116,0.205232
1970-01-01 00:00:00.000001117,-0.004227
1970-01-01 00:00:00.000001118,-0.129885
1970-01-01 00:00:00.000001119,0.4483279999999999
1970-01-01 00:00:00.000001120,0.5014890000000001
1970-01-01 00:00:00.000001121,0.269669
1970-01-01 00:00:00.000001122,-0.0327779999999999
1970-01-01 00:00:00.000001123,-0.189798
1970-01-01 00:00:00.000001124,-0.081689
1970-01-01 00:00:00.000001125,0.057003
1970-01-01 00:00:00.000001126,0.028497
1970-01-01 00:00:00.000001127,-0.038867
1970-01-01 00:00:00.000001128,-0.08564
1970-01-01 00:00:00.000001129,0.09592
1970-01-01 00:00:00.000001130,0.026768
1970-01-01 00:00:00.000001131,-0.2105199999999999
1970-01-01 00:00:00.000001132,-0.2611949999999999
1970-01-01 00:00:00.000001133,-0.07468
1970-01-01 00:00:00.000001134,-0.139312
1970-01-01 00:00:00.000001135,-0.383189
1970-01-01 00:00:00.000001136,0.13548
1970-01-01 00:00:00.000001137,0.258452
1970-01-01 00:00:00.000001138,0.097133
1970-01-01 00:00:00.000001139,-0.324947
1970-01-01 00:00:00.000001140,-0.212678
1970-01-01 00:00:00.000001141,0.352225
1970-01-01 00:00:00.000001142,1.009906
1970-01-01 00:00:00.000001143,1.191592
1970-01-01 00:00:00.000001144,1.4760879999999998
1970-01-01 00:00:00.000001145,1.217298
1970-01-01 00:00:00.000001146,0.522659
1970-01-01 00:00:00.000001147,0.178696
1970-01-01 00:00:00.000001148,-0.455868
1970-01-01 00:00:00.000001149,-0.431911
1970-01-01 00:00:00.000001150,-0.099716
1970-01-01 00:00:00.000001151,0.288697
1970-01-01 00:00:00.000001152,0.290095
1970-01-01 00:00:00.000001153,0.118269
1970-01-01 00:00:00.000001154,-0.0413529999999999
1970-01-01 00:00:00.000001155,-0.049991
1970-01-01 00:00:00.000001156,-0.043226
1970-01-01 00:00:00.000001157,-0.038983
1970-01-01 00:00:00.000001158,-0.0560769999999999
1970-01-01 00:00:00.000001159,0.327751
1970-01-01 00:00:00.000001160,0.334211
1970-01-01 00:00:00.000001161,-0.016951
1970-01-01 00:00:00.000001162,0.727526
1970-01-01 00:00:00.000001163,1.122999
1970-01-01 00:00:00.000001164,1.624314
1970-01-01 00:00:00.000001165,0.168146
1970-01-01 00:00:00.000001166,0.3103309999999999
1970-01-01 00:00:00.000001167,-0.0720809999999999
1970-01-01 00:00:00.000001168,0.207351
1970-01-01 00:00:00.000001169,0.4960279999999999
1970-01-01 00:00:00.000001170,0.6733520000000001
1970-01-01 00:00:00.000001171,0.256474
1970-01-01 00:00:00.000001172,-0.095458
1970-01-01 00:00:00.000001173,-0.227929
1970-01-01 00:00:00.000001174,-0.056258
1970-01-01 00:00:00.000001175,0.027757
1970-01-01 00:00:00.000001176,0.074495
1970-01-01 00:00:00.000001177,0.013253
1970-01-01 00:00:00.000001178,-0.02521
1970-01-01 00:00:00.000001179,0.0259329999999999
1970-01-01 00:00:00.000001180,-0.006756
1970-01-01 00:00:00.000001181,-0.204716
1970-01-01 00:00:00.000001182,-0.251447
1970-01-01 00:00:00.000001183,-0.2324699999999999
1970-01-01 00:00:00.000001184,-0.1341369999999999
1970-01-01 00:00:00.000001185,-0.26161
1970-01-01 00:00:00.000001186,0.033962
1970-01-01 00:00:00.000001187,0.253029
1970-01-01 00:00:00.000001188,0.14081
1970-01-01 00:00:00.000001189,-0.239837
1970-01-01 00:00:00.000001190,-0.3130199999999999
1970-01-01 00:00:00.000001191,0.176838
1970-01-01 00:00:00.000001192,0.651513
1970-01-01 00:00:00.000001193,1.1275
1970-01-01 00:00:00.000001194,1.282145
1970-01-01 00:00:00.000001195,0.97089
1970-01-01 00:00:00.000001196,0.573017
1970-01-01 00:00:00.000001197,0.417418
1970-01-01 00:00:00.000001198,-0.046394
1970-01-01 00:00:00.000001199,-0.3594989999999999
1970-01-01 00:00:00.000001200,-0.231044
1970-01-01 00:00:00.000001201,0.2337389999999999
1970-01-01 00:00:00.000001202,0.297052
1970-01-01 00:00:00.000001203,0.108801
1970-01-01 00:00:00.000001204,0.022798
1970-01-01 00:00:00.000001205,0.028525
1970-01-01 00:00:00.000001206,0.091278
1970-01-01 00:00:00.000001207,0.039343
1970-01-01 00:00:00.000001208,-0.016103
1970-01-01 00:00:00.000001209,0.134357
1970-01-01 00:00:00.000001210,-0.031261
1970-01-01 00:00:00.000001211,-0.022632
1970-01-01 00:00:00.000001212,0.368501
1970-01-01 00:00:00.000001213,0.725234
1970-01-01 00:00:00.000001214,1.6414509999999998
1970-01-01 00:00:00.000001215,1.314901
1970-01-01 00:00:00.000001216,-0.2757679999999999
1970-01-01 00:00:00.000001217,-0.0545379999999999
1970-01-01 00:00:00.000001218,0.0264639999999999
1970-01-01 00:00:00.000001219,0.15361
1970-01-01 00:00:00.000001220,0.500725
1970-01-01 00:00:00.000001221,0.515713
1970-01-01 00:00:00.000001222,0.184429
1970-01-01 00:00:00.000001223,-0.324633
1970-01-01 00:00:00.000001224,-0.221854
1970-01-01 00:00:00.000001225,-0.0496519999999999
1970-01-01 00:00:00.000001226,0.053512
1970-01-01 00:00:00.000001227,0.041624
1970-01-01 00:00:00.000001228,0.036161
1970-01-01 00:00:00.000001229,0.049563
1970-01-01 00:00:00.000001230,-0.017069
1970-01-01 00:00:00.000001231,-0.166252
1970-01-01 00:00:00.000001232,-0.291429
1970-01-01 00:00:00.000001233,-0.311816
1970-01-01 00:00:00.000001234,-0.065956
1970-01-01 00:00:00.000001235,-0.171496
1970-01-01 00:00:00.000001236,-0.075769
1970-01-01 00:00:00.000001237,0.154646
1970-01-01 00:00:00.000001238,-0.045891
1970-01-01 00:00:00.000001239,-0.108648
1970-01-01 00:00:00.000001240,-0.06307
1970-01-01 00:00:00.000001241,0.5935229999999999
1970-01-01 00:00:00.000001242,0.758492
1970-01-01 00:00:00.000001243,0.95109
1970-01-01 00:00:00.000001244,1.168903
1970-01-01 00:00:00.000001245,0.823631
1970-01-01 00:00:00.000001246,0.413145
1970-01-01 00:00:00.000001247,0.216799
1970-01-01 00:00:00.000001248,-0.242875
1970-01-01 00:00:00.000001249,-0.387497
1970-01-01 00:00:00.000001250,-0.033355
1970-01-01 00:00:00.000001251,0.138538
1970-01-01 00:00:00.000001252,0.107415
1970-01-01 00:00:00.000001253,0.026277
1970-01-01 00:00:00.000001254,-0.015808
1970-01-01 00:00:00.000001255,-0.024638
1970-01-01 00:00:00.000001256,0.006768
1970-01-01 00:00:00.000001257,0.055635
1970-01-01 00:00:00.000001258,0.084031
1970-01-01 00:00:00.000001259,0.178298
1970-01-01 00:00:00.000001260,0.024427
1970-01-01 00:00:00.000001261,-0.108548
1970-01-01 00:00:00.000001262,0.499227
1970-01-01 00:00:00.000001263,1.037449
1970-01-01 00:00:00.000001264,1.53036
1970-01-01 00:00:00.000001265,0.089761
1970-01-01 00:00:00.000001266,0.323751
1970-01-01 00:00:00.000001267,0.046638
1970-01-01 00:00:00.000001268,0.208803
1970-01-01 00:00:00.000001269,0.451552
1970-01-01 00:00:00.000001270,0.781419
1970-01-01 00:00:00.000001271,0.319675
1970-01-01 00:00:00.000001272,0.140897
1970-01-01 00:00:00.000001273,-0.292741
1970-01-01 00:00:00.000001274,-0.19024
1970-01-01 00:00:00.000001275,-0.139374
1970-01-01 00:00:00.000001276,-0.078134
1970-01-01 00:00:00.000001277,-0.096002
1970-01-01 00:00:00.000001278,-0.014169
1970-01-01 00:00:00.000001279,0.250075
1970-01-01 00:00:00.000001280,-0.1136549999999999
1970-01-01 00:00:00.000001281,-0.196429
1970-01-01 00:00:00.000001282,-0.090562
1970-01-01 00:00:00.000001283,-0.142994
1970-01-01 00:00:00.000001284,-0.230489
1970-01-01 00:00:00.000001285,-0.4163449999999999
1970-01-01 00:00:00.000001286,0.239442
1970-01-01 00:00:00.000001287,0.341514
1970-01-01 00:00:00.000001288,-0.027324
1970-01-01 00:00:00.000001289,-0.240846
1970-01-01 00:00:00.000001290,0.060295
1970-01-01 00:00:00.000001291,0.7285510000000001
1970-01-01 00:00:00.000001292,0.861917
1970-01-01 00:00:00.000001293,1.025502
1970-01-01 00:00:00.000001294,1.326896
1970-01-01 00:00:00.000001295,0.70828
1970-01-01 00:00:00.000001296,0.64827
1970-01-01 00:00:00.000001297,0.036248
1970-01-01 00:00:00.000001298,-0.496456
1970-01-01 00:00:00.000001299,-0.525676
1970-01-01 00:00:00.000001300,-0.037073
1970-01-01 00:00:00.000001301,0.261401
1970-01-01 00:00:00.000001302,0.247942
1970-01-01 00:00:00.000001303,0.008646
1970-01-01 00:00:00.000001304,-0.038647
1970-01-01 00:00:00.000001305,-0.039713
1970-01-01 00:00:00.000001306,-0.035259
1970-01-01 00:00:00.000001307,-0.0501319999999999
1970-01-01 00:00:00.000001308,-0.017813
1970-01-01 00:00:00.000001309,0.234891
1970-01-01 00:00:00.000001310,0.059257
1970-01-01 00:00:00.000001311,-0.082915
1970-01-01 00:00:00.000001312,0.311769
1970-01-01 00:00:00.000001313,0.982937
1970-01-01 00:00:00.000001314,1.476882
1970-01-01 00:00:00.000001315,0.810786
1970-01-01 00:00:00.000001316,0.058662
1970-01-01 00:00:00.000001317,0.172151
1970-01-01 00:00:00.000001318,-0.009788
1970-01-01 00:00:00.000001319,0.195665
1970-01-01 00:00:00.000001320,0.6492399999999999
1970-01-01 00:00:00.000001321,0.6192449999999999
1970-01-01 00:00:00.000001322,0.383259
1970-01-01 00:00:00.000001323,-0.141792
1970-01-01 00:00:00.000001324,-0.3966969999999999
1970-01-01 00:00:00.000001325,-0.1228559999999999
1970-01-01 00:00:00.000001326,-0.082256
1970-01-01 00:00:00.000001327,-0.151383
1970-01-01 00:00:00.000001328,-0.023936
1970-01-01 00:00:00.000001329,0.227155
1970-01-01 00:00:00.000001330,0.225405
1970-01-01 00:00:00.000001331,-0.3735969999999999
1970-01-01 00:00:00.000001332,-0.444766
1970-01-01 00:00:00.000001333,-0.125082
1970-01-01 00:00:00.000001334,-0.148835
1970-01-01 00:00:00.000001335,-0.190075
1970-01-01 00:00:00.000001336,0.1824039999999999
1970-01-01 00:00:00.000001337,0.245923
1970-01-01 00:00:00.000001338,-0.09301
1970-01-01 00:00:00.000001339,-0.2265309999999999
1970-01-01 00:00:00.000001340,0.176791
1970-01-01 00:00:00.000001341,0.6678149999999999
1970-01-01 00:00:00.000001342,1.00636
1970-01-01 00:00:00.000001343,1.240194
1970-01-01 00:00:00.000001344,1.38999
1970-01-01 00:00:00.000001345,0.701652
1970-01-01 00:00:00.000001346,0.510594
1970-01-01 00:00:00.000001347,0.243284
1970-01-01 00:00:00.000001348,-0.545237
1970-01-01 00:00:00.000001349,-0.361002
1970-01-01 00:00:00.000001350,-0.197897
1970-01-01 00:00:00.000001351,0.233413
1970-01-01 00:00:00.000001352,0.185331
1970-01-01 00:00:00.000001353,0.097564
1970-01-01 00:00:00.000001354,-0.039104
1970-01-01 00:00:00.000001355,0.003792
1970-01-01 00:00:00.000001356,0.011737
1970-01-01 00:00:00.000001357,0.04515
1970-01-01 00:00:00.000001358,0.089308
1970-01-01 00:00:00.000001359,0.092056
1970-01-01 00:00:00.000001360,-0.049681
1970-01-01 00:00:00.000001361,0.3824909999999999
1970-01-01 00:00:00.000001362,0.783402
1970-01-01 00:00:00.000001363,1.1930379999999998
1970-01-01 00:00:00.000001364,1.089101
1970-01-01 00:00:00.000001365,0.1580619999999999
1970-01-01 00:00:00.000001366,0.4711689999999999
1970-01-01 00:00:00.000001367,0.04465
1970-01-01 00:00:00.000001368,0.132241
1970-01-01 00:00:00.000001369,0.679766
1970-01-01 00:00:00.000001370,0.4366279999999999
1970-01-01 00:00:00.000001371,0.217628
1970-01-01 00:00:00.000001372,-0.088571
1970-01-01 00:00:00.000001373,-0.1317819999999999
1970-01-01 00:00:00.000001374,-0.107401
1970-01-01 00:00:00.000001375,-0.036188
1970-01-01 00:00:00.000001376,-0.145993
1970-01-01 00:00:00.000001377,-0.094696
1970-01-01 00:00:00.000001378,0.268353
1970-01-01 00:00:00.000001379,0.24329
1970-01-01 00:00:00.000001380,-0.099474
1970-01-01 00:00:00.000001381,-0.256475
1970-01-01 00:00:00.000001382,-0.107622
1970-01-01 00:00:00.000001383,-0.061508
1970-01-01 00:00:00.000001384,-0.279165
1970-01-01 00:00:00.000001385,0.009629
1970-01-01 00:00:00.000001386,0.213914
1970-01-01 00:00:00.000001387,0.060167
1970-01-01 00:00:00.000001388,-0.305178
1970-01-01 00:00:00.000001389,-0.377268
1970-01-01 00:00:00.000001390,0.13465
1970-01-01 00:00:00.000001391,0.753836
1970-01-01 00:00:00.000001392,0.914655
1970-01-01 00:00:00.000001393,1.3999549999999998
1970-01-01 00:00:00.000001394,1.043187
1970-01-01 00:00:00.000001395,0.8045479999999999
1970-01-01 00:00:00.000001396,0.425558
1970-01-01 00:00:00.000001397,-0.016299
1970-01-01 00:00:00.000001398,-0.398804
1970-01-01 00:00:00.000001399,-0.2402909999999999
1970-01-01 00:00:00.000001400,0.134665
1970-01-01 00:00:00.000001401,0.237159
1970-01-01 00:00:00.000001402,0.109601
1970-01-01 00:00:00.000001403,-0.034871
1970-01-01 00:00:00.000001404,-0.029692
1970-01-01 00:00:00.000001405,0.026774
1970-01-01 00:00:00.000001406,0.055424
1970-01-01 00:00:00.000001407,0.014366
1970-01-01 00:00:00.000001408,0.135839
1970-01-01 00:00:00.000001409,0.293077
1970-01-01 00:00:00.000001410,0.130101
1970-01-01 00:00:00.000001411,0.456057
1970-01-01 00:00:00.000001412,1.306102
1970-01-01 00:00:00.000001413,0.861474
1970-01-01 00:00:00.000001414,0.085861
1970-01-01 00:00:00.000001415,0.485881
1970-01-01 00:00:00.000001416,0.304326
1970-01-01 00:00:00.000001417,0.032672
1970-01-01 00:00:00.000001418,0.637938
1970-01-01 00:00:00.000001419,0.589721
1970-01-01 00:00:00.000001420,0.085913
1970-01-01 00:00:00.000001421,-0.088462
1970-01-01 00:00:00.000001422,-0.065828
1970-01-01 00:00:00.000001423,0.076503
1970-01-01 00:00:00.000001424,0.030087
1970-01-01 00:00:00.000001425,-0.015571
1970-01-01 00:00:00.000001426,-0.17679
1970-01-01 00:00:00.000001427,-0.242175
1970-01-01 00:00:00.000001428,-0.067243
1970-01-01 00:00:00.000001429,0.242102
1970-01-01 00:00:00.000001430,0.141657
1970-01-01 00:00:00.000001431,-0.127557
1970-01-01 00:00:00.000001432,-0.2054409999999999
1970-01-01 00:00:00.000001433,-0.214963
1970-01-01 00:00:00.000001434,-0.37488
1970-01-01 00:00:00.000001435,-0.098718
1970-01-01 00:00:00.000001436,0.369683
1970-01-01 00:00:00.000001437,0.240458
1970-01-01 00:00:00.000001438,-0.13972
1970-01-01 00:00:00.000001439,-0.365333
1970-01-01 00:00:00.000001440,-0.004922
1970-01-01 00:00:00.000001441,0.540419
1970-01-01 00:00:00.000001442,0.8420549999999999
1970-01-01 00:00:00.000001443,1.250828
1970-01-01 00:00:00.000001444,1.456209
1970-01-01 00:00:00.000001445,0.650709
1970-01-01 00:00:00.000001446,0.496666
1970-01-01 00:00:00.000001447,0.148168
1970-01-01 00:00:00.000001448,-0.463326
1970-01-01 00:00:00.000001449,-0.403323
1970-01-01 00:00:00.000001450,-0.083737
1970-01-01 00:00:00.000001451,0.151579
1970-01-01 00:00:00.000001452,0.187519
1970-01-01 00:00:00.000001453,0.018461
1970-01-01 00:00:00.000001454,-0.076014
1970-01-01 00:00:00.000001455,-0.041075
1970-01-01 00:00:00.000001456,0.010518
1970-01-01 00:00:00.000001457,-0.039387
1970-01-01 00:00:00.000001458,0.005767
1970-01-01 00:00:00.000001459,0.215107
1970-01-01 00:00:00.000001460,0.2096449999999999
1970-01-01 00:00:00.000001461,0.2369389999999999
1970-01-01 00:00:00.000001462,1.001678
1970-01-01 00:00:00.000001463,1.220044
1970-01-01 00:00:00.000001464,0.512458
1970-01-01 00:00:00.000001465,0.465013
1970-01-01 00:00:00.000001466,0.462559
1970-01-01 00:00:00.000001467,-0.064355
1970-01-01 00:00:00.000001468,0.665431
1970-01-01 00:00:00.000001469,0.688268
1970-01-01 00:00:00.000001470,0.407344
1970-01-01 00:00:00.000001471,-0.018661
1970-01-01 00:00:00.000001472,-0.038225
1970-01-01 00:00:00.000001473,0.003634
1970-01-01 00:00:00.000001474,-0.0285339999999999
1970-01-01 00:00:00.000001475,-0.0332649999999999
1970-01-01 00:00:00.000001476,-0.145956
1970-01-01 00:00:00.000001477,-0.120576
1970-01-01 00:00:00.000001478,0.1133329999999999
1970-01-01 00:00:00.000001479,0.012022
1970-01-01 00:00:00.000001480,-0.216978
1970-01-01 00:00:00.000001481,-0.243529
1970-01-01 00:00:00.000001482,-0.141521
1970-01-01 00:00:00.000001483,-0.100463
1970-01-01 00:00:00.000001484,-0.300335
1970-01-01 00:00:00.000001485,-0.167481
1970-01-01 00:00:00.000001486,0.228514
1970-01-01 00:00:00.000001487,0.220377
1970-01-01 00:00:00.000001488,-0.253477
1970-01-01 00:00:00.000001489,-0.37169
1970-01-01 00:00:00.000001490,0.129594
1970-01-01 00:00:00.000001491,0.646648
1970-01-01 00:00:00.000001492,0.970757
1970-01-01 00:00:00.000001493,1.42462
1970-01-01 00:00:00.000001494,1.09043
1970-01-01 00:00:00.000001495,0.738708
1970-01-01 00:00:00.000001496,0.384763
1970-01-01 00:00:00.000001497,-0.222657
1970-01-01 00:00:00.000001498,-0.523668
1970-01-01 00:00:00.000001499,-0.293495
1970-01-01 00:00:00.000001500,0.116694
1970-01-01 00:00:00.000001501,0.280927
1970-01-01 00:00:00.000001502,-0.01069
1970-01-01 00:00:00.000001503,-0.073171
1970-01-01 00:00:00.000001504,-0.06425
1970-01-01 00:00:00.000001505,-0.0280389999999999
1970-01-01 00:00:00.000001506,-0.037049
1970-01-01 00:00:00.000001507,0.08488
1970-01-01 00:00:00.000001508,0.36208
1970-01-01 00:00:00.000001509,0.427335
1970-01-01 00:00:00.000001510,-0.251289
1970-01-01 00:00:00.000001511,-0.086132
1970-01-01 00:00:00.000001512,0.292432
1970-01-01 00:00:00.000001513,2.024622
1970-01-01 00:00:00.000001514,2.052966
1970-01-01 00:00:00.000001515,0.052275
1970-01-01 00:00:00.000001516,0.162961
1970-01-01 00:00:00.000001517,0.120891
1970-01-01 00:00:00.000001518,0.167184
1970-01-01 00:00:00.000001519,0.7315649999999999
1970-01-01 00:00:00.000001520,0.720534
1970-01-01 00:00:00.000001521,0.370293
1970-01-01 00:00:00.000001522,-0.510195
1970-01-01 00:00:00.000001523,-0.370898
1970-01-01 00:00:00.000001524,-0.217077
1970-01-01 00:00:00.000001525,0.018462
1970-01-01 00:00:00.000001526,0.020461
1970-01-01 00:00:00.000001527,0.1275599999999999
1970-01-01 00:00:00.000001528,0.27459
1970-01-01 00:00:00.000001529,-0.180491
1970-01-01 00:00:00.000001530,-0.323161
1970-01-01 00:00:00.000001531,-0.376785
1970-01-01 00:00:00.000001532,-0.09635
1970-01-01 00:00:00.000001533,-0.063782
1970-01-01 00:00:00.000001534,-0.170835
1970-01-01 00:00:00.000001535,0.071257
1970-01-01 00:00:00.000001536,0.2175239999999999
1970-01-01 00:00:00.000001537,-0.016927
1970-01-01 00:00:00.000001538,-0.365622
1970-01-01 00:00:00.000001539,-0.214425
1970-01-01 00:00:00.000001540,0.434675
1970-01-01 00:00:00.000001541,0.8535719999999999
1970-01-01 00:00:00.000001542,1.255024
1970-01-01 00:00:00.000001543,1.442723
1970-01-01 00:00:00.000001544,0.808132
1970-01-01 00:00:00.000001545,0.580431
1970-01-01 00:00:00.000001546,0.243402
1970-01-01 00:00:00.000001547,-0.42451
1970-01-01 00:00:00.000001548,-0.4134229999999999
1970-01-01 00:00:00.000001549,-0.102775
1970-01-01 00:00:00.000001550,0.233436
1970-01-01 00:00:00.000001551,0.228237
1970-01-01 00:00:00.000001552,0.054027
1970-01-01 00:00:00.000001553,-0.016861
1970-01-01 00:00:00.000001554,-0.027624
1970-01-01 00:00:00.000001555,-0.030712
1970-01-01 00:00:00.000001556,-0.073615
1970-01-01 00:00:00.000001557,0.111975
1970-01-01 00:00:00.000001558,0.1700009999999999
1970-01-01 00:00:00.000001559,0.02472
1970-01-01 00:00:00.000001560,0.037225
1970-01-01 00:00:00.000001561,0.867917
1970-01-01 00:00:00.000001562,0.919
1970-01-01 00:00:00.000001563,1.479583
1970-01-01 00:00:00.000001564,0.410567
1970-01-01 00:00:00.000001565,0.475554
1970-01-01 00:00:00.000001566,0.103548
1970-01-01 00:00:00.000001567,0.138376
1970-01-01 00:00:00.000001568,0.564887
1970-01-01 00:00:00.000001569,0.599209
1970-01-01 00:00:00.000001570,0.115254
1970-01-01 00:00:00.000001571,-0.131263
1970-01-01 00:00:00.000001572,-0.2548559999999999
1970-01-01 00:00:00.000001573,-0.132373
1970-01-01 00:00:00.000001574,-0.051348
1970-01-01 00:00:00.000001575,-0.062785
1970-01-01 00:00:00.000001576,-0.075063
1970-01-01 00:00:00.000001577,0.134628
1970-01-01 00:00:00.000001578,0.132191
1970-01-01 00:00:00.000001579,-0.163303
1970-01-01 00:00:00.000001580,-0.325776
1970-01-01 00:00:00.000001581,-0.244305
1970-01-01 00:00:00.000001582,-0.103849
1970-01-01 00:00:00.000001583,-0.171951
1970-01-01 00:00:00.000001584,-0.1655029999999999
1970-01-01 00:00:00.000001585,0.161939
1970-01-01 00:00:00.000001586,0.281634
1970-01-01 00:00:00.000001587,0.029049
1970-01-01 00:00:00.000001588,-0.252859
1970-01-01 00:00:00.000001589,0.047783
1970-01-01 00:00:00.000001590,0.5359470000000001
1970-01-01 00:00:00.000001591,0.811476
1970-01-01 00:00:00.000001592,1.1636030000000002
1970-01-01 00:00:00.000001593,1.412975
1970-01-01 00:00:00.000001594,0.780083
1970-01-01 00:00:00.000001595,0.611211
1970-01-01 00:00:00.000001596,0.083913
1970-01-01 00:00:00.000001597,-0.385491
1970-01-01 00:00:00.000001598,-0.463631
1970-01-01 00:00:00.000001599,0.069082
1970-01-01 00:00:00.000001600,0.314681
1970-01-01 00:00:00.000001601,0.243148
1970-01-01 00:00:00.000001602,-0.00224
1970-01-01 00:00:00.000001603,-0.057779
1970-01-01 00:00:00.000001604,-0.071664
1970-01-01 00:00:00.000001605,-0.016775
1970-01-01 00:00:00.000001606,-0.007108
1970-01-01 00:00:00.000001607,0.058075
1970-01-01 00:00:00.000001608,0.240569
1970-01-01 00:00:00.000001609,0.009703
1970-01-01 00:00:00.000001610,0.202012
1970-01-01 00:00:00.000001611,0.651175
1970-01-01 00:00:00.000001612,1.059772
1970-01-01 00:00:00.000001613,0.158486
1970-01-01 00:00:00.000001614,0.213515
1970-01-01 00:00:00.000001615,0.409942
1970-01-01 00:00:00.000001616,-0.047787
1970-01-01 00:00:00.000001617,0.2465989999999999
1970-01-01 00:00:00.000001618,0.7486079999999999
1970-01-01 00:00:00.000001619,0.356909
1970-01-01 00:00:00.000001620,0.165849
1970-01-01 00:00:00.000001621,-0.096722
1970-01-01 00:00:00.000001622,-0.1138839999999999
1970-01-01 00:00:00.000001623,-0.164436
1970-01-01 00:00:00.000001624,-0.133421
1970-01-01 00:00:00.000001625,-0.089251
1970-01-01 00:00:00.000001626,-0.1234099999999999
1970-01-01 00:00:00.000001627,-0.0289149999999999
1970-01-01 00:00:00.000001628,0.213811
1970-01-01 00:00:00.000001629,0.193122
1970-01-01 00:00:00.000001630,-0.1703329999999999
1970-01-01 00:00:00.000001631,-0.338017
1970-01-01 00:00:00.000001632,-0.317676
1970-01-01 00:00:00.000001633,-0.2892889999999999
1970-01-01 00:00:00.000001634,-0.3936699999999999
1970-01-01 00:00:00.000001635,0.026693
1970-01-01 00:00:00.000001636,0.276382
1970-01-01 00:00:00.000001637,-0.17115
1970-01-01 00:00:00.000001638,-0.327716
1970-01-01 00:00:00.000001639,-0.398565
1970-01-01 00:00:00.000001640,0.208363
1970-01-01 00:00:00.000001641,0.701419
1970-01-01 00:00:00.000001642,1.394982
1970-01-01 00:00:00.000001643,1.235759
1970-01-01 00:00:00.000001644,0.738266
1970-01-01 00:00:00.000001645,0.504907
1970-01-01 00:00:00.000001646,0.274815
1970-01-01 00:00:00.000001647,-0.501202
1970-01-01 00:00:00.000001648,-0.2457099999999999
1970-01-01 00:00:00.000001649,0.110339
1970-01-01 00:00:00.000001650,0.252855
1970-01-01 00:00:00.000001651,0.213903
1970-01-01 00:00:00.000001652,0.0959309999999999
1970-01-01 00:00:00.000001653,-0.0322519999999999
1970-01-01 00:00:00.000001654,0.092821
1970-01-01 00:00:00.000001655,0.00214
1970-01-01 00:00:00.000001656,0.003252
1970-01-01 00:00:00.000001657,0.355548
1970-01-01 00:00:00.000001658,0.064837
1970-01-01 00:00:00.000001659,0.040142
1970-01-01 00:00:00.000001660,0.807475
1970-01-01 00:00:00.000001661,1.082324
1970-01-01 00:00:00.000001662,0.458342
1970-01-01 00:00:00.000001663,0.542075
1970-01-01 00:00:00.000001664,0.7965949999999999
1970-01-01 00:00:00.000001665,-0.051066
1970-01-01 00:00:00.000001666,0.20968
1970-01-01 00:00:00.000001667,0.458308
1970-01-01 00:00:00.000001668,0.286495
1970-01-01 00:00:00.000001669,-0.038564
1970-01-01 00:00:00.000001670,-0.072701
1970-01-01 00:00:00.000001671,0.106368
1970-01-01 00:00:00.000001672,0.031775
1970-01-01 00:00:00.000001673,0.0264029999999999
1970-01-01 00:00:00.000001674,-0.029894
1970-01-01 00:00:00.000001675,-0.145695
1970-01-01 00:00:00.000001676,-0.000305
1970-01-01 00:00:00.000001677,0.146941
1970-01-01 00:00:00.000001678,0.264718
1970-01-01 00:00:00.000001679,-0.085257
1970-01-01 00:00:00.000001680,-0.38538
1970-01-01 00:00:00.000001681,-0.401706
1970-01-01 00:00:00.000001682,-0.266117
1970-01-01 00:00:00.000001683,-0.341388
1970-01-01 00:00:00.000001684,-0.249414
1970-01-01 00:00:00.000001685,0.245783
1970-01-01 00:00:00.000001686,0.0595429999999999
1970-01-01 00:00:00.000001687,-0.095782
1970-01-01 00:00:00.000001688,-0.177997
1970-01-01 00:00:00.000001689,0.468705
1970-01-01 00:00:00.000001690,0.755996
1970-01-01 00:00:00.000001691,1.286441
1970-01-01 00:00:00.000001692,1.58454
1970-01-01 00:00:00.000001693,0.871798
1970-01-01 00:00:00.000001694,0.55027
1970-01-01 00:00:00.000001695,0.22029
1970-01-01 00:00:00.000001696,-0.5141560000000001
1970-01-01 00:00:00.000001697,-0.339838
1970-01-01 00:00:00.000001698,0.024873
1970-01-01 00:00:00.000001699,0.233452
1970-01-01 00:00:00.000001700,0.166961
1970-01-01 00:00:00.000001701,-0.007816
1970-01-01 00:00:00.000001702,-0.009011
1970-01-01 00:00:00.000001703,-0.043278
1970-01-01 00:00:00.000001704,-0.066679
1970-01-01 00:00:00.000001705,-0.102271
1970-01-01 00:00:00.000001706,0.071214
1970-01-01 00:00:00.000001707,0.191985
1970-01-01 00:00:00.000001708,0.188868
1970-01-01 00:00:00.000001709,0.125586
1970-01-01 00:00:00.000001710,0.8859459999999999
1970-01-01 00:00:00.000001711,1.103367
1970-01-01 00:00:00.000001712,1.156867
1970-01-01 00:00:00.000001713,0.23754
1970-01-01 00:00:00.000001714,0.4519899999999999
1970-01-01 00:00:00.000001715,-0.080896
1970-01-01 00:00:00.000001716,0.030388
1970-01-01 00:00:00.000001717,0.650392
1970-01-01 00:00:00.000001718,0.5955729999999999
1970-01-01 00:00:00.000001719,0.10722
1970-01-01 00:00:00.000001720,0.081537
1970-01-01 00:00:00.000001721,-0.058452
1970-01-01 00:00:00.000001722,-0.020025
1970-01-01 00:00:00.000001723,-0.0636169999999999
1970-01-01 00:00:00.000001724,-0.051074
1970-01-01 00:00:00.000001725,-0.174335
1970-01-01 00:00:00.000001726,-0.090155
1970-01-01 00:00:00.000001727,0.176887
1970-01-01 00:00:00.000001728,0.115645
1970-01-01 00:00:00.000001729,-0.046618
1970-01-01 00:00:00.000001730,-0.28253
1970-01-01 00:00:00.000001731,-0.148694
1970-01-01 00:00:00.000001732,-0.086676
1970-01-01 00:00:00.000001733,-0.147739
1970-01-01 00:00:00.000001734,0.07385
1970-01-01 00:00:00.000001735,0.201053
1970-01-01 00:00:00.000001736,0.074851
1970-01-01 00:00:00.000001737,-0.244704
1970-01-01 00:00:00.000001738,-0.30476
1970-01-01 00:00:00.000001739,0.3114
1970-01-01 00:00:00.000001740,0.879232
1970-01-01 00:00:00.000001741,1.293776
1970-01-01 00:00:00.000001742,1.434667
1970-01-01 00:00:00.000001743,0.941834
1970-01-01 00:00:00.000001744,0.484454
1970-01-01 00:00:00.000001745,0.2268
1970-01-01 00:00:00.000001746,-0.420492
1970-01-01 00:00:00.000001747,-0.212806
1970-01-01 00:00:00.000001748,0.077167
1970-01-01 00:00:00.000001749,0.176582
1970-01-01 00:00:00.000001750,0.0283399999999999
1970-01-01 00:00:00.000001751,-0.047487
1970-01-01 00:00:00.000001752,-0.037385
1970-01-01 00:00:00.000001753,-0.0009
1970-01-01 00:00:00.000001754,-0.016953
1970-01-01 00:00:00.000001755,-0.0582179999999999
1970-01-01 00:00:00.000001756,-0.081109
1970-01-01 00:00:00.000001757,0.083797
1970-01-01 00:00:00.000001758,0.336555
1970-01-01 00:00:00.000001759,0.303565
1970-01-01 00:00:00.000001760,1.216142
1970-01-01 00:00:00.000001761,0.761325
1970-01-01 00:00:00.000001762,0.8449969999999999
1970-01-01 00:00:00.000001763,0.6478079999999999
1970-01-01 00:00:00.000001764,0.024079
1970-01-01 00:00:00.000001765,-0.041381
1970-01-01 00:00:00.000001766,0.063942
1970-01-01 00:00:00.000001767,0.175053
1970-01-01 00:00:00.000001768,0.164193
1970-01-01 00:00:00.000001769,0.1924809999999999
1970-01-01 00:00:00.000001770,0.154864
1970-01-01 00:00:00.000001771,0.024939
1970-01-01 00:00:00.000001772,-0.095338
1970-01-01 00:00:00.000001773,-0.127514
1970-01-01 00:00:00.000001774,-0.219894
1970-01-01 00:00:00.000001775,-0.194384
1970-01-01 00:00:00.000001776,0.045807
1970-01-01 00:00:00.000001777,0.28613
1970-01-01 00:00:00.000001778,-0.138803
1970-01-01 00:00:00.000001779,-0.156172
1970-01-01 00:00:00.000001780,-0.373601
1970-01-01 00:00:00.000001781,-0.235844
1970-01-01 00:00:00.000001782,-0.237183
1970-01-01 00:00:00.000001783,-0.2353449999999999
1970-01-01 00:00:00.000001784,0.217421
1970-01-01 00:00:00.000001785,0.342826
1970-01-01 00:00:00.000001786,0.0943529999999999
1970-01-01 00:00:00.000001787,-0.434237
1970-01-01 00:00:00.000001788,-0.420782
1970-01-01 00:00:00.000001789,0.201564
1970-01-01 00:00:00.000001790,0.6246970000000001
1970-01-01 00:00:00.000001791,1.024562
1970-01-01 00:00:00.000001792,1.393467
1970-01-01 00:00:00.000001793,0.94453
1970-01-01 00:00:00.000001794,0.651458
1970-01-01 00:00:00.000001795,-0.058961
1970-01-01 00:00:00.000001796,-0.388525
1970-01-01 00:00:00.000001797,-0.441696
1970-01-01 00:00:00.000001798,0.0143889999999999
1970-01-01 00:00:00.000001799,0.15056
1970-01-01 00:00:00.000001800,0.198746
1970-01-01 00:00:00.000001801,0.0387879999999999
1970-01-01 00:00:00.000001802,0.026677
1970-01-01 00:00:00.000001803,0.018407
1970-01-01 00:00:00.000001804,0.074419
1970-01-01 00:00:00.000001805,0.087438
1970-01-01 00:00:00.000001806,0.197645
1970-01-01 00:00:00.000001807,0.075375
1970-01-01 00:00:00.000001808,-0.290716
1970-01-01 00:00:00.000001809,-0.267476
1970-01-01 00:00:00.000001810,0.481309
1970-01-01 00:00:00.000001811,0.810995
1970-01-01 00:00:00.000001812,1.186805
1970-01-01 00:00:00.000001813,0.656469
1970-01-01 00:00:00.000001814,0.5019710000000001
1970-01-01 00:00:00.000001815,0.07651
1970-01-01 00:00:00.000001816,0.077637
1970-01-01 00:00:00.000001817,0.4994439999999999
1970-01-01 00:00:00.000001818,0.7821170000000001
1970-01-01 00:00:00.000001819,0.2116739999999999
1970-01-01 00:00:00.000001820,-0.175379
1970-01-01 00:00:00.000001821,-0.242719
1970-01-01 00:00:00.000001822,-0.16239
1970-01-01 00:00:00.000001823,-0.083497
1970-01-01 00:00:00.000001824,-0.085427
1970-01-01 00:00:00.000001825,-0.132151
1970-01-01 00:00:00.000001826,-0.041009
1970-01-01 00:00:00.000001827,0.137215
1970-01-01 00:00:00.000001828,0.237878
1970-01-01 00:00:00.000001829,-0.100823
1970-01-01 00:00:00.000001830,-0.430735
1970-01-01 00:00:00.000001831,-0.32795
1970-01-01 00:00:00.000001832,0.034977
1970-01-01 00:00:00.000001833,-0.100603
1970-01-01 00:00:00.000001834,-0.077139
1970-01-01 00:00:00.000001835,0.2240079999999999
1970-01-01 00:00:00.000001836,0.225255
1970-01-01 00:00:00.000001837,-0.089239
1970-01-01 00:00:00.000001838,-0.221047
1970-01-01 00:00:00.000001839,0.092066
1970-01-01 00:00:00.000001840,0.7844949999999999
1970-01-01 00:00:00.000001841,0.900932
1970-01-01 00:00:00.000001842,1.340488
1970-01-01 00:00:00.000001843,0.8869389999999999
1970-01-01 00:00:00.000001844,0.651412
1970-01-01 00:00:00.000001845,0.334518
1970-01-01 00:00:00.000001846,-0.290644
1970-01-01 00:00:00.000001847,-0.482658
1970-01-01 00:00:00.000001848,-0.2384949999999999
1970-01-01 00:00:00.000001849,0.13888
1970-01-01 00:00:00.000001850,0.245569
1970-01-01 00:00:00.000001851,0.091339
1970-01-01 00:00:00.000001852,0.010237
1970-01-01 00:00:00.000001853,-0.013992
1970-01-01 00:00:00.000001854,0.06496
1970-01-01 00:00:00.000001855,0.139168
1970-01-01 00:00:00.000001856,0.128302
1970-01-01 00:00:00.000001857,0.067883
1970-01-01 00:00:00.000001858,0.028813
1970-01-01 00:00:00.000001859,-0.001837
1970-01-01 00:00:00.000001860,0.146163
1970-01-01 00:00:00.000001861,1.125533
1970-01-01 00:00:00.000001862,1.164457
1970-01-01 00:00:00.000001863,0.974566
1970-01-01 00:00:00.000001864,0.221606
1970-01-01 00:00:00.000001865,0.454172
1970-01-01 00:00:00.000001866,-0.0525669999999999
1970-01-01 00:00:00.000001867,-0.100359
1970-01-01 00:00:00.000001868,0.8284379999999999
1970-01-01 00:00:00.000001869,0.77735
1970-01-01 00:00:00.000001870,0.105592
1970-01-01 00:00:00.000001871,-0.02632
1970-01-01 00:00:00.000001872,-0.0323209999999999
1970-01-01 00:00:00.000001873,-0.008199
1970-01-01 00:00:00.000001874,-0.183989
1970-01-01 00:00:00.000001875,-0.205409
1970-01-01 00:00:00.000001876,-0.303982
1970-01-01 00:00:00.000001877,0.056345
1970-01-01 00:00:00.000001878,0.197198
1970-01-01 00:00:00.000001879,0.43096
1970-01-01 00:00:00.000001880,0.107629
1970-01-01 00:00:00.000001881,-0.266997
1970-01-01 00:00:00.000001882,-0.344177
1970-01-01 00:00:00.000001883,-0.175613
1970-01-01 00:00:00.000001884,-0.137258
1970-01-01 00:00:00.000001885,0.182704
1970-01-01 00:00:00.000001886,0.241058
1970-01-01 00:00:00.000001887,0.147108
1970-01-01 00:00:00.000001888,-0.228263
1970-01-01 00:00:00.000001889,-0.107778
1970-01-01 00:00:00.000001890,0.436141
1970-01-01 00:00:00.000001891,0.919838
1970-01-01 00:00:00.000001892,1.006512
1970-01-01 00:00:00.000001893,1.273328
1970-01-01 00:00:00.000001894,0.7325050000000001
1970-01-01 00:00:00.000001895,0.597912
1970-01-01 00:00:00.000001896,0.004743
1970-01-01 00:00:00.000001897,-0.532888
1970-01-01 00:00:00.000001898,-0.485863
1970-01-01 00:00:00.000001899,-0.128901
1970-01-01 00:00:00.000001900,0.174546
1970-01-01 00:00:00.000001901,0.213477
1970-01-01 00:00:00.000001902,0.035521
1970-01-01 00:00:00.000001903,-0.054537
1970-01-01 00:00:00.000001904,-0.0391339999999999
1970-01-01 00:00:00.000001905,-0.013364
1970-01-01 00:00:00.000001906,0.032935
1970-01-01 00:00:00.000001907,-0.086069
1970-01-01 00:00:00.000001908,-0.025712
1970-01-01 00:00:00.000001909,0.024385
1970-01-01 00:00:00.000001910,0.153547
1970-01-01 00:00:00.000001911,0.47903
1970-01-01 00:00:00.000001912,1.009837
1970-01-01 00:00:00.000001913,1.154034
1970-01-01 00:00:00.000001914,1.160493
1970-01-01 00:00:00.000001915,0.23187
1970-01-01 00:00:00.000001916,0.3796739999999999
1970-01-01 00:00:00.000001917,0.053265
1970-01-01 00:00:00.000001918,0.0764789999999999
1970-01-01 00:00:00.000001919,0.628577
1970-01-01 00:00:00.000001920,0.520343
1970-01-01 00:00:00.000001921,0.134899
1970-01-01 00:00:00.000001922,-0.021215
1970-01-01 00:00:00.000001923,-0.048162
1970-01-01 00:00:00.000001924,-0.041304
1970-01-01 00:00:00.000001925,0.01927
1970-01-01 00:00:00.000001926,-0.0415209999999999
1970-01-01 00:00:00.000001927,-0.0152699999999999
1970-01-01 00:00:00.000001928,0.118433
1970-01-01 00:00:00.000001929,0.182023
1970-01-01 00:00:00.000001930,-0.150505
1970-01-01 00:00:00.000001931,-0.362227
1970-01-01 00:00:00.000001932,-0.33357
1970-01-01 00:00:00.000001933,-0.082223
1970-01-01 00:00:00.000001934,0.048059
1970-01-01 00:00:00.000001935,0.064315
1970-01-01 00:00:00.000001936,0.213126
1970-01-01 00:00:00.000001937,-0.072472
1970-01-01 00:00:00.000001938,-0.313015
1970-01-01 00:00:00.000001939,-0.123102
1970-01-01 00:00:00.000001940,0.46528
1970-01-01 00:00:00.000001941,0.8259860000000001
1970-01-01 00:00:00.000001942,1.129651
1970-01-01 00:00:00.000001943,1.464055
1970-01-01 00:00:00.000001944,0.852248
1970-01-01 00:00:00.000001945,0.5533
1970-01-01 00:00:00.000001946,0.018085
1970-01-01 00:00:00.000001947,-0.579775
1970-01-01 00:00:00.000001948,-0.4073179999999999
1970-01-01 00:00:00.000001949,0.02053
1970-01-01 00:00:00.000001950,0.1934
1970-01-01 00:00:00.000001951,0.083219
1970-01-01 00:00:00.000001952,-0.071149
1970-01-01 00:00:00.000001953,-0.095782
1970-01-01 00:00:00.000001954,-0.061558
1970-01-01 00:00:00.000001955,-0.016219
1970-01-01 00:00:00.000001956,-0.05789
1970-01-01 00:00:00.000001957,-0.188109
1970-01-01 00:00:00.000001958,-0.016024
1970-01-01 00:00:00.000001959,0.074852
1970-01-01 00:00:00.000001960,0.158779
1970-01-01 00:00:00.000001961,0.1809349999999999
1970-01-01 00:00:00.000001962,0.704654
1970-01-01 00:00:00.000001963,0.662247
1970-01-01 00:00:00.000001964,1.929205
1970-01-01 00:00:00.000001965,1.722746
1970-01-01 00:00:00.000001966,-0.256262
1970-01-01 00:00:00.000001967,-0.099953
1970-01-01 00:00:00.000001968,-0.216989
1970-01-01 00:00:00.000001969,-0.010701
1970-01-01 00:00:00.000001970,0.594306
1970-01-01 00:00:00.000001971,0.450422
1970-01-01 00:00:00.000001972,0.077392
1970-01-01 00:00:00.000001973,-0.318048
1970-01-01 00:00:00.000001974,-0.161208
1970-01-01 00:00:00.000001975,-0.120072
1970-01-01 00:00:00.000001976,-0.0396
1970-01-01 00:00:00.000001977,0.006234
1970-01-01 00:00:00.000001978,0.002591
1970-01-01 00:00:00.000001979,0.226501
1970-01-01 00:00:00.000001980,0.119691
1970-01-01 00:00:00.000001981,-0.274867
1970-01-01 00:00:00.000001982,-0.350472
1970-01-01 00:00:00.000001983,-0.154714
1970-01-01 00:00:00.000001984,-0.090971
1970-01-01 00:00:00.000001985,-0.190222
1970-01-01 00:00:00.000001986,-0.054522
1970-01-01 00:00:00.000001987,0.099097
1970-01-01 00:00:00.000001988,-0.0037869999999999
1970-01-01 00:00:00.000001989,-0.323791
1970-01-01 00:00:00.000001990,-0.069876
1970-01-01 00:00:00.000001991,0.2862119999999999
1970-01-01 00:00:00.000001992,0.659518
1970-01-01 00:00:00.000001993,0.857296
1970-01-01 00:00:00.000001994,1.127551
1970-01-01 00:00:00.000001995,0.953278
1970-01-01 00:00:00.000001996,0.634354
1970-01-01 00:00:00.000001997,0.359749
1970-01-01 00:00:00.000001998,-0.1612299999999999
1970-01-01 00:00:00.000001999,-0.397861
1970-01-01 00:00:00.000002000,-0.1256519999999999
1970-01-01 00:00:00.000002001,0.108135
1970-01-01 00:00:00.000002002,0.115073
1970-01-01 00:00:00.000002003,-0.022192
1970-01-01 00:00:00.000002004,-0.0931179999999999
1970-01-01 00:00:00.000002005,-0.093441
1970-01-01 00:00:00.000002006,-0.058578
1970-01-01 00:00:00.000002007,-0.011914
1970-01-01 00:00:00.000002008,-0.0271819999999999
1970-01-01 00:00:00.000002009,0.007593
1970-01-01 00:00:00.000002010,0.003123
1970-01-01 00:00:00.000002011,0.272327
1970-01-01 00:00:00.000002012,0.0803379999999999
1970-01-01 00:00:00.000002013,0.462406
1970-01-01 00:00:00.000002014,0.605412
1970-01-01 00:00:00.000002015,0.721592
1970-01-01 00:00:00.000002016,0.108147
1970-01-01 00:00:00.000002017,0.381169
1970-01-01 00:00:00.000002018,0.405121
1970-01-01 00:00:00.000002019,-0.065939
1970-01-01 00:00:00.000002020,0.208842
1970-01-01 00:00:00.000002021,0.650908
1970-01-01 00:00:00.000002022,0.051861
1970-01-01 00:00:00.000002023,-0.086018
1970-01-01 00:00:00.000002024,0.013647
1970-01-01 00:00:00.000002025,0.056933
1970-01-01 00:00:00.000002026,-0.009298
1970-01-01 00:00:00.000002027,-0.059552
1970-01-01 00:00:00.000002028,-0.199695
1970-01-01 00:00:00.000002029,-0.322455
1970-01-01 00:00:00.000002030,-0.033999
1970-01-01 00:00:00.000002031,0.068349
1970-01-01 00:00:00.000002032,0.030451
1970-01-01 00:00:00.000002033,-0.140958
1970-01-01 00:00:00.000002034,-0.315797
1970-01-01 00:00:00.000002035,-0.230417
1970-01-01 00:00:00.000002036,-0.235973
1970-01-01 00:00:00.000002037,-0.294938
1970-01-01 00:00:00.000002038,-0.066108
1970-01-01 00:00:00.000002039,0.139955
1970-01-01 00:00:00.000002040,-0.023808
1970-01-01 00:00:00.000002041,-0.24724
1970-01-01 00:00:00.000002042,-0.04747
1970-01-01 00:00:00.000002043,0.41016
1970-01-01 00:00:00.000002044,0.736504
1970-01-01 00:00:00.000002045,0.932521
1970-01-01 00:00:00.000002046,1.135615
1970-01-01 00:00:00.000002047,0.625262
1970-01-01 00:00:00.000002048,0.470979
1970-01-01 00:00:00.000002049,0.066504
1970-01-01 00:00:00.000002050,-0.155541
1970-01-01 00:00:00.000002051,-0.271731
1970-01-01 00:00:00.000002052,-0.113204
1970-01-01 00:00:00.000002053,0.005076
1970-01-01 00:00:00.000002054,0.067827
1970-01-01 00:00:00.000002055,0.030512
1970-01-01 00:00:00.000002056,-0.006797
1970-01-01 00:00:00.000002057,-0.052238
1970-01-01 00:00:00.000002058,-0.047126
1970-01-01 00:00:00.000002059,-0.0591519999999999
1970-01-01 00:00:00.000002060,-0.042742
1970-01-01 00:00:00.000002061,0.067482
1970-01-01 00:00:00.000002062,0.379452
1970-01-01 00:00:00.000002063,0.239648
1970-01-01 00:00:00.000002064,0.92239
1970-01-01 00:00:00.000002065,1.258294
1970-01-01 00:00:00.000002066,0.321983
1970-01-01 00:00:00.000002067,-0.2136429999999999
1970-01-01 00:00:00.000002068,0.271973
1970-01-01 00:00:00.000002069,-0.046779
1970-01-01 00:00:00.000002070,-0.00989
1970-01-01 00:00:00.000002071,0.607771
1970-01-01 00:00:00.000002072,-0.006281
1970-01-01 00:00:00.000002073,-0.105426
1970-01-01 00:00:00.000002074,-0.173101
1970-01-01 00:00:00.000002075,-0.149802
1970-01-01 00:00:00.000002076,-0.145762
1970-01-01 00:00:00.000002077,-0.167477
1970-01-01 00:00:00.000002078,-0.1940579999999999
1970-01-01 00:00:00.000002079,-0.23875
1970-01-01 00:00:00.000002080,-0.013235
1970-01-01 00:00:00.000002081,0.039596
1970-01-01 00:00:00.000002082,-0.006944
1970-01-01 00:00:00.000002083,-0.356709
1970-01-01 00:00:00.000002084,-0.3700239999999999
1970-01-01 00:00:00.000002085,-0.159073
1970-01-01 00:00:00.000002086,-0.2239219999999999
1970-01-01 00:00:00.000002087,-0.20115
1970-01-01 00:00:00.000002088,0.059962
1970-01-01 00:00:00.000002089,0.011647
1970-01-01 00:00:00.000002090,-0.264885
1970-01-01 00:00:00.000002091,-0.460207
1970-01-01 00:00:00.000002092,-0.118614
1970-01-01 00:00:00.000002093,0.387517
1970-01-01 00:00:00.000002094,0.692231
1970-01-01 00:00:00.000002095,0.8838469999999999
1970-01-01 00:00:00.000002096,1.095407
1970-01-01 00:00:00.000002097,0.69692
1970-01-01 00:00:00.000002098,0.464255
1970-01-01 00:00:00.000002099,0.024589
1970-01-01 00:00:00.000002100,-0.342318
1970-01-01 00:00:00.000002101,-0.442792
1970-01-01 00:00:00.000002102,-0.012018
1970-01-01 00:00:00.000002103,0.057414
1970-01-01 00:00:00.000002104,0.100339
1970-01-01 00:00:00.000002105,-0.0236639999999999
1970-01-01 00:00:00.000002106,-0.0713429999999999
1970-01-01 00:00:00.000002107,-0.064785
1970-01-01 00:00:00.000002108,-0.027931
1970-01-01 00:00:00.000002109,-0.050682
1970-01-01 00:00:00.000002110,-0.06869
1970-01-01 00:00:00.000002111,-0.003505
1970-01-01 00:00:00.000002112,0.089562
1970-01-01 00:00:00.000002113,0.016276
1970-01-01 00:00:00.000002114,0.271181
1970-01-01 00:00:00.000002115,0.619924
1970-01-01 00:00:00.000002116,0.778359
1970-01-01 00:00:00.000002117,1.459418
1970-01-01 00:00:00.000002118,0.096778
1970-01-01 00:00:00.000002119,-0.139221
1970-01-01 00:00:00.000002120,-0.422539
1970-01-01 00:00:00.000002121,-0.14681
1970-01-01 00:00:00.000002122,0.364279
1970-01-01 00:00:00.000002123,0.1727
1970-01-01 00:00:00.000002124,0.131341
1970-01-01 00:00:00.000002125,-0.246944
1970-01-01 00:00:00.000002126,-0.125921
1970-01-01 00:00:00.000002127,-0.1054809999999999
1970-01-01 00:00:00.000002128,-0.018275
1970-01-01 00:00:00.000002129,-0.09908
1970-01-01 00:00:00.000002130,-0.202448
1970-01-01 00:00:00.000002131,-0.0153759999999999
1970-01-01 00:00:00.000002132,0.023188
1970-01-01 00:00:00.000002133,-0.133929
1970-01-01 00:00:00.000002134,-0.272473
1970-01-01 00:00:00.000002135,-0.198469
1970-01-01 00:00:00.000002136,-0.037824
1970-01-01 00:00:00.000002137,-0.228122
1970-01-01 00:00:00.000002138,-0.25024
1970-01-01 00:00:00.000002139,-0.04951
1970-01-01 00:00:00.000002140,-0.124968
1970-01-01 00:00:00.000002141,-0.229082
1970-01-01 00:00:00.000002142,-0.04097
1970-01-01 00:00:00.000002143,0.346862
1970-01-01 00:00:00.000002144,0.696286
1970-01-01 00:00:00.000002145,0.810411
1970-01-01 00:00:00.000002146,0.923682
1970-01-01 00:00:00.000002147,0.490563
1970-01-01 00:00:00.000002148,0.505536
1970-01-01 00:00:00.000002149,0.090282
1970-01-01 00:00:00.000002150,-0.510742
1970-01-01 00:00:00.000002151,-0.478182
1970-01-01 00:00:00.000002152,-0.168262
1970-01-01 00:00:00.000002153,0.129714
1970-01-01 00:00:00.000002154,0.147181
1970-01-01 00:00:00.000002155,0.134948
1970-01-01 00:00:00.000002156,-0.102434
1970-01-01 00:00:00.000002157,-0.132252
1970-01-01 00:00:00.000002158,-0.16054
1970-01-01 00:00:00.000002159,-0.117066
1970-01-01 00:00:00.000002160,-0.069123
1970-01-01 00:00:00.000002161,0.0302339999999999
1970-01-01 00:00:00.000002162,0.283775
1970-01-01 00:00:00.000002163,0.137819
1970-01-01 00:00:00.000002164,-0.030304
1970-01-01 00:00:00.000002165,0.423043
1970-01-01 00:00:00.000002166,1.146555
1970-01-01 00:00:00.000002167,1.799807
1970-01-01 00:00:00.000002168,-0.271997
1970-01-01 00:00:00.000002169,-0.13482
1970-01-01 00:00:00.000002170,-0.2545139999999999
1970-01-01 00:00:00.000002171,-0.528144
1970-01-01 00:00:00.000002172,-0.184452
1970-01-01 00:00:00.000002173,0.717275
1970-01-01 00:00:00.000002174,0.313354
1970-01-01 00:00:00.000002175,-0.1834609999999999
1970-01-01 00:00:00.000002176,-0.286782
1970-01-01 00:00:00.000002177,-0.035826
1970-01-01 00:00:00.000002178,0.161003
1970-01-01 00:00:00.000002179,0.0352699999999999
1970-01-01 00:00:00.000002180,-0.060284
1970-01-01 00:00:00.000002181,-0.290747
1970-01-01 00:00:00.000002182,-0.235621
1970-01-01 00:00:00.000002183,0.008548
1970-01-01 00:00:00.000002184,-0.208983
1970-01-01 00:00:00.000002185,-0.350488
1970-01-01 00:00:00.000002186,-0.102777
1970-01-01 00:00:00.000002187,-0.072637
1970-01-01 00:00:00.000002188,-0.257686
1970-01-01 00:00:00.000002189,-0.016219
1970-01-01 00:00:00.000002190,-0.01841
1970-01-01 00:00:00.000002191,-0.18309
1970-01-01 00:00:00.000002192,-0.381092
1970-01-01 00:00:00.000002193,-0.2080929999999999
1970-01-01 00:00:00.000002194,0.206153
1970-01-01 00:00:00.000002195,0.478247
1970-01-01 00:00:00.000002196,0.71497
1970-01-01 00:00:00.000002197,1.087733
1970-01-01 00:00:00.000002198,0.743988
1970-01-01 00:00:00.000002199,0.355709
1970-01-01 00:00:00.000002200,0.0175199999999999
1970-01-01 00:00:00.000002201,-0.256973
1970-01-01 00:00:00.000002202,-0.393137
1970-01-01 00:00:00.000002203,-0.220354
1970-01-01 00:00:00.000002204,0.0032869999999999
1970-01-01 00:00:00.000002205,0.260345
1970-01-01 00:00:00.000002206,0.274044
1970-01-01 00:00:00.000002207,0.0859279999999999
1970-01-01 00:00:00.000002208,-0.015852
1970-01-01 00:00:00.000002209,0.0333139999999999
1970-01-01 00:00:00.000002210,0.080498
1970-01-01 00:00:00.000002211,0.312088
1970-01-01 00:00:00.000002212,0.29198
1970-01-01 00:00:00.000002213,-0.045156
1970-01-01 00:00:00.000002214,-0.1577579999999999
1970-01-01 00:00:00.000002215,-0.14153
1970-01-01 00:00:00.000002216,0.135723
1970-01-01 00:00:00.000002217,0.134276
1970-01-01 00:00:00.000002218,1.302815
1970-01-01 00:00:00.000002219,1.2759790000000002
1970-01-01 00:00:00.000002220,-0.359654
1970-01-01 00:00:00.000002221,-0.090053
1970-01-01 00:00:00.000002222,0.092024
1970-01-01 00:00:00.000002223,0.100469
1970-01-01 00:00:00.000002224,0.4250229999999999
1970-01-01 00:00:00.000002225,0.7024199999999999
1970-01-01 00:00:00.000002226,0.6229399999999999
1970-01-01 00:00:00.000002227,-0.434204
1970-01-01 00:00:00.000002228,-0.5199159999999999
1970-01-01 00:00:00.000002229,-0.182298
1970-01-01 00:00:00.000002230,-0.156938
1970-01-01 00:00:00.000002231,-0.036913
1970-01-01 00:00:00.000002232,-0.021985
1970-01-01 00:00:00.000002233,-0.013821
1970-01-01 00:00:00.000002234,-0.0672799999999999
1970-01-01 00:00:00.000002235,-0.076832
1970-01-01 00:00:00.000002236,-0.245077
1970-01-01 00:00:00.000002237,-0.367219
1970-01-01 00:00:00.000002238,-0.374679
1970-01-01 00:00:00.000002239,-0.187406
1970-01-01 00:00:00.000002240,-0.277681
