time_captured,std_6_sub_19_gravity.z
1970-01-01 00:00:00.000000000,-0.025004
1970-01-01 00:00:00.000000001,-0.02384
1970-01-01 00:00:00.000000002,-0.023117
1970-01-01 00:00:00.000000003,-0.022473
1970-01-01 00:00:00.000000004,-0.0218
1970-01-01 00:00:00.000000005,-0.020987
1970-01-01 00:00:00.000000006,-0.019976
1970-01-01 00:00:00.000000007,-0.019059
1970-01-01 00:00:00.000000008,-0.0181139999999999
1970-01-01 00:00:00.000000009,-0.016832
1970-01-01 00:00:00.000000010,-0.015307
1970-01-01 00:00:00.000000011,-0.013817
1970-01-01 00:00:00.000000012,-0.012629
1970-01-01 00:00:00.000000013,-0.011641
1970-01-01 00:00:00.000000014,-0.010865
1970-01-01 00:00:00.000000015,-0.010323
1970-01-01 00:00:00.000000016,-0.010058
1970-01-01 00:00:00.000000017,-0.00963
1970-01-01 00:00:00.000000018,-0.008687
1970-01-01 00:00:00.000000019,-0.007286
1970-01-01 00:00:00.000000020,-0.005685
1970-01-01 00:00:00.000000021,-0.004384
1970-01-01 00:00:00.000000022,-0.003171
1970-01-01 00:00:00.000000023,-0.00196
1970-01-01 00:00:00.000000024,-0.00118
1970-01-01 00:00:00.000000025,-0.001024
1970-01-01 00:00:00.000000026,-0.001126
1970-01-01 00:00:00.000000027,-0.00104
1970-01-01 00:00:00.000000028,-0.000767
1970-01-01 00:00:00.000000029,-0.0008089999999999
1970-01-01 00:00:00.000000030,-0.001418
1970-01-01 00:00:00.000000031,-0.002373
1970-01-01 00:00:00.000000032,-0.003454
1970-01-01 00:00:00.000000033,-0.0044909999999999
1970-01-01 00:00:00.000000034,-0.005582
1970-01-01 00:00:00.000000035,-0.007034
1970-01-01 00:00:00.000000036,-0.008686
1970-01-01 00:00:00.000000037,-0.010578
1970-01-01 00:00:00.000000038,-0.0123819999999999
1970-01-01 00:00:00.000000039,-0.013741
1970-01-01 00:00:00.000000040,-0.014499
1970-01-01 00:00:00.000000041,-0.0146819999999999
1970-01-01 00:00:00.000000042,-0.014694
1970-01-01 00:00:00.000000043,-0.014494
1970-01-01 00:00:00.000000044,-0.014012
1970-01-01 00:00:00.000000045,-0.0134949999999999
1970-01-01 00:00:00.000000046,-0.013231
1970-01-01 00:00:00.000000047,-0.013359
1970-01-01 00:00:00.000000048,-0.013871
1970-01-01 00:00:00.000000049,-0.014647
1970-01-01 00:00:00.000000050,-0.0154419999999999
1970-01-01 00:00:00.000000051,-0.016225
1970-01-01 00:00:00.000000052,-0.016885
1970-01-01 00:00:00.000000053,-0.01809
1970-01-01 00:00:00.000000054,-0.019915
1970-01-01 00:00:00.000000055,-0.021507
1970-01-01 00:00:00.000000056,-0.021639
1970-01-01 00:00:00.000000057,-0.021241
1970-01-01 00:00:00.000000058,-0.02156
1970-01-01 00:00:00.000000059,-0.022182
1970-01-01 00:00:00.000000060,-0.022379
1970-01-01 00:00:00.000000061,-0.022389
1970-01-01 00:00:00.000000062,-0.022541
1970-01-01 00:00:00.000000063,-0.023224
1970-01-01 00:00:00.000000064,-0.0242949999999999
1970-01-01 00:00:00.000000065,-0.025152
1970-01-01 00:00:00.000000066,-0.025491
1970-01-01 00:00:00.000000067,-0.025473
1970-01-01 00:00:00.000000068,-0.025469
1970-01-01 00:00:00.000000069,-0.0257769999999999
1970-01-01 00:00:00.000000070,-0.026239
1970-01-01 00:00:00.000000071,-0.026662
1970-01-01 00:00:00.000000072,-0.026993
1970-01-01 00:00:00.000000073,-0.027216
1970-01-01 00:00:00.000000074,-0.0274839999999999
1970-01-01 00:00:00.000000075,-0.027961
1970-01-01 00:00:00.000000076,-0.028433
1970-01-01 00:00:00.000000077,-0.028898
1970-01-01 00:00:00.000000078,-0.0295649999999999
1970-01-01 00:00:00.000000079,-0.030382
1970-01-01 00:00:00.000000080,-0.031179
1970-01-01 00:00:00.000000081,-0.0319029999999999
1970-01-01 00:00:00.000000082,-0.032424
1970-01-01 00:00:00.000000083,-0.03276
1970-01-01 00:00:00.000000084,-0.033087
1970-01-01 00:00:00.000000085,-0.033594
1970-01-01 00:00:00.000000086,-0.0343
1970-01-01 00:00:00.000000087,-0.034758
1970-01-01 00:00:00.000000088,-0.0346519999999999
1970-01-01 00:00:00.000000089,-0.034328
1970-01-01 00:00:00.000000090,-0.034154
1970-01-01 00:00:00.000000091,-0.0341589999999999
1970-01-01 00:00:00.000000092,-0.0343129999999999
1970-01-01 00:00:00.000000093,-0.034569
1970-01-01 00:00:00.000000094,-0.034726
1970-01-01 00:00:00.000000095,-0.034702
1970-01-01 00:00:00.000000096,-0.034629
1970-01-01 00:00:00.000000097,-0.0345629999999999
1970-01-01 00:00:00.000000098,-0.034422
1970-01-01 00:00:00.000000099,-0.034054
1970-01-01 00:00:00.000000100,-0.033366
1970-01-01 00:00:00.000000101,-0.032519
1970-01-01 00:00:00.000000102,-0.031882
1970-01-01 00:00:00.000000103,-0.031523
1970-01-01 00:00:00.000000104,-0.03128
1970-01-01 00:00:00.000000105,-0.030945
1970-01-01 00:00:00.000000106,-0.030547
1970-01-01 00:00:00.000000107,-0.030146
1970-01-01 00:00:00.000000108,-0.029962
1970-01-01 00:00:00.000000109,-0.029791
1970-01-01 00:00:00.000000110,-0.0293389999999999
1970-01-01 00:00:00.000000111,-0.028549
1970-01-01 00:00:00.000000112,-0.0274339999999999
1970-01-01 00:00:00.000000113,-0.026239
1970-01-01 00:00:00.000000114,-0.025057
1970-01-01 00:00:00.000000115,-0.0238479999999999
1970-01-01 00:00:00.000000116,-0.022611
1970-01-01 00:00:00.000000117,-0.021613
1970-01-01 00:00:00.000000118,-0.020884
1970-01-01 00:00:00.000000119,-0.020199
1970-01-01 00:00:00.000000120,-0.019408
1970-01-01 00:00:00.000000121,-0.018573
1970-01-01 00:00:00.000000122,-0.017711
1970-01-01 00:00:00.000000123,-0.017084
1970-01-01 00:00:00.000000124,-0.016677
1970-01-01 00:00:00.000000125,-0.016069
1970-01-01 00:00:00.000000126,-0.015215
1970-01-01 00:00:00.000000127,-0.0144129999999999
1970-01-01 00:00:00.000000128,-0.0136789999999999
1970-01-01 00:00:00.000000129,-0.0129129999999999
1970-01-01 00:00:00.000000130,-0.01207
1970-01-01 00:00:00.000000131,-0.011175
1970-01-01 00:00:00.000000132,-0.010268
1970-01-01 00:00:00.000000133,-0.0093099999999999
1970-01-01 00:00:00.000000134,-0.008305
1970-01-01 00:00:00.000000135,-0.0073069999999999
1970-01-01 00:00:00.000000136,-0.006303
1970-01-01 00:00:00.000000137,-0.005383
1970-01-01 00:00:00.000000138,-0.004614
1970-01-01 00:00:00.000000139,-0.003856
1970-01-01 00:00:00.000000140,-0.003121
1970-01-01 00:00:00.000000141,-0.002489
1970-01-01 00:00:00.000000142,-0.001962
1970-01-01 00:00:00.000000143,-0.001513
1970-01-01 00:00:00.000000144,-0.001121
1970-01-01 00:00:00.000000145,-0.00084
1970-01-01 00:00:00.000000146,-0.000439
1970-01-01 00:00:00.000000147,0.000213
1970-01-01 00:00:00.000000148,0.001018
1970-01-01 00:00:00.000000149,0.0019489999999999
1970-01-01 00:00:00.000000150,0.00296
1970-01-01 00:00:00.000000151,0.003788
1970-01-01 00:00:00.000000152,0.0044909999999999
1970-01-01 00:00:00.000000153,0.005407
1970-01-01 00:00:00.000000154,0.0065879999999999
1970-01-01 00:00:00.000000155,0.007489
1970-01-01 00:00:00.000000156,0.008161
1970-01-01 00:00:00.000000157,0.008843
1970-01-01 00:00:00.000000158,0.009386
1970-01-01 00:00:00.000000159,0.009731
1970-01-01 00:00:00.000000160,0.009881
1970-01-01 00:00:00.000000161,0.009979
1970-01-01 00:00:00.000000162,0.009984
1970-01-01 00:00:00.000000163,0.009798
1970-01-01 00:00:00.000000164,0.00944
1970-01-01 00:00:00.000000165,0.00908
1970-01-01 00:00:00.000000166,0.008853
1970-01-01 00:00:00.000000167,0.008803
1970-01-01 00:00:00.000000168,0.008873
1970-01-01 00:00:00.000000169,0.00904
1970-01-01 00:00:00.000000170,0.009243
1970-01-01 00:00:00.000000171,0.009442
1970-01-01 00:00:00.000000172,0.009676
1970-01-01 00:00:00.000000173,0.009872
1970-01-01 00:00:00.000000174,0.00999
1970-01-01 00:00:00.000000175,0.010015
1970-01-01 00:00:00.000000176,0.010047
1970-01-01 00:00:00.000000177,0.010067
1970-01-01 00:00:00.000000178,0.0100349999999999
1970-01-01 00:00:00.000000179,0.009983
1970-01-01 00:00:00.000000180,0.010066
1970-01-01 00:00:00.000000181,0.010274
1970-01-01 00:00:00.000000182,0.010426
1970-01-01 00:00:00.000000183,0.010528
1970-01-01 00:00:00.000000184,0.01062
1970-01-01 00:00:00.000000185,0.010763
1970-01-01 00:00:00.000000186,0.010946
1970-01-01 00:00:00.000000187,0.011207
1970-01-01 00:00:00.000000188,0.011445
1970-01-01 00:00:00.000000189,0.011774
1970-01-01 00:00:00.000000190,0.012249
1970-01-01 00:00:00.000000191,0.012721
1970-01-01 00:00:00.000000192,0.01329
1970-01-01 00:00:00.000000193,0.0139669999999999
1970-01-01 00:00:00.000000194,0.01455
1970-01-01 00:00:00.000000195,0.015074
1970-01-01 00:00:00.000000196,0.015685
1970-01-01 00:00:00.000000197,0.016228
1970-01-01 00:00:00.000000198,0.0166289999999999
1970-01-01 00:00:00.000000199,0.016902
1970-01-01 00:00:00.000000200,0.017145
1970-01-01 00:00:00.000000201,0.0174509999999999
1970-01-01 00:00:00.000000202,0.0178009999999999
1970-01-01 00:00:00.000000203,0.018203
1970-01-01 00:00:00.000000204,0.018595
1970-01-01 00:00:00.000000205,0.018903
1970-01-01 00:00:00.000000206,0.019134
1970-01-01 00:00:00.000000207,0.0193729999999999
1970-01-01 00:00:00.000000208,0.0196
1970-01-01 00:00:00.000000209,0.019825
1970-01-01 00:00:00.000000210,0.019921
1970-01-01 00:00:00.000000211,0.019864
1970-01-01 00:00:00.000000212,0.019861
1970-01-01 00:00:00.000000213,0.019854
1970-01-01 00:00:00.000000214,0.0197889999999999
1970-01-01 00:00:00.000000215,0.019736
1970-01-01 00:00:00.000000216,0.019693
1970-01-01 00:00:00.000000217,0.0195849999999999
1970-01-01 00:00:00.000000218,0.01938
1970-01-01 00:00:00.000000219,0.019105
1970-01-01 00:00:00.000000220,0.018917
1970-01-01 00:00:00.000000221,0.01868
1970-01-01 00:00:00.000000222,0.018318
1970-01-01 00:00:00.000000223,0.017817
1970-01-01 00:00:00.000000224,0.017261
1970-01-01 00:00:00.000000225,0.016759
1970-01-01 00:00:00.000000226,0.016287
1970-01-01 00:00:00.000000227,0.015843
1970-01-01 00:00:00.000000228,0.01534
1970-01-01 00:00:00.000000229,0.014799
1970-01-01 00:00:00.000000230,0.014302
1970-01-01 00:00:00.000000231,0.013812
1970-01-01 00:00:00.000000232,0.013258
1970-01-01 00:00:00.000000233,0.0125709999999999
1970-01-01 00:00:00.000000234,0.011786
1970-01-01 00:00:00.000000235,0.010898
1970-01-01 00:00:00.000000236,0.009992
1970-01-01 00:00:00.000000237,0.009201
1970-01-01 00:00:00.000000238,0.008622
1970-01-01 00:00:00.000000239,0.008435
1970-01-01 00:00:00.000000240,0.008546
1970-01-01 00:00:00.000000241,0.008756
1970-01-01 00:00:00.000000242,0.009013
1970-01-01 00:00:00.000000243,0.009393
1970-01-01 00:00:00.000000244,0.010255
1970-01-01 00:00:00.000000245,0.011403
1970-01-01 00:00:00.000000246,0.012497
1970-01-01 00:00:00.000000247,0.013328
1970-01-01 00:00:00.000000248,0.013809
1970-01-01 00:00:00.000000249,0.014306
1970-01-01 00:00:00.000000250,0.014823
1970-01-01 00:00:00.000000251,0.015196
1970-01-01 00:00:00.000000252,0.01542
1970-01-01 00:00:00.000000253,0.015599
1970-01-01 00:00:00.000000254,0.0157229999999999
1970-01-01 00:00:00.000000255,0.016008
1970-01-01 00:00:00.000000256,0.016347
1970-01-01 00:00:00.000000257,0.016537
1970-01-01 00:00:00.000000258,0.016536
1970-01-01 00:00:00.000000259,0.016575
1970-01-01 00:00:00.000000260,0.016324
1970-01-01 00:00:00.000000261,0.01575
1970-01-01 00:00:00.000000262,0.01524
1970-01-01 00:00:00.000000263,0.015019
1970-01-01 00:00:00.000000264,0.015018
1970-01-01 00:00:00.000000265,0.015274
1970-01-01 00:00:00.000000266,0.015813
1970-01-01 00:00:00.000000267,0.016561
1970-01-01 00:00:00.000000268,0.018104
1970-01-01 00:00:00.000000269,0.020452
1970-01-01 00:00:00.000000270,0.0237639999999999
1970-01-01 00:00:00.000000271,0.027949
1970-01-01 00:00:00.000000272,0.031934
1970-01-01 00:00:00.000000273,0.034755
1970-01-01 00:00:00.000000274,0.036118
1970-01-01 00:00:00.000000275,0.036185
1970-01-01 00:00:00.000000276,0.035965
1970-01-01 00:00:00.000000277,0.035767
1970-01-01 00:00:00.000000278,0.034949
1970-01-01 00:00:00.000000279,0.03343
1970-01-01 00:00:00.000000280,0.032213
1970-01-01 00:00:00.000000281,0.031931
1970-01-01 00:00:00.000000282,0.032507
1970-01-01 00:00:00.000000283,0.033522
1970-01-01 00:00:00.000000284,0.034369
1970-01-01 00:00:00.000000285,0.034861
1970-01-01 00:00:00.000000286,0.035443
1970-01-01 00:00:00.000000287,0.035794
1970-01-01 00:00:00.000000288,0.035999
1970-01-01 00:00:00.000000289,0.036724
1970-01-01 00:00:00.000000290,0.038251
1970-01-01 00:00:00.000000291,0.040339
1970-01-01 00:00:00.000000292,0.042252
1970-01-01 00:00:00.000000293,0.043364
1970-01-01 00:00:00.000000294,0.0432
1970-01-01 00:00:00.000000295,0.042081
1970-01-01 00:00:00.000000296,0.040643
1970-01-01 00:00:00.000000297,0.039162
1970-01-01 00:00:00.000000298,0.037388
1970-01-01 00:00:00.000000299,0.035258
1970-01-01 00:00:00.000000300,0.033413
1970-01-01 00:00:00.000000301,0.032346
1970-01-01 00:00:00.000000302,0.031979
1970-01-01 00:00:00.000000303,0.032103
1970-01-01 00:00:00.000000304,0.0321829999999999
1970-01-01 00:00:00.000000305,0.032104
1970-01-01 00:00:00.000000306,0.031538
1970-01-01 00:00:00.000000307,0.030848
1970-01-01 00:00:00.000000308,0.030335
1970-01-01 00:00:00.000000309,0.029868
1970-01-01 00:00:00.000000310,0.029247
1970-01-01 00:00:00.000000311,0.028664
1970-01-01 00:00:00.000000312,0.027973
1970-01-01 00:00:00.000000313,0.027107
1970-01-01 00:00:00.000000314,0.02635
1970-01-01 00:00:00.000000315,0.025881
1970-01-01 00:00:00.000000316,0.0259089999999999
1970-01-01 00:00:00.000000317,0.026505
1970-01-01 00:00:00.000000318,0.027476
1970-01-01 00:00:00.000000319,0.0286
1970-01-01 00:00:00.000000320,0.02957
1970-01-01 00:00:00.000000321,0.030637
1970-01-01 00:00:00.000000322,0.032119
1970-01-01 00:00:00.000000323,0.0339779999999999
1970-01-01 00:00:00.000000324,0.03618
1970-01-01 00:00:00.000000325,0.0385589999999999
1970-01-01 00:00:00.000000326,0.04061
1970-01-01 00:00:00.000000327,0.041924
1970-01-01 00:00:00.000000328,0.042729
1970-01-01 00:00:00.000000329,0.043441
1970-01-01 00:00:00.000000330,0.044529
1970-01-01 00:00:00.000000331,0.046018
1970-01-01 00:00:00.000000332,0.047511
1970-01-01 00:00:00.000000333,0.048477
1970-01-01 00:00:00.000000334,0.048216
1970-01-01 00:00:00.000000335,0.04658
1970-01-01 00:00:00.000000336,0.043731
1970-01-01 00:00:00.000000337,0.039824
1970-01-01 00:00:00.000000338,0.034676
1970-01-01 00:00:00.000000339,0.028517
1970-01-01 00:00:00.000000340,0.021274
1970-01-01 00:00:00.000000341,0.01308
1970-01-01 00:00:00.000000342,0.00466
1970-01-01 00:00:00.000000343,-0.003065
1970-01-01 00:00:00.000000344,-0.009608
1970-01-01 00:00:00.000000345,-0.015363
1970-01-01 00:00:00.000000346,-0.020777
1970-01-01 00:00:00.000000347,-0.025223
1970-01-01 00:00:00.000000348,-0.027779
1970-01-01 00:00:00.000000349,-0.0274389999999999
1970-01-01 00:00:00.000000350,-0.0244139999999999
1970-01-01 00:00:00.000000351,-0.020479
1970-01-01 00:00:00.000000352,-0.017249
1970-01-01 00:00:00.000000353,-0.015538
1970-01-01 00:00:00.000000354,-0.01516
1970-01-01 00:00:00.000000355,-0.0149169999999999
1970-01-01 00:00:00.000000356,-0.014584
1970-01-01 00:00:00.000000357,-0.0145669999999999
1970-01-01 00:00:00.000000358,-0.014941
1970-01-01 00:00:00.000000359,-0.01529
1970-01-01 00:00:00.000000360,-0.015207
1970-01-01 00:00:00.000000361,-0.014768
1970-01-01 00:00:00.000000362,-0.0145009999999999
1970-01-01 00:00:00.000000363,-0.014801
1970-01-01 00:00:00.000000364,-0.01551
1970-01-01 00:00:00.000000365,-0.016197
1970-01-01 00:00:00.000000366,-0.016592
1970-01-01 00:00:00.000000367,-0.0169199999999999
1970-01-01 00:00:00.000000368,-0.017355
1970-01-01 00:00:00.000000369,-0.0181659999999999
1970-01-01 00:00:00.000000370,-0.019597
1970-01-01 00:00:00.000000371,-0.0216419999999999
1970-01-01 00:00:00.000000372,-0.023839
1970-01-01 00:00:00.000000373,-0.025539
1970-01-01 00:00:00.000000374,-0.026666
1970-01-01 00:00:00.000000375,-0.027091
1970-01-01 00:00:00.000000376,-0.027018
1970-01-01 00:00:00.000000377,-0.0266779999999999
1970-01-01 00:00:00.000000378,-0.0259529999999999
1970-01-01 00:00:00.000000379,-0.02496
1970-01-01 00:00:00.000000380,-0.024149
1970-01-01 00:00:00.000000381,-0.0238
1970-01-01 00:00:00.000000382,-0.023908
1970-01-01 00:00:00.000000383,-0.0242509999999999
1970-01-01 00:00:00.000000384,-0.024529
1970-01-01 00:00:00.000000385,-0.024375
1970-01-01 00:00:00.000000386,-0.023469
1970-01-01 00:00:00.000000387,-0.021909
1970-01-01 00:00:00.000000388,-0.019998
1970-01-01 00:00:00.000000389,-0.017807
1970-01-01 00:00:00.000000390,-0.015231
1970-01-01 00:00:00.000000391,-0.012415
1970-01-01 00:00:00.000000392,-0.0097159999999999
1970-01-01 00:00:00.000000393,-0.0074319999999999
1970-01-01 00:00:00.000000394,-0.00551
1970-01-01 00:00:00.000000395,-0.003778
1970-01-01 00:00:00.000000396,-0.002426
1970-01-01 00:00:00.000000397,-0.0016359999999999
1970-01-01 00:00:00.000000398,-0.0014119999999999
1970-01-01 00:00:00.000000399,-0.001637
1970-01-01 00:00:00.000000400,-0.00208
1970-01-01 00:00:00.000000401,-0.002851
1970-01-01 00:00:00.000000402,-0.004131
1970-01-01 00:00:00.000000403,-0.0059299999999999
1970-01-01 00:00:00.000000404,-0.007976
1970-01-01 00:00:00.000000405,-0.009647
1970-01-01 00:00:00.000000406,-0.010721
1970-01-01 00:00:00.000000407,-0.011426
1970-01-01 00:00:00.000000408,-0.011865
1970-01-01 00:00:00.000000409,-0.012064
1970-01-01 00:00:00.000000410,-0.012006
1970-01-01 00:00:00.000000411,-0.011796
1970-01-01 00:00:00.000000412,-0.011468
1970-01-01 00:00:00.000000413,-0.01096
1970-01-01 00:00:00.000000414,-0.010451
1970-01-01 00:00:00.000000415,-0.010214
1970-01-01 00:00:00.000000416,-0.009984
1970-01-01 00:00:00.000000417,-0.009635
1970-01-01 00:00:00.000000418,-0.009274
1970-01-01 00:00:00.000000419,-0.008798
1970-01-01 00:00:00.000000420,-0.008234
1970-01-01 00:00:00.000000421,-0.007825
1970-01-01 00:00:00.000000422,-0.007662
1970-01-01 00:00:00.000000423,-0.007761
1970-01-01 00:00:00.000000424,-0.008144
1970-01-01 00:00:00.000000425,-0.008717
1970-01-01 00:00:00.000000426,-0.009352
1970-01-01 00:00:00.000000427,-0.009962
1970-01-01 00:00:00.000000428,-0.010339
1970-01-01 00:00:00.000000429,-0.010388
1970-01-01 00:00:00.000000430,-0.0102569999999999
1970-01-01 00:00:00.000000431,-0.010027
1970-01-01 00:00:00.000000432,-0.009818
1970-01-01 00:00:00.000000433,-0.009623
1970-01-01 00:00:00.000000434,-0.009453
1970-01-01 00:00:00.000000435,-0.009375
1970-01-01 00:00:00.000000436,-0.009524
1970-01-01 00:00:00.000000437,-0.009617
1970-01-01 00:00:00.000000438,-0.00946
1970-01-01 00:00:00.000000439,-0.009033
1970-01-01 00:00:00.000000440,-0.008373
1970-01-01 00:00:00.000000441,-0.007638
1970-01-01 00:00:00.000000442,-0.006968
1970-01-01 00:00:00.000000443,-0.006571
1970-01-01 00:00:00.000000444,-0.006301
1970-01-01 00:00:00.000000445,-0.00588
1970-01-01 00:00:00.000000446,-0.005236
1970-01-01 00:00:00.000000447,-0.004221
1970-01-01 00:00:00.000000448,-0.002828
1970-01-01 00:00:00.000000449,-0.00109
1970-01-01 00:00:00.000000450,0.000773
1970-01-01 00:00:00.000000451,0.002607
1970-01-01 00:00:00.000000452,0.004699
1970-01-01 00:00:00.000000453,0.007064
1970-01-01 00:00:00.000000454,0.0094819999999999
1970-01-01 00:00:00.000000455,0.011811
1970-01-01 00:00:00.000000456,0.013875
1970-01-01 00:00:00.000000457,0.015394
1970-01-01 00:00:00.000000458,0.016578
1970-01-01 00:00:00.000000459,0.018004
1970-01-01 00:00:00.000000460,0.019523
1970-01-01 00:00:00.000000461,0.020921
1970-01-01 00:00:00.000000462,0.022278
1970-01-01 00:00:00.000000463,0.023431
1970-01-01 00:00:00.000000464,0.024191
1970-01-01 00:00:00.000000465,0.024703
1970-01-01 00:00:00.000000466,0.025119
1970-01-01 00:00:00.000000467,0.025468
1970-01-01 00:00:00.000000468,0.025682
1970-01-01 00:00:00.000000469,0.025917
1970-01-01 00:00:00.000000470,0.026144
1970-01-01 00:00:00.000000471,0.02638
1970-01-01 00:00:00.000000472,0.026632
1970-01-01 00:00:00.000000473,0.026906
1970-01-01 00:00:00.000000474,0.0271019999999999
1970-01-01 00:00:00.000000475,0.0271839999999999
1970-01-01 00:00:00.000000476,0.027197
1970-01-01 00:00:00.000000477,0.027208
1970-01-01 00:00:00.000000478,0.0272779999999999
1970-01-01 00:00:00.000000479,0.027335
1970-01-01 00:00:00.000000480,0.027225
1970-01-01 00:00:00.000000481,0.0269389999999999
1970-01-01 00:00:00.000000482,0.026624
1970-01-01 00:00:00.000000483,0.026405
1970-01-01 00:00:00.000000484,0.02632
1970-01-01 00:00:00.000000485,0.026223
1970-01-01 00:00:00.000000486,0.026086
1970-01-01 00:00:00.000000487,0.02592
1970-01-01 00:00:00.000000488,0.025735
1970-01-01 00:00:00.000000489,0.025612
1970-01-01 00:00:00.000000490,0.02556
1970-01-01 00:00:00.000000491,0.025488
1970-01-01 00:00:00.000000492,0.0254509999999999
1970-01-01 00:00:00.000000493,0.025458
1970-01-01 00:00:00.000000494,0.025429
1970-01-01 00:00:00.000000495,0.025408
1970-01-01 00:00:00.000000496,0.025439
1970-01-01 00:00:00.000000497,0.0254129999999999
1970-01-01 00:00:00.000000498,0.025331
1970-01-01 00:00:00.000000499,0.025185
1970-01-01 00:00:00.000000500,0.02504
1970-01-01 00:00:00.000000501,0.024924
1970-01-01 00:00:00.000000502,0.024818
1970-01-01 00:00:00.000000503,0.024682
1970-01-01 00:00:00.000000504,0.024433
1970-01-01 00:00:00.000000505,0.024166
1970-01-01 00:00:00.000000506,0.023926
1970-01-01 00:00:00.000000507,0.023716
1970-01-01 00:00:00.000000508,0.023532
1970-01-01 00:00:00.000000509,0.023403
1970-01-01 00:00:00.000000510,0.023304
1970-01-01 00:00:00.000000511,0.023267
1970-01-01 00:00:00.000000512,0.0232479999999999
1970-01-01 00:00:00.000000513,0.023198
1970-01-01 00:00:00.000000514,0.023082
1970-01-01 00:00:00.000000515,0.023019
1970-01-01 00:00:00.000000516,0.02323
1970-01-01 00:00:00.000000517,0.0233759999999999
1970-01-01 00:00:00.000000518,0.023647
1970-01-01 00:00:00.000000519,0.023672
1970-01-01 00:00:00.000000520,0.023517
1970-01-01 00:00:00.000000521,0.023417
1970-01-01 00:00:00.000000522,0.02351
1970-01-01 00:00:00.000000523,0.0235879999999999
1970-01-01 00:00:00.000000524,0.023503
1970-01-01 00:00:00.000000525,0.023296
1970-01-01 00:00:00.000000526,0.022889
1970-01-01 00:00:00.000000527,0.022267
1970-01-01 00:00:00.000000528,0.0214789999999999
1970-01-01 00:00:00.000000529,0.0205169999999999
1970-01-01 00:00:00.000000530,0.019452
1970-01-01 00:00:00.000000531,0.0183599999999999
1970-01-01 00:00:00.000000532,0.017376
1970-01-01 00:00:00.000000533,0.016536
1970-01-01 00:00:00.000000534,0.015774
1970-01-01 00:00:00.000000535,0.015008
1970-01-01 00:00:00.000000536,0.0142949999999999
1970-01-01 00:00:00.000000537,0.013677
1970-01-01 00:00:00.000000538,0.013222
1970-01-01 00:00:00.000000539,0.012929
1970-01-01 00:00:00.000000540,0.012681
1970-01-01 00:00:00.000000541,0.012442
1970-01-01 00:00:00.000000542,0.012177
1970-01-01 00:00:00.000000543,0.011869
1970-01-01 00:00:00.000000544,0.011566
1970-01-01 00:00:00.000000545,0.011314
1970-01-01 00:00:00.000000546,0.011115
1970-01-01 00:00:00.000000547,0.010903
1970-01-01 00:00:00.000000548,0.01064
1970-01-01 00:00:00.000000549,0.01031
1970-01-01 00:00:00.000000550,0.009968
1970-01-01 00:00:00.000000551,0.009571
1970-01-01 00:00:00.000000552,0.009174
1970-01-01 00:00:00.000000553,0.008893
1970-01-01 00:00:00.000000554,0.008646
1970-01-01 00:00:00.000000555,0.008412
1970-01-01 00:00:00.000000556,0.008193
1970-01-01 00:00:00.000000557,0.008029
1970-01-01 00:00:00.000000558,0.007959
1970-01-01 00:00:00.000000559,0.007987
1970-01-01 00:00:00.000000560,0.008085
1970-01-01 00:00:00.000000561,0.00821
1970-01-01 00:00:00.000000562,0.008301
1970-01-01 00:00:00.000000563,0.008303
1970-01-01 00:00:00.000000564,0.00814
1970-01-01 00:00:00.000000565,0.007865
1970-01-01 00:00:00.000000566,0.007508
1970-01-01 00:00:00.000000567,0.007178
1970-01-01 00:00:00.000000568,0.006887
1970-01-01 00:00:00.000000569,0.006619
1970-01-01 00:00:00.000000570,0.006339
1970-01-01 00:00:00.000000571,0.006194
1970-01-01 00:00:00.000000572,0.006335
1970-01-01 00:00:00.000000573,0.0066939999999999
1970-01-01 00:00:00.000000574,0.007081
1970-01-01 00:00:00.000000575,0.0074629999999999
1970-01-01 00:00:00.000000576,0.007899
1970-01-01 00:00:00.000000577,0.008437
1970-01-01 00:00:00.000000578,0.0089769999999999
1970-01-01 00:00:00.000000579,0.009447
1970-01-01 00:00:00.000000580,0.0098739999999999
1970-01-01 00:00:00.000000581,0.010302
1970-01-01 00:00:00.000000582,0.0106819999999999
1970-01-01 00:00:00.000000583,0.01103
1970-01-01 00:00:00.000000584,0.011371
1970-01-01 00:00:00.000000585,0.01168
1970-01-01 00:00:00.000000586,0.011955
1970-01-01 00:00:00.000000587,0.012265
1970-01-01 00:00:00.000000588,0.012671
1970-01-01 00:00:00.000000589,0.01309
1970-01-01 00:00:00.000000590,0.013449
1970-01-01 00:00:00.000000591,0.013728
1970-01-01 00:00:00.000000592,0.0139009999999999
1970-01-01 00:00:00.000000593,0.014044
1970-01-01 00:00:00.000000594,0.0141699999999999
1970-01-01 00:00:00.000000595,0.0142479999999999
1970-01-01 00:00:00.000000596,0.01428
1970-01-01 00:00:00.000000597,0.01429
1970-01-01 00:00:00.000000598,0.0143419999999999
1970-01-01 00:00:00.000000599,0.014533
1970-01-01 00:00:00.000000600,0.014698
1970-01-01 00:00:00.000000601,0.014747
1970-01-01 00:00:00.000000602,0.014811
1970-01-01 00:00:00.000000603,0.015025
1970-01-01 00:00:00.000000604,0.015224
1970-01-01 00:00:00.000000605,0.01544
1970-01-01 00:00:00.000000606,0.01566
1970-01-01 00:00:00.000000607,0.015874
1970-01-01 00:00:00.000000608,0.015988
1970-01-01 00:00:00.000000609,0.015965
1970-01-01 00:00:00.000000610,0.015971
1970-01-01 00:00:00.000000611,0.01615
1970-01-01 00:00:00.000000612,0.016558
1970-01-01 00:00:00.000000613,0.017131
1970-01-01 00:00:00.000000614,0.0179439999999999
1970-01-01 00:00:00.000000615,0.018899
1970-01-01 00:00:00.000000616,0.019859
1970-01-01 00:00:00.000000617,0.020766
1970-01-01 00:00:00.000000618,0.021667
1970-01-01 00:00:00.000000619,0.022525
1970-01-01 00:00:00.000000620,0.023205
1970-01-01 00:00:00.000000621,0.023703
1970-01-01 00:00:00.000000622,0.024012
1970-01-01 00:00:00.000000623,0.024184
1970-01-01 00:00:00.000000624,0.02437
1970-01-01 00:00:00.000000625,0.024628
1970-01-01 00:00:00.000000626,0.024895
1970-01-01 00:00:00.000000627,0.025225
1970-01-01 00:00:00.000000628,0.025668
1970-01-01 00:00:00.000000629,0.026195
1970-01-01 00:00:00.000000630,0.026787
1970-01-01 00:00:00.000000631,0.027316
1970-01-01 00:00:00.000000632,0.0277
1970-01-01 00:00:00.000000633,0.028082
1970-01-01 00:00:00.000000634,0.028494
1970-01-01 00:00:00.000000635,0.028747
1970-01-01 00:00:00.000000636,0.029022
1970-01-01 00:00:00.000000637,0.029365
1970-01-01 00:00:00.000000638,0.029554
1970-01-01 00:00:00.000000639,0.029688
1970-01-01 00:00:00.000000640,0.0298529999999999
1970-01-01 00:00:00.000000641,0.030039
1970-01-01 00:00:00.000000642,0.030302
1970-01-01 00:00:00.000000643,0.030561
1970-01-01 00:00:00.000000644,0.030797
1970-01-01 00:00:00.000000645,0.030941
1970-01-01 00:00:00.000000646,0.031135
1970-01-01 00:00:00.000000647,0.031239
1970-01-01 00:00:00.000000648,0.031323
1970-01-01 00:00:00.000000649,0.0313769999999999
1970-01-01 00:00:00.000000650,0.031345
1970-01-01 00:00:00.000000651,0.031135
1970-01-01 00:00:00.000000652,0.030835
1970-01-01 00:00:00.000000653,0.030631
1970-01-01 00:00:00.000000654,0.0304009999999999
1970-01-01 00:00:00.000000655,0.030085
1970-01-01 00:00:00.000000656,0.029598
1970-01-01 00:00:00.000000657,0.028738
1970-01-01 00:00:00.000000658,0.0277269999999999
1970-01-01 00:00:00.000000659,0.0267089999999999
1970-01-01 00:00:00.000000660,0.02588
1970-01-01 00:00:00.000000661,0.025366
1970-01-01 00:00:00.000000662,0.024964
1970-01-01 00:00:00.000000663,0.024684
1970-01-01 00:00:00.000000664,0.024464
1970-01-01 00:00:00.000000665,0.024209
1970-01-01 00:00:00.000000666,0.023919
1970-01-01 00:00:00.000000667,0.023669
1970-01-01 00:00:00.000000668,0.023458
1970-01-01 00:00:00.000000669,0.023252
1970-01-01 00:00:00.000000670,0.023424
1970-01-01 00:00:00.000000671,0.0235699999999999
1970-01-01 00:00:00.000000672,0.02308
1970-01-01 00:00:00.000000673,0.022473
1970-01-01 00:00:00.000000674,0.022498
1970-01-01 00:00:00.000000675,0.022597
1970-01-01 00:00:00.000000676,0.022574
1970-01-01 00:00:00.000000677,0.022477
1970-01-01 00:00:00.000000678,0.022091
1970-01-01 00:00:00.000000679,0.021841
1970-01-01 00:00:00.000000680,0.021827
1970-01-01 00:00:00.000000681,0.022027
1970-01-01 00:00:00.000000682,0.022348
1970-01-01 00:00:00.000000683,0.022792
1970-01-01 00:00:00.000000684,0.023264
1970-01-01 00:00:00.000000685,0.023411
1970-01-01 00:00:00.000000686,0.023271
1970-01-01 00:00:00.000000687,0.022978
1970-01-01 00:00:00.000000688,0.02293
1970-01-01 00:00:00.000000689,0.023117
1970-01-01 00:00:00.000000690,0.023204
1970-01-01 00:00:00.000000691,0.023325
1970-01-01 00:00:00.000000692,0.023799
1970-01-01 00:00:00.000000693,0.0247919999999999
1970-01-01 00:00:00.000000694,0.026285
1970-01-01 00:00:00.000000695,0.027942
1970-01-01 00:00:00.000000696,0.029439
1970-01-01 00:00:00.000000697,0.030794
1970-01-01 00:00:00.000000698,0.0318639999999999
1970-01-01 00:00:00.000000699,0.0329879999999999
1970-01-01 00:00:00.000000700,0.033336
1970-01-01 00:00:00.000000701,0.0323839999999999
1970-01-01 00:00:00.000000702,0.030551
1970-01-01 00:00:00.000000703,0.0285899999999999
1970-01-01 00:00:00.000000704,0.027049
1970-01-01 00:00:00.000000705,0.0260129999999999
1970-01-01 00:00:00.000000706,0.025041
1970-01-01 00:00:00.000000707,0.023991
1970-01-01 00:00:00.000000708,0.023032
1970-01-01 00:00:00.000000709,0.022548
1970-01-01 00:00:00.000000710,0.02253
1970-01-01 00:00:00.000000711,0.0223419999999999
1970-01-01 00:00:00.000000712,0.02172
1970-01-01 00:00:00.000000713,0.021144
1970-01-01 00:00:00.000000714,0.020926
1970-01-01 00:00:00.000000715,0.021245
1970-01-01 00:00:00.000000716,0.02195
1970-01-01 00:00:00.000000717,0.022831
1970-01-01 00:00:00.000000718,0.023798
1970-01-01 00:00:00.000000719,0.024884
1970-01-01 00:00:00.000000720,0.026023
1970-01-01 00:00:00.000000721,0.0270149999999999
1970-01-01 00:00:00.000000722,0.027698
1970-01-01 00:00:00.000000723,0.027991
1970-01-01 00:00:00.000000724,0.027826
1970-01-01 00:00:00.000000725,0.027268
1970-01-01 00:00:00.000000726,0.026694
1970-01-01 00:00:00.000000727,0.026197
1970-01-01 00:00:00.000000728,0.025768
1970-01-01 00:00:00.000000729,0.025524
1970-01-01 00:00:00.000000730,0.025493
1970-01-01 00:00:00.000000731,0.025528
1970-01-01 00:00:00.000000732,0.025535
1970-01-01 00:00:00.000000733,0.0257279999999999
1970-01-01 00:00:00.000000734,0.026277
1970-01-01 00:00:00.000000735,0.0268829999999999
1970-01-01 00:00:00.000000736,0.026534
1970-01-01 00:00:00.000000737,0.025757
1970-01-01 00:00:00.000000738,0.025328
1970-01-01 00:00:00.000000739,0.025259
1970-01-01 00:00:00.000000740,0.025273
1970-01-01 00:00:00.000000741,0.0254789999999999
1970-01-01 00:00:00.000000742,0.02623
1970-01-01 00:00:00.000000743,0.027012
1970-01-01 00:00:00.000000744,0.027221
1970-01-01 00:00:00.000000745,0.027301
1970-01-01 00:00:00.000000746,0.027774
1970-01-01 00:00:00.000000747,0.027741
1970-01-01 00:00:00.000000748,0.026695
1970-01-01 00:00:00.000000749,0.02511
1970-01-01 00:00:00.000000750,0.023126
1970-01-01 00:00:00.000000751,0.020624
1970-01-01 00:00:00.000000752,0.018338
1970-01-01 00:00:00.000000753,0.016078
1970-01-01 00:00:00.000000754,0.013708
1970-01-01 00:00:00.000000755,0.01152
1970-01-01 00:00:00.000000756,0.0097019999999999
1970-01-01 00:00:00.000000757,0.0077819999999999
1970-01-01 00:00:00.000000758,0.005097
1970-01-01 00:00:00.000000759,0.00215
1970-01-01 00:00:00.000000760,0.000531
1970-01-01 00:00:00.000000761,0.000559
1970-01-01 00:00:00.000000762,0.002303
1970-01-01 00:00:00.000000763,0.0062689999999999
1970-01-01 00:00:00.000000764,0.010875
1970-01-01 00:00:00.000000765,0.014627
1970-01-01 00:00:00.000000766,0.01722
1970-01-01 00:00:00.000000767,0.020584
1970-01-01 00:00:00.000000768,0.0255889999999999
1970-01-01 00:00:00.000000769,0.031567
1970-01-01 00:00:00.000000770,0.036738
1970-01-01 00:00:00.000000771,0.04001
1970-01-01 00:00:00.000000772,0.041163
1970-01-01 00:00:00.000000773,0.041455
1970-01-01 00:00:00.000000774,0.0419089999999999
1970-01-01 00:00:00.000000775,0.044746
1970-01-01 00:00:00.000000776,0.0507769999999999
1970-01-01 00:00:00.000000777,0.057162
1970-01-01 00:00:00.000000778,0.060269
1970-01-01 00:00:00.000000779,0.059305
1970-01-01 00:00:00.000000780,0.056524
1970-01-01 00:00:00.000000781,0.053732
1970-01-01 00:00:00.000000782,0.051324
1970-01-01 00:00:00.000000783,0.049585
1970-01-01 00:00:00.000000784,0.049002
1970-01-01 00:00:00.000000785,0.049551
1970-01-01 00:00:00.000000786,0.051472
1970-01-01 00:00:00.000000787,0.054563
1970-01-01 00:00:00.000000788,0.058059
1970-01-01 00:00:00.000000789,0.060547
1970-01-01 00:00:00.000000790,0.06163
1970-01-01 00:00:00.000000791,0.061996
1970-01-01 00:00:00.000000792,0.062502
1970-01-01 00:00:00.000000793,0.063444
1970-01-01 00:00:00.000000794,0.063412
1970-01-01 00:00:00.000000795,0.0609279999999999
1970-01-01 00:00:00.000000796,0.057834
1970-01-01 00:00:00.000000797,0.055189
1970-01-01 00:00:00.000000798,0.052437
1970-01-01 00:00:00.000000799,0.049406
1970-01-01 00:00:00.000000800,0.04711
1970-01-01 00:00:00.000000801,0.046537
1970-01-01 00:00:00.000000802,0.047732
1970-01-01 00:00:00.000000803,0.049226
1970-01-01 00:00:00.000000804,0.049662
1970-01-01 00:00:00.000000805,0.0492649999999999
1970-01-01 00:00:00.000000806,0.04881
1970-01-01 00:00:00.000000807,0.048656
1970-01-01 00:00:00.000000808,0.048755
1970-01-01 00:00:00.000000809,0.048795
1970-01-01 00:00:00.000000810,0.048443
1970-01-01 00:00:00.000000811,0.047807
1970-01-01 00:00:00.000000812,0.04735
1970-01-01 00:00:00.000000813,0.047297
1970-01-01 00:00:00.000000814,0.047365
1970-01-01 00:00:00.000000815,0.047481
1970-01-01 00:00:00.000000816,0.047582
1970-01-01 00:00:00.000000817,0.047639
1970-01-01 00:00:00.000000818,0.04746
1970-01-01 00:00:00.000000819,0.0471209999999999
1970-01-01 00:00:00.000000820,0.046516
1970-01-01 00:00:00.000000821,0.045821
1970-01-01 00:00:00.000000822,0.045084
1970-01-01 00:00:00.000000823,0.044354
1970-01-01 00:00:00.000000824,0.043583
1970-01-01 00:00:00.000000825,0.042675
1970-01-01 00:00:00.000000826,0.041697
1970-01-01 00:00:00.000000827,0.040733
1970-01-01 00:00:00.000000828,0.039956
1970-01-01 00:00:00.000000829,0.039316
1970-01-01 00:00:00.000000830,0.038648
1970-01-01 00:00:00.000000831,0.037903
1970-01-01 00:00:00.000000832,0.0370529999999999
1970-01-01 00:00:00.000000833,0.036277
1970-01-01 00:00:00.000000834,0.035646
1970-01-01 00:00:00.000000835,0.035102
1970-01-01 00:00:00.000000836,0.034619
1970-01-01 00:00:00.000000837,0.034533
1970-01-01 00:00:00.000000838,0.034815
1970-01-01 00:00:00.000000839,0.035429
1970-01-01 00:00:00.000000840,0.036211
1970-01-01 00:00:00.000000841,0.036869
1970-01-01 00:00:00.000000842,0.037418
1970-01-01 00:00:00.000000843,0.037719
1970-01-01 00:00:00.000000844,0.037828
1970-01-01 00:00:00.000000845,0.037836
1970-01-01 00:00:00.000000846,0.037957
1970-01-01 00:00:00.000000847,0.038181
1970-01-01 00:00:00.000000848,0.0384959999999999
1970-01-01 00:00:00.000000849,0.038984
1970-01-01 00:00:00.000000850,0.039589
1970-01-01 00:00:00.000000851,0.040223
1970-01-01 00:00:00.000000852,0.040984
1970-01-01 00:00:00.000000853,0.042247
1970-01-01 00:00:00.000000854,0.044162
1970-01-01 00:00:00.000000855,0.046775
1970-01-01 00:00:00.000000856,0.049453
1970-01-01 00:00:00.000000857,0.051545
1970-01-01 00:00:00.000000858,0.052665
1970-01-01 00:00:00.000000859,0.052662
1970-01-01 00:00:00.000000860,0.051932
1970-01-01 00:00:00.000000861,0.051054
1970-01-01 00:00:00.000000862,0.0505279999999999
1970-01-01 00:00:00.000000863,0.050627
1970-01-01 00:00:00.000000864,0.05107
1970-01-01 00:00:00.000000865,0.051547
1970-01-01 00:00:00.000000866,0.0519279999999999
1970-01-01 00:00:00.000000867,0.052252
1970-01-01 00:00:00.000000868,0.052764
1970-01-01 00:00:00.000000869,0.053661
1970-01-01 00:00:00.000000870,0.054955
1970-01-01 00:00:00.000000871,0.056374
1970-01-01 00:00:00.000000872,0.057611
1970-01-01 00:00:00.000000873,0.058552
1970-01-01 00:00:00.000000874,0.059039
1970-01-01 00:00:00.000000875,0.059048
1970-01-01 00:00:00.000000876,0.058674
1970-01-01 00:00:00.000000877,0.058032
1970-01-01 00:00:00.000000878,0.0574919999999999
1970-01-01 00:00:00.000000879,0.057198
1970-01-01 00:00:00.000000880,0.057074
1970-01-01 00:00:00.000000881,0.057024
1970-01-01 00:00:00.000000882,0.0569519999999999
1970-01-01 00:00:00.000000883,0.056861
1970-01-01 00:00:00.000000884,0.056752
1970-01-01 00:00:00.000000885,0.056762
1970-01-01 00:00:00.000000886,0.056976
1970-01-01 00:00:00.000000887,0.057422
1970-01-01 00:00:00.000000888,0.058045
1970-01-01 00:00:00.000000889,0.058832
1970-01-01 00:00:00.000000890,0.0597279999999999
1970-01-01 00:00:00.000000891,0.060721
1970-01-01 00:00:00.000000892,0.061688
1970-01-01 00:00:00.000000893,0.0624409999999999
1970-01-01 00:00:00.000000894,0.062885
1970-01-01 00:00:00.000000895,0.063038
1970-01-01 00:00:00.000000896,0.062918
1970-01-01 00:00:00.000000897,0.062543
1970-01-01 00:00:00.000000898,0.062004
1970-01-01 00:00:00.000000899,0.061335
1970-01-01 00:00:00.000000900,0.0606
1970-01-01 00:00:00.000000901,0.059841
1970-01-01 00:00:00.000000902,0.0590809999999999
1970-01-01 00:00:00.000000903,0.0584019999999999
1970-01-01 00:00:00.000000904,0.05787
1970-01-01 00:00:00.000000905,0.0573659999999999
1970-01-01 00:00:00.000000906,0.056875
1970-01-01 00:00:00.000000907,0.056307
1970-01-01 00:00:00.000000908,0.055696
1970-01-01 00:00:00.000000909,0.055248
1970-01-01 00:00:00.000000910,0.054873
1970-01-01 00:00:00.000000911,0.0545519999999999
1970-01-01 00:00:00.000000912,0.054257
1970-01-01 00:00:00.000000913,0.053985
1970-01-01 00:00:00.000000914,0.053794
1970-01-01 00:00:00.000000915,0.053703
1970-01-01 00:00:00.000000916,0.053627
1970-01-01 00:00:00.000000917,0.0534179999999999
1970-01-01 00:00:00.000000918,0.053057
1970-01-01 00:00:00.000000919,0.0525789999999999
1970-01-01 00:00:00.000000920,0.0522059999999999
1970-01-01 00:00:00.000000921,0.052013
1970-01-01 00:00:00.000000922,0.052051
1970-01-01 00:00:00.000000923,0.052195
1970-01-01 00:00:00.000000924,0.05234
1970-01-01 00:00:00.000000925,0.052475
1970-01-01 00:00:00.000000926,0.05264
1970-01-01 00:00:00.000000927,0.052858
1970-01-01 00:00:00.000000928,0.053215
1970-01-01 00:00:00.000000929,0.0538059999999999
1970-01-01 00:00:00.000000930,0.0544799999999999
1970-01-01 00:00:00.000000931,0.055126
1970-01-01 00:00:00.000000932,0.055649
1970-01-01 00:00:00.000000933,0.056076
1970-01-01 00:00:00.000000934,0.056561
1970-01-01 00:00:00.000000935,0.057177
1970-01-01 00:00:00.000000936,0.057822
1970-01-01 00:00:00.000000937,0.058502
1970-01-01 00:00:00.000000938,0.0591919999999999
1970-01-01 00:00:00.000000939,0.059882
1970-01-01 00:00:00.000000940,0.060426
1970-01-01 00:00:00.000000941,0.060787
1970-01-01 00:00:00.000000942,0.061042
1970-01-01 00:00:00.000000943,0.06136
1970-01-01 00:00:00.000000944,0.061697
1970-01-01 00:00:00.000000945,0.061889
1970-01-01 00:00:00.000000946,0.061822
1970-01-01 00:00:00.000000947,0.061521
1970-01-01 00:00:00.000000948,0.060903
1970-01-01 00:00:00.000000949,0.059801
1970-01-01 00:00:00.000000950,0.058528
1970-01-01 00:00:00.000000951,0.057578
1970-01-01 00:00:00.000000952,0.057115
1970-01-01 00:00:00.000000953,0.05711
1970-01-01 00:00:00.000000954,0.057589
1970-01-01 00:00:00.000000955,0.058394
1970-01-01 00:00:00.000000956,0.0591649999999999
1970-01-01 00:00:00.000000957,0.05982
1970-01-01 00:00:00.000000958,0.060381
1970-01-01 00:00:00.000000959,0.060832
1970-01-01 00:00:00.000000960,0.061214
1970-01-01 00:00:00.000000961,0.061554
1970-01-01 00:00:00.000000962,0.061711
1970-01-01 00:00:00.000000963,0.061874
1970-01-01 00:00:00.000000964,0.062145
1970-01-01 00:00:00.000000965,0.06254
1970-01-01 00:00:00.000000966,0.063032
1970-01-01 00:00:00.000000967,0.063465
1970-01-01 00:00:00.000000968,0.06377
1970-01-01 00:00:00.000000969,0.0639769999999999
1970-01-01 00:00:00.000000970,0.0641149999999999
1970-01-01 00:00:00.000000971,0.064318
1970-01-01 00:00:00.000000972,0.0646289999999999
1970-01-01 00:00:00.000000973,0.064857
1970-01-01 00:00:00.000000974,0.065047
1970-01-01 00:00:00.000000975,0.065037
1970-01-01 00:00:00.000000976,0.065015
1970-01-01 00:00:00.000000977,0.065084
1970-01-01 00:00:00.000000978,0.06538
1970-01-01 00:00:00.000000979,0.065873
1970-01-01 00:00:00.000000980,0.066263
1970-01-01 00:00:00.000000981,0.066485
1970-01-01 00:00:00.000000982,0.066487
1970-01-01 00:00:00.000000983,0.066338
1970-01-01 00:00:00.000000984,0.066194
1970-01-01 00:00:00.000000985,0.066288
1970-01-01 00:00:00.000000986,0.06662
1970-01-01 00:00:00.000000987,0.0670289999999999
1970-01-01 00:00:00.000000988,0.067474
1970-01-01 00:00:00.000000989,0.067771
1970-01-01 00:00:00.000000990,0.067977
1970-01-01 00:00:00.000000991,0.068237
1970-01-01 00:00:00.000000992,0.068264
1970-01-01 00:00:00.000000993,0.068295
1970-01-01 00:00:00.000000994,0.068433
1970-01-01 00:00:00.000000995,0.068433
1970-01-01 00:00:00.000000996,0.068307
1970-01-01 00:00:00.000000997,0.068018
1970-01-01 00:00:00.000000998,0.067636
1970-01-01 00:00:00.000000999,0.067463
1970-01-01 00:00:00.000001000,0.067473
1970-01-01 00:00:00.000001001,0.067506
1970-01-01 00:00:00.000001002,0.067445
1970-01-01 00:00:00.000001003,0.067095
1970-01-01 00:00:00.000001004,0.066573
1970-01-01 00:00:00.000001005,0.066047
1970-01-01 00:00:00.000001006,0.065621
1970-01-01 00:00:00.000001007,0.0653909999999999
1970-01-01 00:00:00.000001008,0.06534
1970-01-01 00:00:00.000001009,0.065478
1970-01-01 00:00:00.000001010,0.065784
1970-01-01 00:00:00.000001011,0.066105
1970-01-01 00:00:00.000001012,0.066133
1970-01-01 00:00:00.000001013,0.065545
1970-01-01 00:00:00.000001014,0.064355
1970-01-01 00:00:00.000001015,0.062765
1970-01-01 00:00:00.000001016,0.060953
1970-01-01 00:00:00.000001017,0.0588919999999999
1970-01-01 00:00:00.000001018,0.057388
1970-01-01 00:00:00.000001019,0.057284
1970-01-01 00:00:00.000001020,0.0579549999999999
1970-01-01 00:00:00.000001021,0.058749
1970-01-01 00:00:00.000001022,0.059245
1970-01-01 00:00:00.000001023,0.059526
1970-01-01 00:00:00.000001024,0.060061
1970-01-01 00:00:00.000001025,0.061009
1970-01-01 00:00:00.000001026,0.062237
1970-01-01 00:00:00.000001027,0.063609
1970-01-01 00:00:00.000001028,0.065036
1970-01-01 00:00:00.000001029,0.066472
1970-01-01 00:00:00.000001030,0.068123
1970-01-01 00:00:00.000001031,0.06999
1970-01-01 00:00:00.000001032,0.072008
1970-01-01 00:00:00.000001033,0.074005
1970-01-01 00:00:00.000001034,0.0758279999999999
1970-01-01 00:00:00.000001035,0.077499
1970-01-01 00:00:00.000001036,0.079109
1970-01-01 00:00:00.000001037,0.0805309999999999
1970-01-01 00:00:00.000001038,0.081672
1970-01-01 00:00:00.000001039,0.082562
1970-01-01 00:00:00.000001040,0.083349
1970-01-01 00:00:00.000001041,0.0842779999999999
1970-01-01 00:00:00.000001042,0.085381
1970-01-01 00:00:00.000001043,0.086348
1970-01-01 00:00:00.000001044,0.0871779999999999
1970-01-01 00:00:00.000001045,0.087908
1970-01-01 00:00:00.000001046,0.088405
1970-01-01 00:00:00.000001047,0.08862
1970-01-01 00:00:00.000001048,0.08866
1970-01-01 00:00:00.000001049,0.0885789999999999
1970-01-01 00:00:00.000001050,0.088445
1970-01-01 00:00:00.000001051,0.08829
1970-01-01 00:00:00.000001052,0.088051
1970-01-01 00:00:00.000001053,0.087786
1970-01-01 00:00:00.000001054,0.087513
1970-01-01 00:00:00.000001055,0.087277
1970-01-01 00:00:00.000001056,0.087063
1970-01-01 00:00:00.000001057,0.086756
1970-01-01 00:00:00.000001058,0.086344
1970-01-01 00:00:00.000001059,0.0858429999999999
1970-01-01 00:00:00.000001060,0.085301
1970-01-01 00:00:00.000001061,0.0848169999999999
1970-01-01 00:00:00.000001062,0.084509
1970-01-01 00:00:00.000001063,0.084371
1970-01-01 00:00:00.000001064,0.084312
1970-01-01 00:00:00.000001065,0.084258
1970-01-01 00:00:00.000001066,0.084234
1970-01-01 00:00:00.000001067,0.084268
1970-01-01 00:00:00.000001068,0.084368
1970-01-01 00:00:00.000001069,0.084578
1970-01-01 00:00:00.000001070,0.084895
1970-01-01 00:00:00.000001071,0.085367
1970-01-01 00:00:00.000001072,0.086
1970-01-01 00:00:00.000001073,0.086714
1970-01-01 00:00:00.000001074,0.087505
1970-01-01 00:00:00.000001075,0.088305
1970-01-01 00:00:00.000001076,0.089145
1970-01-01 00:00:00.000001077,0.09009
1970-01-01 00:00:00.000001078,0.090955
1970-01-01 00:00:00.000001079,0.091471
1970-01-01 00:00:00.000001080,0.091773
1970-01-01 00:00:00.000001081,0.091985
1970-01-01 00:00:00.000001082,0.092073
1970-01-01 00:00:00.000001083,0.092036
1970-01-01 00:00:00.000001084,0.092061
1970-01-01 00:00:00.000001085,0.092197
1970-01-01 00:00:00.000001086,0.092403
1970-01-01 00:00:00.000001087,0.092772
1970-01-01 00:00:00.000001088,0.093259
1970-01-01 00:00:00.000001089,0.093677
1970-01-01 00:00:00.000001090,0.094058
1970-01-01 00:00:00.000001091,0.094581
1970-01-01 00:00:00.000001092,0.095324
1970-01-01 00:00:00.000001093,0.096087
1970-01-01 00:00:00.000001094,0.096708
1970-01-01 00:00:00.000001095,0.097217
1970-01-01 00:00:00.000001096,0.097727
1970-01-01 00:00:00.000001097,0.098238
1970-01-01 00:00:00.000001098,0.0987059999999999
1970-01-01 00:00:00.000001099,0.099175
1970-01-01 00:00:00.000001100,0.099509
1970-01-01 00:00:00.000001101,0.099741
1970-01-01 00:00:00.000001102,0.0999309999999999
1970-01-01 00:00:00.000001103,0.100074
1970-01-01 00:00:00.000001104,0.100224
1970-01-01 00:00:00.000001105,0.100364
1970-01-01 00:00:00.000001106,0.100557
1970-01-01 00:00:00.000001107,0.100822
1970-01-01 00:00:00.000001108,0.101147
1970-01-01 00:00:00.000001109,0.101528
1970-01-01 00:00:00.000001110,0.101893
1970-01-01 00:00:00.000001111,0.102105
1970-01-01 00:00:00.000001112,0.102139
1970-01-01 00:00:00.000001113,0.102048
1970-01-01 00:00:00.000001114,0.101898
1970-01-01 00:00:00.000001115,0.1018029999999999
1970-01-01 00:00:00.000001116,0.101624
1970-01-01 00:00:00.000001117,0.10124
1970-01-01 00:00:00.000001118,0.10079
1970-01-01 00:00:00.000001119,0.100365
1970-01-01 00:00:00.000001120,0.099908
1970-01-01 00:00:00.000001121,0.099341
1970-01-01 00:00:00.000001122,0.098562
1970-01-01 00:00:00.000001123,0.097613
1970-01-01 00:00:00.000001124,0.096473
1970-01-01 00:00:00.000001125,0.095134
1970-01-01 00:00:00.000001126,0.09358
1970-01-01 00:00:00.000001127,0.0918409999999999
1970-01-01 00:00:00.000001128,0.089958
1970-01-01 00:00:00.000001129,0.088028
1970-01-01 00:00:00.000001130,0.086307
1970-01-01 00:00:00.000001131,0.085161
1970-01-01 00:00:00.000001132,0.084349
1970-01-01 00:00:00.000001133,0.083419
1970-01-01 00:00:00.000001134,0.082121
1970-01-01 00:00:00.000001135,0.080409
1970-01-01 00:00:00.000001136,0.078474
1970-01-01 00:00:00.000001137,0.076676
1970-01-01 00:00:00.000001138,0.075184
1970-01-01 00:00:00.000001139,0.073965
1970-01-01 00:00:00.000001140,0.073028
1970-01-01 00:00:00.000001141,0.072573
1970-01-01 00:00:00.000001142,0.072861
1970-01-01 00:00:00.000001143,0.073785
1970-01-01 00:00:00.000001144,0.07484
1970-01-01 00:00:00.000001145,0.075945
1970-01-01 00:00:00.000001146,0.077052
1970-01-01 00:00:00.000001147,0.0781
1970-01-01 00:00:00.000001148,0.078985
1970-01-01 00:00:00.000001149,0.079619
1970-01-01 00:00:00.000001150,0.079973
1970-01-01 00:00:00.000001151,0.080237
1970-01-01 00:00:00.000001152,0.080421
1970-01-01 00:00:00.000001153,0.080246
1970-01-01 00:00:00.000001154,0.079657
1970-01-01 00:00:00.000001155,0.078782
1970-01-01 00:00:00.000001156,0.077851
1970-01-01 00:00:00.000001157,0.077098
1970-01-01 00:00:00.000001158,0.076536
1970-01-01 00:00:00.000001159,0.076086
1970-01-01 00:00:00.000001160,0.0756309999999999
1970-01-01 00:00:00.000001161,0.0751039999999999
1970-01-01 00:00:00.000001162,0.074523
1970-01-01 00:00:00.000001163,0.073984
1970-01-01 00:00:00.000001164,0.073625
1970-01-01 00:00:00.000001165,0.0734809999999999
1970-01-01 00:00:00.000001166,0.0734809999999999
1970-01-01 00:00:00.000001167,0.073491
1970-01-01 00:00:00.000001168,0.073471
1970-01-01 00:00:00.000001169,0.073376
1970-01-01 00:00:00.000001170,0.073267
1970-01-01 00:00:00.000001171,0.07325
1970-01-01 00:00:00.000001172,0.073336
1970-01-01 00:00:00.000001173,0.073474
1970-01-01 00:00:00.000001174,0.073539
1970-01-01 00:00:00.000001175,0.0734
1970-01-01 00:00:00.000001176,0.072979
1970-01-01 00:00:00.000001177,0.072411
1970-01-01 00:00:00.000001178,0.071894
1970-01-01 00:00:00.000001179,0.071522
1970-01-01 00:00:00.000001180,0.071322
1970-01-01 00:00:00.000001181,0.071361
1970-01-01 00:00:00.000001182,0.071402
1970-01-01 00:00:00.000001183,0.071245
1970-01-01 00:00:00.000001184,0.070727
1970-01-01 00:00:00.000001185,0.06989
1970-01-01 00:00:00.000001186,0.068812
1970-01-01 00:00:00.000001187,0.067761
1970-01-01 00:00:00.000001188,0.067143
1970-01-01 00:00:00.000001189,0.066797
1970-01-01 00:00:00.000001190,0.066526
1970-01-01 00:00:00.000001191,0.066425
1970-01-01 00:00:00.000001192,0.066486
1970-01-01 00:00:00.000001193,0.066539
1970-01-01 00:00:00.000001194,0.066636
1970-01-01 00:00:00.000001195,0.066775
1970-01-01 00:00:00.000001196,0.066845
1970-01-01 00:00:00.000001197,0.066853
1970-01-01 00:00:00.000001198,0.066949
1970-01-01 00:00:00.000001199,0.067169
1970-01-01 00:00:00.000001200,0.0675289999999999
1970-01-01 00:00:00.000001201,0.067892
1970-01-01 00:00:00.000001202,0.068254
1970-01-01 00:00:00.000001203,0.068619
1970-01-01 00:00:00.000001204,0.0690009999999999
1970-01-01 00:00:00.000001205,0.0694
1970-01-01 00:00:00.000001206,0.069784
1970-01-01 00:00:00.000001207,0.070176
1970-01-01 00:00:00.000001208,0.0705269999999999
1970-01-01 00:00:00.000001209,0.0708169999999999
1970-01-01 00:00:00.000001210,0.070975
1970-01-01 00:00:00.000001211,0.070982
1970-01-01 00:00:00.000001212,0.070869
1970-01-01 00:00:00.000001213,0.0708029999999999
1970-01-01 00:00:00.000001214,0.071057
1970-01-01 00:00:00.000001215,0.071737
1970-01-01 00:00:00.000001216,0.072791
1970-01-01 00:00:00.000001217,0.074198
1970-01-01 00:00:00.000001218,0.075839
1970-01-01 00:00:00.000001219,0.077522
1970-01-01 00:00:00.000001220,0.078961
1970-01-01 00:00:00.000001221,0.080068
1970-01-01 00:00:00.000001222,0.080854
1970-01-01 00:00:00.000001223,0.081428
1970-01-01 00:00:00.000001224,0.081942
1970-01-01 00:00:00.000001225,0.0824429999999999
1970-01-01 00:00:00.000001226,0.082978
1970-01-01 00:00:00.000001227,0.083487
1970-01-01 00:00:00.000001228,0.083894
1970-01-01 00:00:00.000001229,0.084256
1970-01-01 00:00:00.000001230,0.084701
1970-01-01 00:00:00.000001231,0.085303
1970-01-01 00:00:00.000001232,0.08609
1970-01-01 00:00:00.000001233,0.086987
1970-01-01 00:00:00.000001234,0.087946
1970-01-01 00:00:00.000001235,0.088928
1970-01-01 00:00:00.000001236,0.089697
1970-01-01 00:00:00.000001237,0.090162
1970-01-01 00:00:00.000001238,0.09061
1970-01-01 00:00:00.000001239,0.091211
1970-01-01 00:00:00.000001240,0.091922
1970-01-01 00:00:00.000001241,0.092561
1970-01-01 00:00:00.000001242,0.093046
1970-01-01 00:00:00.000001243,0.093319
1970-01-01 00:00:00.000001244,0.093523
1970-01-01 00:00:00.000001245,0.093763
1970-01-01 00:00:00.000001246,0.094012
1970-01-01 00:00:00.000001247,0.094081
1970-01-01 00:00:00.000001248,0.094039
1970-01-01 00:00:00.000001249,0.09389
1970-01-01 00:00:00.000001250,0.0936289999999999
1970-01-01 00:00:00.000001251,0.09341
1970-01-01 00:00:00.000001252,0.0932679999999999
1970-01-01 00:00:00.000001253,0.093276
1970-01-01 00:00:00.000001254,0.093167
1970-01-01 00:00:00.000001255,0.092839
1970-01-01 00:00:00.000001256,0.092308
1970-01-01 00:00:00.000001257,0.0915899999999999
1970-01-01 00:00:00.000001258,0.090859
1970-01-01 00:00:00.000001259,0.090227
1970-01-01 00:00:00.000001260,0.0897309999999999
1970-01-01 00:00:00.000001261,0.089428
1970-01-01 00:00:00.000001262,0.089437
1970-01-01 00:00:00.000001263,0.08974
1970-01-01 00:00:00.000001264,0.09005
1970-01-01 00:00:00.000001265,0.090111
1970-01-01 00:00:00.000001266,0.090069
1970-01-01 00:00:00.000001267,0.090005
1970-01-01 00:00:00.000001268,0.090029
1970-01-01 00:00:00.000001269,0.090212
1970-01-01 00:00:00.000001270,0.090364
1970-01-01 00:00:00.000001271,0.090449
1970-01-01 00:00:00.000001272,0.090652
1970-01-01 00:00:00.000001273,0.090602
1970-01-01 00:00:00.000001274,0.090133
1970-01-01 00:00:00.000001275,0.089433
1970-01-01 00:00:00.000001276,0.088749
1970-01-01 00:00:00.000001277,0.0882299999999999
1970-01-01 00:00:00.000001278,0.087972
1970-01-01 00:00:00.000001279,0.087633
1970-01-01 00:00:00.000001280,0.087254
1970-01-01 00:00:00.000001281,0.086918
1970-01-01 00:00:00.000001282,0.086499
1970-01-01 00:00:00.000001283,0.085884
1970-01-01 00:00:00.000001284,0.085072
1970-01-01 00:00:00.000001285,0.08407
1970-01-01 00:00:00.000001286,0.083288
1970-01-01 00:00:00.000001287,0.0828899999999999
1970-01-01 00:00:00.000001288,0.0827919999999999
1970-01-01 00:00:00.000001289,0.082878
1970-01-01 00:00:00.000001290,0.083067
1970-01-01 00:00:00.000001291,0.0835679999999999
1970-01-01 00:00:00.000001292,0.084326
1970-01-01 00:00:00.000001293,0.085362
1970-01-01 00:00:00.000001294,0.086314
1970-01-01 00:00:00.000001295,0.086912
1970-01-01 00:00:00.000001296,0.087248
1970-01-01 00:00:00.000001297,0.087498
1970-01-01 00:00:00.000001298,0.087797
1970-01-01 00:00:00.000001299,0.088123
1970-01-01 00:00:00.000001300,0.0883679999999999
1970-01-01 00:00:00.000001301,0.08853
1970-01-01 00:00:00.000001302,0.088438
1970-01-01 00:00:00.000001303,0.088044
1970-01-01 00:00:00.000001304,0.087715
1970-01-01 00:00:00.000001305,0.0877
1970-01-01 00:00:00.000001306,0.08785
1970-01-01 00:00:00.000001307,0.087965
1970-01-01 00:00:00.000001308,0.088045
1970-01-01 00:00:00.000001309,0.088496
1970-01-01 00:00:00.000001310,0.0895909999999999
1970-01-01 00:00:00.000001311,0.090859
1970-01-01 00:00:00.000001312,0.091885
1970-01-01 00:00:00.000001313,0.0927419999999999
1970-01-01 00:00:00.000001314,0.093125
1970-01-01 00:00:00.000001315,0.093054
1970-01-01 00:00:00.000001316,0.092513
1970-01-01 00:00:00.000001317,0.091394
1970-01-01 00:00:00.000001318,0.089812
1970-01-01 00:00:00.000001319,0.088125
1970-01-01 00:00:00.000001320,0.0864
1970-01-01 00:00:00.000001321,0.084615
1970-01-01 00:00:00.000001322,0.082944
1970-01-01 00:00:00.000001323,0.081462
1970-01-01 00:00:00.000001324,0.080053
1970-01-01 00:00:00.000001325,0.078573
1970-01-01 00:00:00.000001326,0.07681
1970-01-01 00:00:00.000001327,0.075202
1970-01-01 00:00:00.000001328,0.074015
1970-01-01 00:00:00.000001329,0.073008
1970-01-01 00:00:00.000001330,0.07199
1970-01-01 00:00:00.000001331,0.071449
1970-01-01 00:00:00.000001332,0.071258
1970-01-01 00:00:00.000001333,0.071278
1970-01-01 00:00:00.000001334,0.07159
1970-01-01 00:00:00.000001335,0.071893
1970-01-01 00:00:00.000001336,0.071951
1970-01-01 00:00:00.000001337,0.0717039999999999
1970-01-01 00:00:00.000001338,0.071245
1970-01-01 00:00:00.000001339,0.070592
1970-01-01 00:00:00.000001340,0.069699
1970-01-01 00:00:00.000001341,0.068772
1970-01-01 00:00:00.000001342,0.067648
1970-01-01 00:00:00.000001343,0.06656
1970-01-01 00:00:00.000001344,0.065574
1970-01-01 00:00:00.000001345,0.0648059999999999
1970-01-01 00:00:00.000001346,0.064419
1970-01-01 00:00:00.000001347,0.064374
1970-01-01 00:00:00.000001348,0.06458
1970-01-01 00:00:00.000001349,0.064961
1970-01-01 00:00:00.000001350,0.065501
1970-01-01 00:00:00.000001351,0.066098
1970-01-01 00:00:00.000001352,0.066564
1970-01-01 00:00:00.000001353,0.0668779999999999
1970-01-01 00:00:00.000001354,0.067059
1970-01-01 00:00:00.000001355,0.067111
1970-01-01 00:00:00.000001356,0.066928
1970-01-01 00:00:00.000001357,0.066307
1970-01-01 00:00:00.000001358,0.065315
1970-01-01 00:00:00.000001359,0.064308
1970-01-01 00:00:00.000001360,0.06345
1970-01-01 00:00:00.000001361,0.062861
1970-01-01 00:00:00.000001362,0.062496
1970-01-01 00:00:00.000001363,0.062361
1970-01-01 00:00:00.000001364,0.062434
1970-01-01 00:00:00.000001365,0.062662
1970-01-01 00:00:00.000001366,0.063096
1970-01-01 00:00:00.000001367,0.0636559999999999
1970-01-01 00:00:00.000001368,0.064389
1970-01-01 00:00:00.000001369,0.065178
1970-01-01 00:00:00.000001370,0.065934
1970-01-01 00:00:00.000001371,0.066662
1970-01-01 00:00:00.000001372,0.067329
1970-01-01 00:00:00.000001373,0.067868
1970-01-01 00:00:00.000001374,0.068297
1970-01-01 00:00:00.000001375,0.0686919999999999
1970-01-01 00:00:00.000001376,0.069023
1970-01-01 00:00:00.000001377,0.069204
1970-01-01 00:00:00.000001378,0.069323
1970-01-01 00:00:00.000001379,0.069347
1970-01-01 00:00:00.000001380,0.069287
1970-01-01 00:00:00.000001381,0.069273
1970-01-01 00:00:00.000001382,0.069364
1970-01-01 00:00:00.000001383,0.06962
1970-01-01 00:00:00.000001384,0.070013
1970-01-01 00:00:00.000001385,0.070465
1970-01-01 00:00:00.000001386,0.070983
1970-01-01 00:00:00.000001387,0.071477
1970-01-01 00:00:00.000001388,0.0719409999999999
1970-01-01 00:00:00.000001389,0.072319
1970-01-01 00:00:00.000001390,0.072633
1970-01-01 00:00:00.000001391,0.072906
1970-01-01 00:00:00.000001392,0.07321
1970-01-01 00:00:00.000001393,0.073525
1970-01-01 00:00:00.000001394,0.073878
1970-01-01 00:00:00.000001395,0.074282
1970-01-01 00:00:00.000001396,0.074661
1970-01-01 00:00:00.000001397,0.0750509999999999
1970-01-01 00:00:00.000001398,0.075442
1970-01-01 00:00:00.000001399,0.075792
1970-01-01 00:00:00.000001400,0.076101
1970-01-01 00:00:00.000001401,0.076504
1970-01-01 00:00:00.000001402,0.07699
1970-01-01 00:00:00.000001403,0.077486
1970-01-01 00:00:00.000001404,0.078026
1970-01-01 00:00:00.000001405,0.078525
1970-01-01 00:00:00.000001406,0.0790059999999999
1970-01-01 00:00:00.000001407,0.079454
1970-01-01 00:00:00.000001408,0.079759
1970-01-01 00:00:00.000001409,0.079896
1970-01-01 00:00:00.000001410,0.079927
1970-01-01 00:00:00.000001411,0.0798779999999999
1970-01-01 00:00:00.000001412,0.079802
1970-01-01 00:00:00.000001413,0.079825
1970-01-01 00:00:00.000001414,0.080049
1970-01-01 00:00:00.000001415,0.0804769999999999
1970-01-01 00:00:00.000001416,0.081137
1970-01-01 00:00:00.000001417,0.082006
1970-01-01 00:00:00.000001418,0.083019
1970-01-01 00:00:00.000001419,0.084057
1970-01-01 00:00:00.000001420,0.0850279999999999
1970-01-01 00:00:00.000001421,0.085873
1970-01-01 00:00:00.000001422,0.086627
1970-01-01 00:00:00.000001423,0.0873039999999999
1970-01-01 00:00:00.000001424,0.087867
1970-01-01 00:00:00.000001425,0.088345
1970-01-01 00:00:00.000001426,0.088721
1970-01-01 00:00:00.000001427,0.088992
1970-01-01 00:00:00.000001428,0.08906
1970-01-01 00:00:00.000001429,0.088894
1970-01-01 00:00:00.000001430,0.088521
1970-01-01 00:00:00.000001431,0.087998
1970-01-01 00:00:00.000001432,0.087254
1970-01-01 00:00:00.000001433,0.08638
1970-01-01 00:00:00.000001434,0.085486
1970-01-01 00:00:00.000001435,0.084539
1970-01-01 00:00:00.000001436,0.08358
1970-01-01 00:00:00.000001437,0.082608
1970-01-01 00:00:00.000001438,0.081624
1970-01-01 00:00:00.000001439,0.080787
1970-01-01 00:00:00.000001440,0.080152
1970-01-01 00:00:00.000001441,0.0796429999999999
1970-01-01 00:00:00.000001442,0.079161
1970-01-01 00:00:00.000001443,0.078577
1970-01-01 00:00:00.000001444,0.077784
1970-01-01 00:00:00.000001445,0.076718
1970-01-01 00:00:00.000001446,0.075397
1970-01-01 00:00:00.000001447,0.073906
1970-01-01 00:00:00.000001448,0.072348
1970-01-01 00:00:00.000001449,0.070792
1970-01-01 00:00:00.000001450,0.069339
1970-01-01 00:00:00.000001451,0.068017
1970-01-01 00:00:00.000001452,0.066867
1970-01-01 00:00:00.000001453,0.065903
1970-01-01 00:00:00.000001454,0.065245
1970-01-01 00:00:00.000001455,0.064821
1970-01-01 00:00:00.000001456,0.064275
1970-01-01 00:00:00.000001457,0.063233
1970-01-01 00:00:00.000001458,0.0617919999999999
1970-01-01 00:00:00.000001459,0.059902
1970-01-01 00:00:00.000001460,0.057319
1970-01-01 00:00:00.000001461,0.054416
1970-01-01 00:00:00.000001462,0.051248
1970-01-01 00:00:00.000001463,0.048007
1970-01-01 00:00:00.000001464,0.045268
1970-01-01 00:00:00.000001465,0.043629
1970-01-01 00:00:00.000001466,0.0431
1970-01-01 00:00:00.000001467,0.042844
1970-01-01 00:00:00.000001468,0.042322
1970-01-01 00:00:00.000001469,0.041738
1970-01-01 00:00:00.000001470,0.041499
1970-01-01 00:00:00.000001471,0.041519
1970-01-01 00:00:00.000001472,0.041612
1970-01-01 00:00:00.000001473,0.041629
1970-01-01 00:00:00.000001474,0.041379
1970-01-01 00:00:00.000001475,0.039824
1970-01-01 00:00:00.000001476,0.036935
1970-01-01 00:00:00.000001477,0.034543
1970-01-01 00:00:00.000001478,0.031595
1970-01-01 00:00:00.000001479,0.028681
1970-01-01 00:00:00.000001480,0.025789
1970-01-01 00:00:00.000001481,0.022448
1970-01-01 00:00:00.000001482,0.019578
1970-01-01 00:00:00.000001483,0.017427
1970-01-01 00:00:00.000001484,0.015553
1970-01-01 00:00:00.000001485,0.013146
1970-01-01 00:00:00.000001486,0.009758
1970-01-01 00:00:00.000001487,0.00503
1970-01-01 00:00:00.000001488,-0.0009119999999999
1970-01-01 00:00:00.000001489,-0.0073019999999999
1970-01-01 00:00:00.000001490,-0.013193
1970-01-01 00:00:00.000001491,-0.017967
1970-01-01 00:00:00.000001492,-0.021918
1970-01-01 00:00:00.000001493,-0.025847
1970-01-01 00:00:00.000001494,-0.029741
1970-01-01 00:00:00.000001495,-0.033091
1970-01-01 00:00:00.000001496,-0.0350399999999999
1970-01-01 00:00:00.000001497,-0.035591
1970-01-01 00:00:00.000001498,-0.035591
1970-01-01 00:00:00.000001499,-0.035488
1970-01-01 00:00:00.000001500,-0.035593
1970-01-01 00:00:00.000001501,-0.036017
1970-01-01 00:00:00.000001502,-0.036328
1970-01-01 00:00:00.000001503,-0.035936
1970-01-01 00:00:00.000001504,-0.034467
1970-01-01 00:00:00.000001505,-0.031826
1970-01-01 00:00:00.000001506,-0.02806
1970-01-01 00:00:00.000001507,-0.023766
1970-01-01 00:00:00.000001508,-0.019928
1970-01-01 00:00:00.000001509,-0.017033
1970-01-01 00:00:00.000001510,-0.015684
1970-01-01 00:00:00.000001511,-0.015961
1970-01-01 00:00:00.000001512,-0.017204
1970-01-01 00:00:00.000001513,-0.018121
1970-01-01 00:00:00.000001514,-0.0180689999999999
1970-01-01 00:00:00.000001515,-0.017376
1970-01-01 00:00:00.000001516,-0.017197
1970-01-01 00:00:00.000001517,-0.018092
1970-01-01 00:00:00.000001518,-0.0189879999999999
1970-01-01 00:00:00.000001519,-0.0190229999999999
1970-01-01 00:00:00.000001520,-0.018165
1970-01-01 00:00:00.000001521,-0.017018
1970-01-01 00:00:00.000001522,-0.0162
1970-01-01 00:00:00.000001523,-0.015354
1970-01-01 00:00:00.000001524,-0.013878
1970-01-01 00:00:00.000001525,-0.011889
1970-01-01 00:00:00.000001526,-0.009633
1970-01-01 00:00:00.000001527,-0.0072549999999999
1970-01-01 00:00:00.000001528,-0.005161
1970-01-01 00:00:00.000001529,-0.003593
1970-01-01 00:00:00.000001530,-0.002497
1970-01-01 00:00:00.000001531,-0.002391
1970-01-01 00:00:00.000001532,-0.003355
1970-01-01 00:00:00.000001533,-0.005393
1970-01-01 00:00:00.000001534,-0.008389
1970-01-01 00:00:00.000001535,-0.011666
1970-01-01 00:00:00.000001536,-0.0146069999999999
1970-01-01 00:00:00.000001537,-0.017163
1970-01-01 00:00:00.000001538,-0.019482
1970-01-01 00:00:00.000001539,-0.021911
1970-01-01 00:00:00.000001540,-0.024776
1970-01-01 00:00:00.000001541,-0.028307
1970-01-01 00:00:00.000001542,-0.032032
1970-01-01 00:00:00.000001543,-0.035813
1970-01-01 00:00:00.000001544,-0.039526
1970-01-01 00:00:00.000001545,-0.042982
1970-01-01 00:00:00.000001546,-0.045639
1970-01-01 00:00:00.000001547,-0.0474589999999999
1970-01-01 00:00:00.000001548,-0.049097
1970-01-01 00:00:00.000001549,-0.0502009999999999
1970-01-01 00:00:00.000001550,-0.049372
1970-01-01 00:00:00.000001551,-0.047225
1970-01-01 00:00:00.000001552,-0.044943
1970-01-01 00:00:00.000001553,-0.041865
1970-01-01 00:00:00.000001554,-0.036979
1970-01-01 00:00:00.000001555,-0.032115
1970-01-01 00:00:00.000001556,-0.028413
1970-01-01 00:00:00.000001557,-0.027263
1970-01-01 00:00:00.000001558,-0.028276
1970-01-01 00:00:00.000001559,-0.02883
1970-01-01 00:00:00.000001560,-0.028331
1970-01-01 00:00:00.000001561,-0.029477
1970-01-01 00:00:00.000001562,-0.031361
1970-01-01 00:00:00.000001563,-0.031254
1970-01-01 00:00:00.000001564,-0.028678
1970-01-01 00:00:00.000001565,-0.0248919999999999
1970-01-01 00:00:00.000001566,-0.0205979999999999
1970-01-01 00:00:00.000001567,-0.0147409999999999
1970-01-01 00:00:00.000001568,-0.007809
1970-01-01 00:00:00.000001569,-0.002199
1970-01-01 00:00:00.000001570,-0.0001149999999999
1970-01-01 00:00:00.000001571,-0.001236
1970-01-01 00:00:00.000001572,-0.002317
1970-01-01 00:00:00.000001573,-0.001132
1970-01-01 00:00:00.000001574,0.0016469999999999
1970-01-01 00:00:00.000001575,0.004277
1970-01-01 00:00:00.000001576,0.005732
1970-01-01 00:00:00.000001577,0.006599
1970-01-01 00:00:00.000001578,0.007058
1970-01-01 00:00:00.000001579,0.006517
1970-01-01 00:00:00.000001580,0.004557
1970-01-01 00:00:00.000001581,0.001612
1970-01-01 00:00:00.000001582,-0.001648
1970-01-01 00:00:00.000001583,-0.004988
1970-01-01 00:00:00.000001584,-0.008416
1970-01-01 00:00:00.000001585,-0.011597
1970-01-01 00:00:00.000001586,-0.014504
1970-01-01 00:00:00.000001587,-0.017745
1970-01-01 00:00:00.000001588,-0.0216349999999999
1970-01-01 00:00:00.000001589,-0.025577
1970-01-01 00:00:00.000001590,-0.02873
1970-01-01 00:00:00.000001591,-0.031211
1970-01-01 00:00:00.000001592,-0.033365
1970-01-01 00:00:00.000001593,-0.03533
1970-01-01 00:00:00.000001594,-0.0372269999999999
1970-01-01 00:00:00.000001595,-0.039043
1970-01-01 00:00:00.000001596,-0.040754
1970-01-01 00:00:00.000001597,-0.042647
1970-01-01 00:00:00.000001598,-0.044825
1970-01-01 00:00:00.000001599,-0.047234
1970-01-01 00:00:00.000001600,-0.049785
1970-01-01 00:00:00.000001601,-0.052479
1970-01-01 00:00:00.000001602,-0.0551899999999999
1970-01-01 00:00:00.000001603,-0.057738
1970-01-01 00:00:00.000001604,-0.0600179999999999
1970-01-01 00:00:00.000001605,-0.06185
1970-01-01 00:00:00.000001606,-0.063121
1970-01-01 00:00:00.000001607,-0.063791
1970-01-01 00:00:00.000001608,-0.0638789999999999
1970-01-01 00:00:00.000001609,-0.06352
1970-01-01 00:00:00.000001610,-0.06262
1970-01-01 00:00:00.000001611,-0.061022
1970-01-01 00:00:00.000001612,-0.058811
1970-01-01 00:00:00.000001613,-0.056462
1970-01-01 00:00:00.000001614,-0.054318
1970-01-01 00:00:00.000001615,-0.052232
1970-01-01 00:00:00.000001616,-0.0501519999999999
1970-01-01 00:00:00.000001617,-0.047924
1970-01-01 00:00:00.000001618,-0.045673
1970-01-01 00:00:00.000001619,-0.043569
1970-01-01 00:00:00.000001620,-0.04183
1970-01-01 00:00:00.000001621,-0.040574
1970-01-01 00:00:00.000001622,-0.039712
1970-01-01 00:00:00.000001623,-0.039169
1970-01-01 00:00:00.000001624,-0.038768
1970-01-01 00:00:00.000001625,-0.0385029999999999
1970-01-01 00:00:00.000001626,-0.038467
1970-01-01 00:00:00.000001627,-0.038463
1970-01-01 00:00:00.000001628,-0.038392
1970-01-01 00:00:00.000001629,-0.038432
1970-01-01 00:00:00.000001630,-0.038715
1970-01-01 00:00:00.000001631,-0.039074
1970-01-01 00:00:00.000001632,-0.039423
1970-01-01 00:00:00.000001633,-0.039773
1970-01-01 00:00:00.000001634,-0.04006
1970-01-01 00:00:00.000001635,-0.040339
1970-01-01 00:00:00.000001636,-0.04068
1970-01-01 00:00:00.000001637,-0.0410149999999999
1970-01-01 00:00:00.000001638,-0.041492
1970-01-01 00:00:00.000001639,-0.042227
1970-01-01 00:00:00.000001640,-0.043061
1970-01-01 00:00:00.000001641,-0.043877
1970-01-01 00:00:00.000001642,-0.044663
1970-01-01 00:00:00.000001643,-0.045561
1970-01-01 00:00:00.000001644,-0.046421
1970-01-01 00:00:00.000001645,-0.04725
1970-01-01 00:00:00.000001646,-0.048162
1970-01-01 00:00:00.000001647,-0.049032
1970-01-01 00:00:00.000001648,-0.0498399999999999
1970-01-01 00:00:00.000001649,-0.050601
1970-01-01 00:00:00.000001650,-0.0514059999999999
1970-01-01 00:00:00.000001651,-0.052232
1970-01-01 00:00:00.000001652,-0.053058
1970-01-01 00:00:00.000001653,-0.053791
1970-01-01 00:00:00.000001654,-0.0543
1970-01-01 00:00:00.000001655,-0.054664
1970-01-01 00:00:00.000001656,-0.054757
1970-01-01 00:00:00.000001657,-0.05464
1970-01-01 00:00:00.000001658,-0.054422
1970-01-01 00:00:00.000001659,-0.0541809999999999
1970-01-01 00:00:00.000001660,-0.053975
1970-01-01 00:00:00.000001661,-0.053908
1970-01-01 00:00:00.000001662,-0.053957
1970-01-01 00:00:00.000001663,-0.054075
1970-01-01 00:00:00.000001664,-0.054161
1970-01-01 00:00:00.000001665,-0.054136
1970-01-01 00:00:00.000001666,-0.053877
1970-01-01 00:00:00.000001667,-0.0534139999999999
1970-01-01 00:00:00.000001668,-0.053
1970-01-01 00:00:00.000001669,-0.0526509999999999
1970-01-01 00:00:00.000001670,-0.052297
1970-01-01 00:00:00.000001671,-0.0517799999999999
1970-01-01 00:00:00.000001672,-0.051066
1970-01-01 00:00:00.000001673,-0.0501649999999999
1970-01-01 00:00:00.000001674,-0.04926
1970-01-01 00:00:00.000001675,-0.048531
1970-01-01 00:00:00.000001676,-0.047927
1970-01-01 00:00:00.000001677,-0.047506
1970-01-01 00:00:00.000001678,-0.04741
1970-01-01 00:00:00.000001679,-0.047493
1970-01-01 00:00:00.000001680,-0.04763
1970-01-01 00:00:00.000001681,-0.047944
1970-01-01 00:00:00.000001682,-0.04845
1970-01-01 00:00:00.000001683,-0.049136
1970-01-01 00:00:00.000001684,-0.0500629999999999
1970-01-01 00:00:00.000001685,-0.051278
1970-01-01 00:00:00.000001686,-0.052799
1970-01-01 00:00:00.000001687,-0.054424
1970-01-01 00:00:00.000001688,-0.055984
1970-01-01 00:00:00.000001689,-0.057234
1970-01-01 00:00:00.000001690,-0.0582279999999999
1970-01-01 00:00:00.000001691,-0.059176
1970-01-01 00:00:00.000001692,-0.06015
1970-01-01 00:00:00.000001693,-0.061258
1970-01-01 00:00:00.000001694,-0.062464
1970-01-01 00:00:00.000001695,-0.063596
1970-01-01 00:00:00.000001696,-0.064669
1970-01-01 00:00:00.000001697,-0.065705
1970-01-01 00:00:00.000001698,-0.066467
1970-01-01 00:00:00.000001699,-0.067059
1970-01-01 00:00:00.000001700,-0.067562
1970-01-01 00:00:00.000001701,-0.067875
1970-01-01 00:00:00.000001702,-0.068187
1970-01-01 00:00:00.000001703,-0.068635
1970-01-01 00:00:00.000001704,-0.068983
1970-01-01 00:00:00.000001705,-0.068967
1970-01-01 00:00:00.000001706,-0.068675
1970-01-01 00:00:00.000001707,-0.068237
1970-01-01 00:00:00.000001708,-0.067804
1970-01-01 00:00:00.000001709,-0.067421
1970-01-01 00:00:00.000001710,-0.06707
1970-01-01 00:00:00.000001711,-0.066685
1970-01-01 00:00:00.000001712,-0.066132
1970-01-01 00:00:00.000001713,-0.065242
1970-01-01 00:00:00.000001714,-0.064148
1970-01-01 00:00:00.000001715,-0.063083
1970-01-01 00:00:00.000001716,-0.062013
1970-01-01 00:00:00.000001717,-0.0608379999999999
1970-01-01 00:00:00.000001718,-0.0596
1970-01-01 00:00:00.000001719,-0.0585169999999999
1970-01-01 00:00:00.000001720,-0.057672
1970-01-01 00:00:00.000001721,-0.056898
1970-01-01 00:00:00.000001722,-0.056165
1970-01-01 00:00:00.000001723,-0.055571
1970-01-01 00:00:00.000001724,-0.05522
1970-01-01 00:00:00.000001725,-0.055117
1970-01-01 00:00:00.000001726,-0.055156
1970-01-01 00:00:00.000001727,-0.055299
1970-01-01 00:00:00.000001728,-0.055507
1970-01-01 00:00:00.000001729,-0.055688
1970-01-01 00:00:00.000001730,-0.0558769999999999
1970-01-01 00:00:00.000001731,-0.0562159999999999
1970-01-01 00:00:00.000001732,-0.0567909999999999
1970-01-01 00:00:00.000001733,-0.057597
1970-01-01 00:00:00.000001734,-0.058536
1970-01-01 00:00:00.000001735,-0.059526
1970-01-01 00:00:00.000001736,-0.0604909999999999
1970-01-01 00:00:00.000001737,-0.061328
1970-01-01 00:00:00.000001738,-0.062096
1970-01-01 00:00:00.000001739,-0.0627409999999999
1970-01-01 00:00:00.000001740,-0.063185
1970-01-01 00:00:00.000001741,-0.063386
1970-01-01 00:00:00.000001742,-0.063394
1970-01-01 00:00:00.000001743,-0.063282
1970-01-01 00:00:00.000001744,-0.063235
1970-01-01 00:00:00.000001745,-0.063274
1970-01-01 00:00:00.000001746,-0.063246
1970-01-01 00:00:00.000001747,-0.063216
1970-01-01 00:00:00.000001748,-0.063136
1970-01-01 00:00:00.000001749,-0.0630179999999999
1970-01-01 00:00:00.000001750,-0.0628799999999999
1970-01-01 00:00:00.000001751,-0.062661
1970-01-01 00:00:00.000001752,-0.062301
1970-01-01 00:00:00.000001753,-0.061903
1970-01-01 00:00:00.000001754,-0.061483
1970-01-01 00:00:00.000001755,-0.0609679999999999
1970-01-01 00:00:00.000001756,-0.0604419999999999
1970-01-01 00:00:00.000001757,-0.059809
1970-01-01 00:00:00.000001758,-0.058985
1970-01-01 00:00:00.000001759,-0.058077
1970-01-01 00:00:00.000001760,-0.057113
1970-01-01 00:00:00.000001761,-0.05604
1970-01-01 00:00:00.000001762,-0.054995
1970-01-01 00:00:00.000001763,-0.053994
1970-01-01 00:00:00.000001764,-0.053061
1970-01-01 00:00:00.000001765,-0.052226
1970-01-01 00:00:00.000001766,-0.051594
1970-01-01 00:00:00.000001767,-0.051211
1970-01-01 00:00:00.000001768,-0.051002
1970-01-01 00:00:00.000001769,-0.050923
1970-01-01 00:00:00.000001770,-0.05096
1970-01-01 00:00:00.000001771,-0.051006
1970-01-01 00:00:00.000001772,-0.051091
1970-01-01 00:00:00.000001773,-0.051151
1970-01-01 00:00:00.000001774,-0.051138
1970-01-01 00:00:00.000001775,-0.050955
1970-01-01 00:00:00.000001776,-0.050566
1970-01-01 00:00:00.000001777,-0.050038
1970-01-01 00:00:00.000001778,-0.049638
1970-01-01 00:00:00.000001779,-0.049368
1970-01-01 00:00:00.000001780,-0.049137
1970-01-01 00:00:00.000001781,-0.0490079999999999
1970-01-01 00:00:00.000001782,-0.048992
1970-01-01 00:00:00.000001783,-0.049101
1970-01-01 00:00:00.000001784,-0.049323
1970-01-01 00:00:00.000001785,-0.0495079999999999
1970-01-01 00:00:00.000001786,-0.049613
1970-01-01 00:00:00.000001787,-0.049782
1970-01-01 00:00:00.000001788,-0.050074
1970-01-01 00:00:00.000001789,-0.050391
1970-01-01 00:00:00.000001790,-0.050658
1970-01-01 00:00:00.000001791,-0.0507079999999999
1970-01-01 00:00:00.000001792,-0.050469
1970-01-01 00:00:00.000001793,-0.050106
1970-01-01 00:00:00.000001794,-0.049751
1970-01-01 00:00:00.000001795,-0.049641
1970-01-01 00:00:00.000001796,-0.049667
1970-01-01 00:00:00.000001797,-0.049766
1970-01-01 00:00:00.000001798,-0.050009
1970-01-01 00:00:00.000001799,-0.050502
1970-01-01 00:00:00.000001800,-0.051239
1970-01-01 00:00:00.000001801,-0.051987
1970-01-01 00:00:00.000001802,-0.052465
1970-01-01 00:00:00.000001803,-0.052675
1970-01-01 00:00:00.000001804,-0.052877
1970-01-01 00:00:00.000001805,-0.053068
1970-01-01 00:00:00.000001806,-0.05301
1970-01-01 00:00:00.000001807,-0.052516
1970-01-01 00:00:00.000001808,-0.051701
1970-01-01 00:00:00.000001809,-0.050739
1970-01-01 00:00:00.000001810,-0.049844
1970-01-01 00:00:00.000001811,-0.049125
1970-01-01 00:00:00.000001812,-0.048531
1970-01-01 00:00:00.000001813,-0.048228
1970-01-01 00:00:00.000001814,-0.048177
1970-01-01 00:00:00.000001815,-0.048293
1970-01-01 00:00:00.000001816,-0.048547
1970-01-01 00:00:00.000001817,-0.04879
1970-01-01 00:00:00.000001818,-0.049027
1970-01-01 00:00:00.000001819,-0.04933
1970-01-01 00:00:00.000001820,-0.049717
1970-01-01 00:00:00.000001821,-0.050118
1970-01-01 00:00:00.000001822,-0.050533
1970-01-01 00:00:00.000001823,-0.05111
1970-01-01 00:00:00.000001824,-0.051834
1970-01-01 00:00:00.000001825,-0.0526779999999999
1970-01-01 00:00:00.000001826,-0.053671
1970-01-01 00:00:00.000001827,-0.0548769999999999
1970-01-01 00:00:00.000001828,-0.056211
1970-01-01 00:00:00.000001829,-0.057701
1970-01-01 00:00:00.000001830,-0.059252
1970-01-01 00:00:00.000001831,-0.060774
1970-01-01 00:00:00.000001832,-0.0622039999999999
1970-01-01 00:00:00.000001833,-0.063403
1970-01-01 00:00:00.000001834,-0.064327
1970-01-01 00:00:00.000001835,-0.065059
1970-01-01 00:00:00.000001836,-0.065673
1970-01-01 00:00:00.000001837,-0.066229
1970-01-01 00:00:00.000001838,-0.066669
1970-01-01 00:00:00.000001839,-0.066827
1970-01-01 00:00:00.000001840,-0.066726
1970-01-01 00:00:00.000001841,-0.066371
1970-01-01 00:00:00.000001842,-0.06612
1970-01-01 00:00:00.000001843,-0.065991
1970-01-01 00:00:00.000001844,-0.065992
1970-01-01 00:00:00.000001845,-0.066227
1970-01-01 00:00:00.000001846,-0.066699
1970-01-01 00:00:00.000001847,-0.067219
1970-01-01 00:00:00.000001848,-0.067619
1970-01-01 00:00:00.000001849,-0.067934
1970-01-01 00:00:00.000001850,-0.068257
1970-01-01 00:00:00.000001851,-0.068582
1970-01-01 00:00:00.000001852,-0.068866
1970-01-01 00:00:00.000001853,-0.069051
1970-01-01 00:00:00.000001854,-0.069135
1970-01-01 00:00:00.000001855,-0.06926
1970-01-01 00:00:00.000001856,-0.069557
1970-01-01 00:00:00.000001857,-0.069989
1970-01-01 00:00:00.000001858,-0.070447
1970-01-01 00:00:00.000001859,-0.0707049999999999
1970-01-01 00:00:00.000001860,-0.070782
1970-01-01 00:00:00.000001861,-0.070949
1970-01-01 00:00:00.000001862,-0.07134
1970-01-01 00:00:00.000001863,-0.071771
1970-01-01 00:00:00.000001864,-0.072245
1970-01-01 00:00:00.000001865,-0.072646
1970-01-01 00:00:00.000001866,-0.07286
1970-01-01 00:00:00.000001867,-0.0729539999999999
1970-01-01 00:00:00.000001868,-0.073037
1970-01-01 00:00:00.000001869,-0.073082
1970-01-01 00:00:00.000001870,-0.073044
1970-01-01 00:00:00.000001871,-0.072913
1970-01-01 00:00:00.000001872,-0.0727039999999999
1970-01-01 00:00:00.000001873,-0.072415
1970-01-01 00:00:00.000001874,-0.072189
1970-01-01 00:00:00.000001875,-0.071992
1970-01-01 00:00:00.000001876,-0.071745
1970-01-01 00:00:00.000001877,-0.071393
1970-01-01 00:00:00.000001878,-0.070934
1970-01-01 00:00:00.000001879,-0.07047
1970-01-01 00:00:00.000001880,-0.069975
1970-01-01 00:00:00.000001881,-0.069421
1970-01-01 00:00:00.000001882,-0.068896
1970-01-01 00:00:00.000001883,-0.0684299999999999
1970-01-01 00:00:00.000001884,-0.06785
1970-01-01 00:00:00.000001885,-0.0670159999999999
1970-01-01 00:00:00.000001886,-0.065861
1970-01-01 00:00:00.000001887,-0.064579
1970-01-01 00:00:00.000001888,-0.063428
1970-01-01 00:00:00.000001889,-0.062449
1970-01-01 00:00:00.000001890,-0.0615929999999999
1970-01-01 00:00:00.000001891,-0.060826
1970-01-01 00:00:00.000001892,-0.060047
1970-01-01 00:00:00.000001893,-0.0594
1970-01-01 00:00:00.000001894,-0.058989
1970-01-01 00:00:00.000001895,-0.05867
1970-01-01 00:00:00.000001896,-0.0582059999999999
1970-01-01 00:00:00.000001897,-0.0576039999999999
1970-01-01 00:00:00.000001898,-0.056925
1970-01-01 00:00:00.000001899,-0.0561929999999999
1970-01-01 00:00:00.000001900,-0.055501
1970-01-01 00:00:00.000001901,-0.054859
1970-01-01 00:00:00.000001902,-0.054251
1970-01-01 00:00:00.000001903,-0.053735
1970-01-01 00:00:00.000001904,-0.053371
1970-01-01 00:00:00.000001905,-0.05325
1970-01-01 00:00:00.000001906,-0.0533059999999999
1970-01-01 00:00:00.000001907,-0.053305
1970-01-01 00:00:00.000001908,-0.053165
1970-01-01 00:00:00.000001909,-0.052982
1970-01-01 00:00:00.000001910,-0.052814
1970-01-01 00:00:00.000001911,-0.052649
1970-01-01 00:00:00.000001912,-0.0525429999999999
1970-01-01 00:00:00.000001913,-0.052555
1970-01-01 00:00:00.000001914,-0.0526059999999999
1970-01-01 00:00:00.000001915,-0.052771
1970-01-01 00:00:00.000001916,-0.0530919999999999
1970-01-01 00:00:00.000001917,-0.053364
1970-01-01 00:00:00.000001918,-0.0536289999999999
1970-01-01 00:00:00.000001919,-0.053876
1970-01-01 00:00:00.000001920,-0.054044
1970-01-01 00:00:00.000001921,-0.054085
1970-01-01 00:00:00.000001922,-0.05414
1970-01-01 00:00:00.000001923,-0.054184
1970-01-01 00:00:00.000001924,-0.054175
1970-01-01 00:00:00.000001925,-0.054153
1970-01-01 00:00:00.000001926,-0.054185
1970-01-01 00:00:00.000001927,-0.0542429999999999
1970-01-01 00:00:00.000001928,-0.054308
1970-01-01 00:00:00.000001929,-0.054319
1970-01-01 00:00:00.000001930,-0.054365
1970-01-01 00:00:00.000001931,-0.05441
1970-01-01 00:00:00.000001932,-0.054528
1970-01-01 00:00:00.000001933,-0.054708
1970-01-01 00:00:00.000001934,-0.054874
1970-01-01 00:00:00.000001935,-0.0551539999999999
1970-01-01 00:00:00.000001936,-0.0554919999999999
1970-01-01 00:00:00.000001937,-0.055744
1970-01-01 00:00:00.000001938,-0.0558669999999999
1970-01-01 00:00:00.000001939,-0.05596
1970-01-01 00:00:00.000001940,-0.056079
1970-01-01 00:00:00.000001941,-0.056287
1970-01-01 00:00:00.000001942,-0.056495
1970-01-01 00:00:00.000001943,-0.056609
1970-01-01 00:00:00.000001944,-0.056645
1970-01-01 00:00:00.000001945,-0.056658
1970-01-01 00:00:00.000001946,-0.056665
1970-01-01 00:00:00.000001947,-0.056648
1970-01-01 00:00:00.000001948,-0.05672
1970-01-01 00:00:00.000001949,-0.056783
1970-01-01 00:00:00.000001950,-0.056725
1970-01-01 00:00:00.000001951,-0.056525
1970-01-01 00:00:00.000001952,-0.056174
1970-01-01 00:00:00.000001953,-0.055737
1970-01-01 00:00:00.000001954,-0.055247
1970-01-01 00:00:00.000001955,-0.054683
1970-01-01 00:00:00.000001956,-0.0540059999999999
1970-01-01 00:00:00.000001957,-0.0532799999999999
1970-01-01 00:00:00.000001958,-0.0527409999999999
1970-01-01 00:00:00.000001959,-0.052528
1970-01-01 00:00:00.000001960,-0.0526289999999999
1970-01-01 00:00:00.000001961,-0.052805
1970-01-01 00:00:00.000001962,-0.052912
1970-01-01 00:00:00.000001963,-0.0531559999999999
1970-01-01 00:00:00.000001964,-0.053625
1970-01-01 00:00:00.000001965,-0.054174
1970-01-01 00:00:00.000001966,-0.054659
1970-01-01 00:00:00.000001967,-0.055137
1970-01-01 00:00:00.000001968,-0.0555789999999999
1970-01-01 00:00:00.000001969,-0.0560809999999999
1970-01-01 00:00:00.000001970,-0.056628
1970-01-01 00:00:00.000001971,-0.0572279999999999
1970-01-01 00:00:00.000001972,-0.0578169999999999
1970-01-01 00:00:00.000001973,-0.058513
1970-01-01 00:00:00.000001974,-0.059208
1970-01-01 00:00:00.000001975,-0.059914
1970-01-01 00:00:00.000001976,-0.060689
1970-01-01 00:00:00.000001977,-0.061484
1970-01-01 00:00:00.000001978,-0.062241
1970-01-01 00:00:00.000001979,-0.063035
1970-01-01 00:00:00.000001980,-0.063776
1970-01-01 00:00:00.000001981,-0.064551
1970-01-01 00:00:00.000001982,-0.065357
1970-01-01 00:00:00.000001983,-0.06619
1970-01-01 00:00:00.000001984,-0.067133
1970-01-01 00:00:00.000001985,-0.068076
1970-01-01 00:00:00.000001986,-0.069018
1970-01-01 00:00:00.000001987,-0.069848
1970-01-01 00:00:00.000001988,-0.070503
1970-01-01 00:00:00.000001989,-0.071157
1970-01-01 00:00:00.000001990,-0.071777
1970-01-01 00:00:00.000001991,-0.072227
1970-01-01 00:00:00.000001992,-0.072446
1970-01-01 00:00:00.000001993,-0.07249
1970-01-01 00:00:00.000001994,-0.072339
1970-01-01 00:00:00.000001995,-0.072063
1970-01-01 00:00:00.000001996,-0.07177
1970-01-01 00:00:00.000001997,-0.071525
1970-01-01 00:00:00.000001998,-0.071335
1970-01-01 00:00:00.000001999,-0.071212
1970-01-01 00:00:00.000002000,-0.071217
1970-01-01 00:00:00.000002001,-0.071344
1970-01-01 00:00:00.000002002,-0.071358
1970-01-01 00:00:00.000002003,-0.071096
1970-01-01 00:00:00.000002004,-0.070565
1970-01-01 00:00:00.000002005,-0.069936
1970-01-01 00:00:00.000002006,-0.069407
1970-01-01 00:00:00.000002007,-0.069059
1970-01-01 00:00:00.000002008,-0.068785
1970-01-01 00:00:00.000002009,-0.068441
1970-01-01 00:00:00.000002010,-0.067899
1970-01-01 00:00:00.000002011,-0.067268
1970-01-01 00:00:00.000002012,-0.0666
1970-01-01 00:00:00.000002013,-0.065966
1970-01-01 00:00:00.000002014,-0.065342
1970-01-01 00:00:00.000002015,-0.0646559999999999
1970-01-01 00:00:00.000002016,-0.063874
1970-01-01 00:00:00.000002017,-0.063076
1970-01-01 00:00:00.000002018,-0.0624529999999999
1970-01-01 00:00:00.000002019,-0.061939
1970-01-01 00:00:00.000002020,-0.061345
1970-01-01 00:00:00.000002021,-0.060658
1970-01-01 00:00:00.000002022,-0.059858
1970-01-01 00:00:00.000002023,-0.059035
1970-01-01 00:00:00.000002024,-0.05821
1970-01-01 00:00:00.000002025,-0.057296
1970-01-01 00:00:00.000002026,-0.056402
1970-01-01 00:00:00.000002027,-0.055496
1970-01-01 00:00:00.000002028,-0.05457
1970-01-01 00:00:00.000002029,-0.053687
1970-01-01 00:00:00.000002030,-0.052821
1970-01-01 00:00:00.000002031,-0.052006
1970-01-01 00:00:00.000002032,-0.051245
1970-01-01 00:00:00.000002033,-0.05032
1970-01-01 00:00:00.000002034,-0.049326
1970-01-01 00:00:00.000002035,-0.048497
1970-01-01 00:00:00.000002036,-0.047921
1970-01-01 00:00:00.000002037,-0.047553
1970-01-01 00:00:00.000002038,-0.047227
1970-01-01 00:00:00.000002039,-0.046792
1970-01-01 00:00:00.000002040,-0.046245
1970-01-01 00:00:00.000002041,-0.045714
1970-01-01 00:00:00.000002042,-0.045222
1970-01-01 00:00:00.000002043,-0.04476
1970-01-01 00:00:00.000002044,-0.044334
1970-01-01 00:00:00.000002045,-0.043932
1970-01-01 00:00:00.000002046,-0.043571
1970-01-01 00:00:00.000002047,-0.043244
1970-01-01 00:00:00.000002048,-0.042969
1970-01-01 00:00:00.000002049,-0.042762
1970-01-01 00:00:00.000002050,-0.042587
1970-01-01 00:00:00.000002051,-0.042392
1970-01-01 00:00:00.000002052,-0.042164
1970-01-01 00:00:00.000002053,-0.0419019999999999
1970-01-01 00:00:00.000002054,-0.041595
1970-01-01 00:00:00.000002055,-0.041241
1970-01-01 00:00:00.000002056,-0.040915
1970-01-01 00:00:00.000002057,-0.04059
1970-01-01 00:00:00.000002058,-0.040224
1970-01-01 00:00:00.000002059,-0.039852
1970-01-01 00:00:00.000002060,-0.03965
1970-01-01 00:00:00.000002061,-0.039544
1970-01-01 00:00:00.000002062,-0.039437
1970-01-01 00:00:00.000002063,-0.039306
1970-01-01 00:00:00.000002064,-0.039119
1970-01-01 00:00:00.000002065,-0.0389459999999999
1970-01-01 00:00:00.000002066,-0.038784
1970-01-01 00:00:00.000002067,-0.038512
1970-01-01 00:00:00.000002068,-0.038138
1970-01-01 00:00:00.000002069,-0.037724
1970-01-01 00:00:00.000002070,-0.03733
1970-01-01 00:00:00.000002071,-0.037009
1970-01-01 00:00:00.000002072,-0.036706
1970-01-01 00:00:00.000002073,-0.036349
1970-01-01 00:00:00.000002074,-0.036025
1970-01-01 00:00:00.000002075,-0.035681
1970-01-01 00:00:00.000002076,-0.035363
1970-01-01 00:00:00.000002077,-0.035131
1970-01-01 00:00:00.000002078,-0.035051
1970-01-01 00:00:00.000002079,-0.035137
1970-01-01 00:00:00.000002080,-0.035392
1970-01-01 00:00:00.000002081,-0.035812
1970-01-01 00:00:00.000002082,-0.036402
1970-01-01 00:00:00.000002083,-0.037181
1970-01-01 00:00:00.000002084,-0.03805
1970-01-01 00:00:00.000002085,-0.038952
1970-01-01 00:00:00.000002086,-0.039809
1970-01-01 00:00:00.000002087,-0.040527
1970-01-01 00:00:00.000002088,-0.041174
1970-01-01 00:00:00.000002089,-0.04185
1970-01-01 00:00:00.000002090,-0.0425209999999999
1970-01-01 00:00:00.000002091,-0.043273
1970-01-01 00:00:00.000002092,-0.044144
1970-01-01 00:00:00.000002093,-0.045016
1970-01-01 00:00:00.000002094,-0.045693
1970-01-01 00:00:00.000002095,-0.046192
1970-01-01 00:00:00.000002096,-0.046708
1970-01-01 00:00:00.000002097,-0.047299
1970-01-01 00:00:00.000002098,-0.047973
1970-01-01 00:00:00.000002099,-0.048675
1970-01-01 00:00:00.000002100,-0.049328
1970-01-01 00:00:00.000002101,-0.049868
1970-01-01 00:00:00.000002102,-0.050328
1970-01-01 00:00:00.000002103,-0.050725
1970-01-01 00:00:00.000002104,-0.051085
1970-01-01 00:00:00.000002105,-0.051382
1970-01-01 00:00:00.000002106,-0.05161
1970-01-01 00:00:00.000002107,-0.051787
1970-01-01 00:00:00.000002108,-0.051994
1970-01-01 00:00:00.000002109,-0.052148
1970-01-01 00:00:00.000002110,-0.0523419999999999
1970-01-01 00:00:00.000002111,-0.052721
1970-01-01 00:00:00.000002112,-0.053264
1970-01-01 00:00:00.000002113,-0.053899
1970-01-01 00:00:00.000002114,-0.0547
1970-01-01 00:00:00.000002115,-0.0556169999999999
1970-01-01 00:00:00.000002116,-0.056522
1970-01-01 00:00:00.000002117,-0.0573809999999999
1970-01-01 00:00:00.000002118,-0.058169
1970-01-01 00:00:00.000002119,-0.05887
1970-01-01 00:00:00.000002120,-0.059458
1970-01-01 00:00:00.000002121,-0.060061
1970-01-01 00:00:00.000002122,-0.0607669999999999
1970-01-01 00:00:00.000002123,-0.061678
1970-01-01 00:00:00.000002124,-0.062762
1970-01-01 00:00:00.000002125,-0.063914
1970-01-01 00:00:00.000002126,-0.065048
1970-01-01 00:00:00.000002127,-0.066206
1970-01-01 00:00:00.000002128,-0.067369
1970-01-01 00:00:00.000002129,-0.068459
1970-01-01 00:00:00.000002130,-0.069354
1970-01-01 00:00:00.000002131,-0.070267
1970-01-01 00:00:00.000002132,-0.0712899999999999
1970-01-01 00:00:00.000002133,-0.0724559999999999
1970-01-01 00:00:00.000002134,-0.073872
1970-01-01 00:00:00.000002135,-0.075642
1970-01-01 00:00:00.000002136,-0.077457
1970-01-01 00:00:00.000002137,-0.078806
1970-01-01 00:00:00.000002138,-0.079475
1970-01-01 00:00:00.000002139,-0.079737
1970-01-01 00:00:00.000002140,-0.079476
1970-01-01 00:00:00.000002141,-0.078522
1970-01-01 00:00:00.000002142,-0.076877
1970-01-01 00:00:00.000002143,-0.074351
1970-01-01 00:00:00.000002144,-0.071372
1970-01-01 00:00:00.000002145,-0.069272
1970-01-01 00:00:00.000002146,-0.068573
1970-01-01 00:00:00.000002147,-0.068613
1970-01-01 00:00:00.000002148,-0.0694
1970-01-01 00:00:00.000002149,-0.070727
1970-01-01 00:00:00.000002150,-0.071347
1970-01-01 00:00:00.000002151,-0.0712179999999999
1970-01-01 00:00:00.000002152,-0.071556
1970-01-01 00:00:00.000002153,-0.072437
1970-01-01 00:00:00.000002154,-0.073726
1970-01-01 00:00:00.000002155,-0.075484
1970-01-01 00:00:00.000002156,-0.077276
1970-01-01 00:00:00.000002157,-0.078952
1970-01-01 00:00:00.000002158,-0.080489
1970-01-01 00:00:00.000002159,-0.081791
1970-01-01 00:00:00.000002160,-0.08285
1970-01-01 00:00:00.000002161,-0.083698
1970-01-01 00:00:00.000002162,-0.084287
1970-01-01 00:00:00.000002163,-0.084717
1970-01-01 00:00:00.000002164,-0.084798
1970-01-01 00:00:00.000002165,-0.084643
1970-01-01 00:00:00.000002166,-0.084523
1970-01-01 00:00:00.000002167,-0.084383
1970-01-01 00:00:00.000002168,-0.083933
1970-01-01 00:00:00.000002169,-0.083187
1970-01-01 00:00:00.000002170,-0.082323
1970-01-01 00:00:00.000002171,-0.081475
1970-01-01 00:00:00.000002172,-0.080633
1970-01-01 00:00:00.000002173,-0.079575
1970-01-01 00:00:00.000002174,-0.078336
1970-01-01 00:00:00.000002175,-0.0771
1970-01-01 00:00:00.000002176,-0.075957
1970-01-01 00:00:00.000002177,-0.075008
1970-01-01 00:00:00.000002178,-0.074249
1970-01-01 00:00:00.000002179,-0.0735919999999999
1970-01-01 00:00:00.000002180,-0.072985
1970-01-01 00:00:00.000002181,-0.072432
1970-01-01 00:00:00.000002182,-0.071945
1970-01-01 00:00:00.000002183,-0.0715919999999999
1970-01-01 00:00:00.000002184,-0.071302
1970-01-01 00:00:00.000002185,-0.070799
1970-01-01 00:00:00.000002186,-0.070039
1970-01-01 00:00:00.000002187,-0.068995
1970-01-01 00:00:00.000002188,-0.067734
1970-01-01 00:00:00.000002189,-0.066414
1970-01-01 00:00:00.000002190,-0.065397
1970-01-01 00:00:00.000002191,-0.064796
1970-01-01 00:00:00.000002192,-0.064344
1970-01-01 00:00:00.000002193,-0.063799
1970-01-01 00:00:00.000002194,-0.0633789999999999
1970-01-01 00:00:00.000002195,-0.063471
1970-01-01 00:00:00.000002196,-0.064212
1970-01-01 00:00:00.000002197,-0.065188
1970-01-01 00:00:00.000002198,-0.065734
1970-01-01 00:00:00.000002199,-0.065716
1970-01-01 00:00:00.000002200,-0.065546
1970-01-01 00:00:00.000002201,-0.065748
1970-01-01 00:00:00.000002202,-0.066247
1970-01-01 00:00:00.000002203,-0.066675
1970-01-01 00:00:00.000002204,-0.06695
1970-01-01 00:00:00.000002205,-0.067152
1970-01-01 00:00:00.000002206,-0.067499
1970-01-01 00:00:00.000002207,-0.068241
1970-01-01 00:00:00.000002208,-0.069271
1970-01-01 00:00:00.000002209,-0.070388
1970-01-01 00:00:00.000002210,-0.071653
1970-01-01 00:00:00.000002211,-0.072966
1970-01-01 00:00:00.000002212,-0.074293
1970-01-01 00:00:00.000002213,-0.075829
1970-01-01 00:00:00.000002214,-0.077733
1970-01-01 00:00:00.000002215,-0.079928
1970-01-01 00:00:00.000002216,-0.082144
1970-01-01 00:00:00.000002217,-0.084547
1970-01-01 00:00:00.000002218,-0.087619
1970-01-01 00:00:00.000002219,-0.091537
1970-01-01 00:00:00.000002220,-0.095831
1970-01-01 00:00:00.000002221,-0.0996929999999999
1970-01-01 00:00:00.000002222,-0.1029609999999999
1970-01-01 00:00:00.000002223,-0.106363
1970-01-01 00:00:00.000002224,-0.110555
1970-01-01 00:00:00.000002225,-0.115291
1970-01-01 00:00:00.000002226,-0.120056
1970-01-01 00:00:00.000002227,-0.124356
1970-01-01 00:00:00.000002228,-0.128097
1970-01-01 00:00:00.000002229,-0.131264
1970-01-01 00:00:00.000002230,-0.134106
1970-01-01 00:00:00.000002231,-0.136604
1970-01-01 00:00:00.000002232,-0.138573
1970-01-01 00:00:00.000002233,-0.139474
1970-01-01 00:00:00.000002234,-0.139364
1970-01-01 00:00:00.000002235,-0.138977
1970-01-01 00:00:00.000002236,-0.138949
1970-01-01 00:00:00.000002237,-0.139281
1970-01-01 00:00:00.000002238,-0.139933
1970-01-01 00:00:00.000002239,-0.140808
1970-01-01 00:00:00.000002240,-0.141481
1970-01-01 00:00:00.000002241,-0.141399
1970-01-01 00:00:00.000002242,-0.140005
1970-01-01 00:00:00.000002243,-0.137968
1970-01-01 00:00:00.000002244,-0.13642
1970-01-01 00:00:00.000002245,-0.135029
1970-01-01 00:00:00.000002246,-0.133348
1970-01-01 00:00:00.000002247,-0.131903
1970-01-01 00:00:00.000002248,-0.130744
1970-01-01 00:00:00.000002249,-0.129864
1970-01-01 00:00:00.000002250,-0.129042
1970-01-01 00:00:00.000002251,-0.128414
1970-01-01 00:00:00.000002252,-0.128431
1970-01-01 00:00:00.000002253,-0.129195
1970-01-01 00:00:00.000002254,-0.130391
1970-01-01 00:00:00.000002255,-0.131526
1970-01-01 00:00:00.000002256,-0.132536
1970-01-01 00:00:00.000002257,-0.133469
1970-01-01 00:00:00.000002258,-0.134344
1970-01-01 00:00:00.000002259,-0.135292
1970-01-01 00:00:00.000002260,-0.136477
1970-01-01 00:00:00.000002261,-0.137454
1970-01-01 00:00:00.000002262,-0.1381869999999999
1970-01-01 00:00:00.000002263,-0.138685
1970-01-01 00:00:00.000002264,-0.139088
1970-01-01 00:00:00.000002265,-0.139452
1970-01-01 00:00:00.000002266,-0.139913
1970-01-01 00:00:00.000002267,-0.140313
1970-01-01 00:00:00.000002268,-0.140644
1970-01-01 00:00:00.000002269,-0.141022
1970-01-01 00:00:00.000002270,-0.141284
1970-01-01 00:00:00.000002271,-0.140949
1970-01-01 00:00:00.000002272,-0.140221
1970-01-01 00:00:00.000002273,-0.139311
1970-01-01 00:00:00.000002274,-0.138064
1970-01-01 00:00:00.000002275,-0.136573
1970-01-01 00:00:00.000002276,-0.134897
1970-01-01 00:00:00.000002277,-0.133023
1970-01-01 00:00:00.000002278,-0.131192
1970-01-01 00:00:00.000002279,-0.12958
1970-01-01 00:00:00.000002280,-0.128193
1970-01-01 00:00:00.000002281,-0.127044
1970-01-01 00:00:00.000002282,-0.126199
1970-01-01 00:00:00.000002283,-0.125685
1970-01-01 00:00:00.000002284,-0.125268
1970-01-01 00:00:00.000002285,-0.1246849999999999
1970-01-01 00:00:00.000002286,-0.124065
1970-01-01 00:00:00.000002287,-0.124046
1970-01-01 00:00:00.000002288,-0.1248799999999999
1970-01-01 00:00:00.000002289,-0.126299
1970-01-01 00:00:00.000002290,-0.127822
1970-01-01 00:00:00.000002291,-0.128743
1970-01-01 00:00:00.000002292,-0.128984
1970-01-01 00:00:00.000002293,-0.1287309999999999
1970-01-01 00:00:00.000002294,-0.128556
1970-01-01 00:00:00.000002295,-0.128877
1970-01-01 00:00:00.000002296,-0.12971
1970-01-01 00:00:00.000002297,-0.13074
1970-01-01 00:00:00.000002298,-0.131665
1970-01-01 00:00:00.000002299,-0.132358
1970-01-01 00:00:00.000002300,-0.133074
1970-01-01 00:00:00.000002301,-0.1340589999999999
1970-01-01 00:00:00.000002302,-0.1353609999999999
1970-01-01 00:00:00.000002303,-0.1367799999999999
1970-01-01 00:00:00.000002304,-0.137652
1970-01-01 00:00:00.000002305,-0.137645
1970-01-01 00:00:00.000002306,-0.137033
1970-01-01 00:00:00.000002307,-0.136208
1970-01-01 00:00:00.000002308,-0.135397
1970-01-01 00:00:00.000002309,-0.134823
1970-01-01 00:00:00.000002310,-0.134522
1970-01-01 00:00:00.000002311,-0.134502
1970-01-01 00:00:00.000002312,-0.134765
1970-01-01 00:00:00.000002313,-0.13534
1970-01-01 00:00:00.000002314,-0.135926
1970-01-01 00:00:00.000002315,-0.1363609999999999
1970-01-01 00:00:00.000002316,-0.136796
1970-01-01 00:00:00.000002317,-0.137173
1970-01-01 00:00:00.000002318,-0.137287
1970-01-01 00:00:00.000002319,-0.137131
1970-01-01 00:00:00.000002320,-0.137221
1970-01-01 00:00:00.000002321,-0.137697
1970-01-01 00:00:00.000002322,-0.138293
1970-01-01 00:00:00.000002323,-0.138856
1970-01-01 00:00:00.000002324,-0.1395819999999999
1970-01-01 00:00:00.000002325,-0.140438
1970-01-01 00:00:00.000002326,-0.1414359999999999
1970-01-01 00:00:00.000002327,-0.142566
1970-01-01 00:00:00.000002328,-0.143891
1970-01-01 00:00:00.000002329,-0.145568
1970-01-01 00:00:00.000002330,-0.1476299999999999
1970-01-01 00:00:00.000002331,-0.149729
1970-01-01 00:00:00.000002332,-0.151615
1970-01-01 00:00:00.000002333,-0.152766
1970-01-01 00:00:00.000002334,-0.153306
1970-01-01 00:00:00.000002335,-0.153552
1970-01-01 00:00:00.000002336,-0.153891
1970-01-01 00:00:00.000002337,-0.153967
1970-01-01 00:00:00.000002338,-0.1536539999999999
1970-01-01 00:00:00.000002339,-0.153173
1970-01-01 00:00:00.000002340,-0.153013
1970-01-01 00:00:00.000002341,-0.153372
1970-01-01 00:00:00.000002342,-0.154018
1970-01-01 00:00:00.000002343,-0.1543119999999999
1970-01-01 00:00:00.000002344,-0.1537599999999999
1970-01-01 00:00:00.000002345,-0.152574
1970-01-01 00:00:00.000002346,-0.150982
1970-01-01 00:00:00.000002347,-0.149281
1970-01-01 00:00:00.000002348,-0.1477109999999999
1970-01-01 00:00:00.000002349,-0.146773
1970-01-01 00:00:00.000002350,-0.146615
1970-01-01 00:00:00.000002351,-0.146668
1970-01-01 00:00:00.000002352,-0.14589
1970-01-01 00:00:00.000002353,-0.144215
1970-01-01 00:00:00.000002354,-0.142372
1970-01-01 00:00:00.000002355,-0.141058
1970-01-01 00:00:00.000002356,-0.140692
1970-01-01 00:00:00.000002357,-0.141025
1970-01-01 00:00:00.000002358,-0.1413299999999999
1970-01-01 00:00:00.000002359,-0.1413859999999999
1970-01-01 00:00:00.000002360,-0.141616
1970-01-01 00:00:00.000002361,-0.1420529999999999
1970-01-01 00:00:00.000002362,-0.1421339999999999
1970-01-01 00:00:00.000002363,-0.141569
1970-01-01 00:00:00.000002364,-0.140654
1970-01-01 00:00:00.000002365,-0.139942
1970-01-01 00:00:00.000002366,-0.1396859999999999
1970-01-01 00:00:00.000002367,-0.139856
1970-01-01 00:00:00.000002368,-0.139716
1970-01-01 00:00:00.000002369,-0.139038
1970-01-01 00:00:00.000002370,-0.13846
1970-01-01 00:00:00.000002371,-0.138638
1970-01-01 00:00:00.000002372,-0.139552
1970-01-01 00:00:00.000002373,-0.140674
1970-01-01 00:00:00.000002374,-0.141583
1970-01-01 00:00:00.000002375,-0.142029
1970-01-01 00:00:00.000002376,-0.14185
1970-01-01 00:00:00.000002377,-0.141398
1970-01-01 00:00:00.000002378,-0.141505
1970-01-01 00:00:00.000002379,-0.141881
1970-01-01 00:00:00.000002380,-0.14177
1970-01-01 00:00:00.000002381,-0.14104
1970-01-01 00:00:00.000002382,-0.139631
1970-01-01 00:00:00.000002383,-0.137932
1970-01-01 00:00:00.000002384,-0.136482
1970-01-01 00:00:00.000002385,-0.135389
1970-01-01 00:00:00.000002386,-0.134461
1970-01-01 00:00:00.000002387,-0.133593
1970-01-01 00:00:00.000002388,-0.13295
1970-01-01 00:00:00.000002389,-0.132436
1970-01-01 00:00:00.000002390,-0.131712
1970-01-01 00:00:00.000002391,-0.1302859999999999
1970-01-01 00:00:00.000002392,-0.128154
1970-01-01 00:00:00.000002393,-0.125804
1970-01-01 00:00:00.000002394,-0.1234799999999999
1970-01-01 00:00:00.000002395,-0.12143
1970-01-01 00:00:00.000002396,-0.11989
1970-01-01 00:00:00.000002397,-0.118913
1970-01-01 00:00:00.000002398,-0.1181869999999999
1970-01-01 00:00:00.000002399,-0.117273
1970-01-01 00:00:00.000002400,-0.116015
1970-01-01 00:00:00.000002401,-0.11442
1970-01-01 00:00:00.000002402,-0.1125819999999999
1970-01-01 00:00:00.000002403,-0.110593
1970-01-01 00:00:00.000002404,-0.108731
1970-01-01 00:00:00.000002405,-0.107373
1970-01-01 00:00:00.000002406,-0.106444
1970-01-01 00:00:00.000002407,-0.105401
1970-01-01 00:00:00.000002408,-0.103888
1970-01-01 00:00:00.000002409,-0.101708
1970-01-01 00:00:00.000002410,-0.098958
1970-01-01 00:00:00.000002411,-0.095823
1970-01-01 00:00:00.000002412,-0.092499
1970-01-01 00:00:00.000002413,-0.089789
1970-01-01 00:00:00.000002414,-0.08801
1970-01-01 00:00:00.000002415,-0.0867629999999999
1970-01-01 00:00:00.000002416,-0.085896
1970-01-01 00:00:00.000002417,-0.085349
1970-01-01 00:00:00.000002418,-0.084914
1970-01-01 00:00:00.000002419,-0.084472
1970-01-01 00:00:00.000002420,-0.0840009999999999
1970-01-01 00:00:00.000002421,-0.0834159999999999
1970-01-01 00:00:00.000002422,-0.082574
1970-01-01 00:00:00.000002423,-0.0813509999999999
1970-01-01 00:00:00.000002424,-0.079697
1970-01-01 00:00:00.000002425,-0.077952
1970-01-01 00:00:00.000002426,-0.076328
1970-01-01 00:00:00.000002427,-0.0748429999999999
1970-01-01 00:00:00.000002428,-0.073555
1970-01-01 00:00:00.000002429,-0.0724269999999999
1970-01-01 00:00:00.000002430,-0.071143
1970-01-01 00:00:00.000002431,-0.069544
1970-01-01 00:00:00.000002432,-0.0675559999999999
1970-01-01 00:00:00.000002433,-0.065474
1970-01-01 00:00:00.000002434,-0.0635889999999999
1970-01-01 00:00:00.000002435,-0.0619539999999999
1970-01-01 00:00:00.000002436,-0.060502
1970-01-01 00:00:00.000002437,-0.059126
1970-01-01 00:00:00.000002438,-0.057786
1970-01-01 00:00:00.000002439,-0.056576
1970-01-01 00:00:00.000002440,-0.055577
1970-01-01 00:00:00.000002441,-0.055071
1970-01-01 00:00:00.000002442,-0.0553179999999999
1970-01-01 00:00:00.000002443,-0.0562309999999999
1970-01-01 00:00:00.000002444,-0.057315
1970-01-01 00:00:00.000002445,-0.058418
1970-01-01 00:00:00.000002446,-0.059507
1970-01-01 00:00:00.000002447,-0.060208
1970-01-01 00:00:00.000002448,-0.060459
1970-01-01 00:00:00.000002449,-0.060376
1970-01-01 00:00:00.000002450,-0.060448
1970-01-01 00:00:00.000002451,-0.060288
1970-01-01 00:00:00.000002452,-0.0597419999999999
1970-01-01 00:00:00.000002453,-0.059123
1970-01-01 00:00:00.000002454,-0.058703
1970-01-01 00:00:00.000002455,-0.0583309999999999
1970-01-01 00:00:00.000002456,-0.057633
1970-01-01 00:00:00.000002457,-0.056687
1970-01-01 00:00:00.000002458,-0.055664
1970-01-01 00:00:00.000002459,-0.0551039999999999
1970-01-01 00:00:00.000002460,-0.0549659999999999
1970-01-01 00:00:00.000002461,-0.054695
1970-01-01 00:00:00.000002462,-0.054032
1970-01-01 00:00:00.000002463,-0.052926
1970-01-01 00:00:00.000002464,-0.051903
1970-01-01 00:00:00.000002465,-0.051283
1970-01-01 00:00:00.000002466,-0.051052
1970-01-01 00:00:00.000002467,-0.050709
1970-01-01 00:00:00.000002468,-0.050059
1970-01-01 00:00:00.000002469,-0.049618
1970-01-01 00:00:00.000002470,-0.049375
1970-01-01 00:00:00.000002471,-0.0491589999999999
1970-01-01 00:00:00.000002472,-0.048691
1970-01-01 00:00:00.000002473,-0.048067
1970-01-01 00:00:00.000002474,-0.0474949999999999
1970-01-01 00:00:00.000002475,-0.047004
1970-01-01 00:00:00.000002476,-0.046606
1970-01-01 00:00:00.000002477,-0.046389
1970-01-01 00:00:00.000002478,-0.0459829999999999
1970-01-01 00:00:00.000002479,-0.045505
1970-01-01 00:00:00.000002480,-0.045141
1970-01-01 00:00:00.000002481,-0.044647
1970-01-01 00:00:00.000002482,-0.0440959999999999
1970-01-01 00:00:00.000002483,-0.043649
1970-01-01 00:00:00.000002484,-0.043318
1970-01-01 00:00:00.000002485,-0.043071
1970-01-01 00:00:00.000002486,-0.043036
1970-01-01 00:00:00.000002487,-0.043072
1970-01-01 00:00:00.000002488,-0.042911
1970-01-01 00:00:00.000002489,-0.042615
1970-01-01 00:00:00.000002490,-0.042105
1970-01-01 00:00:00.000002491,-0.041498
1970-01-01 00:00:00.000002492,-0.041004
1970-01-01 00:00:00.000002493,-0.040768
1970-01-01 00:00:00.000002494,-0.040727
1970-01-01 00:00:00.000002495,-0.040717
1970-01-01 00:00:00.000002496,-0.040787
1970-01-01 00:00:00.000002497,-0.0410009999999999
1970-01-01 00:00:00.000002498,-0.0414449999999999
1970-01-01 00:00:00.000002499,-0.041988
1970-01-01 00:00:00.000002500,-0.042661
1970-01-01 00:00:00.000002501,-0.043561
1970-01-01 00:00:00.000002502,-0.044523
1970-01-01 00:00:00.000002503,-0.045501
1970-01-01 00:00:00.000002504,-0.0463509999999999
1970-01-01 00:00:00.000002505,-0.047008
1970-01-01 00:00:00.000002506,-0.047427
1970-01-01 00:00:00.000002507,-0.048069
1970-01-01 00:00:00.000002508,-0.049189
1970-01-01 00:00:00.000002509,-0.050786
1970-01-01 00:00:00.000002510,-0.052498
1970-01-01 00:00:00.000002511,-0.053707
1970-01-01 00:00:00.000002512,-0.054152
1970-01-01 00:00:00.000002513,-0.053924
1970-01-01 00:00:00.000002514,-0.053574
1970-01-01 00:00:00.000002515,-0.053465
1970-01-01 00:00:00.000002516,-0.053494
1970-01-01 00:00:00.000002517,-0.05368
1970-01-01 00:00:00.000002518,-0.054161
1970-01-01 00:00:00.000002519,-0.055121
1970-01-01 00:00:00.000002520,-0.056495
1970-01-01 00:00:00.000002521,-0.058325
1970-01-01 00:00:00.000002522,-0.060416
1970-01-01 00:00:00.000002523,-0.062202
1970-01-01 00:00:00.000002524,-0.063091
1970-01-01 00:00:00.000002525,-0.063512
1970-01-01 00:00:00.000002526,-0.0638649999999999
1970-01-01 00:00:00.000002527,-0.064024
1970-01-01 00:00:00.000002528,-0.063787
1970-01-01 00:00:00.000002529,-0.063359
1970-01-01 00:00:00.000002530,-0.063387
1970-01-01 00:00:00.000002531,-0.064214
1970-01-01 00:00:00.000002532,-0.065789
1970-01-01 00:00:00.000002533,-0.067536
1970-01-01 00:00:00.000002534,-0.068636
1970-01-01 00:00:00.000002535,-0.06891
1970-01-01 00:00:00.000002536,-0.06944
1970-01-01 00:00:00.000002537,-0.072184
1970-01-01 00:00:00.000002538,-0.075538
1970-01-01 00:00:00.000002539,-0.0794
1970-01-01 00:00:00.000002540,-0.083164
1970-01-01 00:00:00.000002541,-0.085953
1970-01-01 00:00:00.000002542,-0.086904
1970-01-01 00:00:00.000002543,-0.086983
1970-01-01 00:00:00.000002544,-0.0865409999999999
1970-01-01 00:00:00.000002545,-0.0857899999999999
1970-01-01 00:00:00.000002546,-0.084894
1970-01-01 00:00:00.000002547,-0.084393
1970-01-01 00:00:00.000002548,-0.083864
1970-01-01 00:00:00.000002549,-0.083406
1970-01-01 00:00:00.000002550,-0.083005
1970-01-01 00:00:00.000002551,-0.0820419999999999
1970-01-01 00:00:00.000002552,-0.080542
1970-01-01 00:00:00.000002553,-0.079197
1970-01-01 00:00:00.000002554,-0.078586
1970-01-01 00:00:00.000002555,-0.07866
1970-01-01 00:00:00.000002556,-0.079028
1970-01-01 00:00:00.000002557,-0.079829
1970-01-01 00:00:00.000002558,-0.080963
1970-01-01 00:00:00.000002559,-0.082592
1970-01-01 00:00:00.000002560,-0.084446
1970-01-01 00:00:00.000002561,-0.086168
1970-01-01 00:00:00.000002562,-0.087425
1970-01-01 00:00:00.000002563,-0.088014
1970-01-01 00:00:00.000002564,-0.087896
1970-01-01 00:00:00.000002565,-0.0875929999999999
1970-01-01 00:00:00.000002566,-0.087274
1970-01-01 00:00:00.000002567,-0.087252
1970-01-01 00:00:00.000002568,-0.0873309999999999
1970-01-01 00:00:00.000002569,-0.087158
1970-01-01 00:00:00.000002570,-0.086622
1970-01-01 00:00:00.000002571,-0.085812
1970-01-01 00:00:00.000002572,-0.084938
1970-01-01 00:00:00.000002573,-0.084295
1970-01-01 00:00:00.000002574,-0.084198
1970-01-01 00:00:00.000002575,-0.084202
1970-01-01 00:00:00.000002576,-0.083851
1970-01-01 00:00:00.000002577,-0.083382
1970-01-01 00:00:00.000002578,-0.08302
1970-01-01 00:00:00.000002579,-0.082774
1970-01-01 00:00:00.000002580,-0.082499
1970-01-01 00:00:00.000002581,-0.0820019999999999
1970-01-01 00:00:00.000002582,-0.081386
1970-01-01 00:00:00.000002583,-0.080589
1970-01-01 00:00:00.000002584,-0.079718
1970-01-01 00:00:00.000002585,-0.07891
1970-01-01 00:00:00.000002586,-0.078371
1970-01-01 00:00:00.000002587,-0.078187
1970-01-01 00:00:00.000002588,-0.07823
1970-01-01 00:00:00.000002589,-0.078372
1970-01-01 00:00:00.000002590,-0.078485
1970-01-01 00:00:00.000002591,-0.078764
1970-01-01 00:00:00.000002592,-0.079093
1970-01-01 00:00:00.000002593,-0.079332
1970-01-01 00:00:00.000002594,-0.07937
1970-01-01 00:00:00.000002595,-0.07925
1970-01-01 00:00:00.000002596,-0.079195
1970-01-01 00:00:00.000002597,-0.079618
1970-01-01 00:00:00.000002598,-0.080361
1970-01-01 00:00:00.000002599,-0.081095
1970-01-01 00:00:00.000002600,-0.081458
1970-01-01 00:00:00.000002601,-0.0811009999999999
1970-01-01 00:00:00.000002602,-0.080136
1970-01-01 00:00:00.000002603,-0.078823
1970-01-01 00:00:00.000002604,-0.0775
1970-01-01 00:00:00.000002605,-0.076422
1970-01-01 00:00:00.000002606,-0.075501
1970-01-01 00:00:00.000002607,-0.074845
1970-01-01 00:00:00.000002608,-0.0744129999999999
1970-01-01 00:00:00.000002609,-0.0740779999999999
1970-01-01 00:00:00.000002610,-0.074461
1970-01-01 00:00:00.000002611,-0.074524
1970-01-01 00:00:00.000002612,-0.074657
1970-01-01 00:00:00.000002613,-0.075551
1970-01-01 00:00:00.000002614,-0.076044
1970-01-01 00:00:00.000002615,-0.0762549999999999
1970-01-01 00:00:00.000002616,-0.076382
1970-01-01 00:00:00.000002617,-0.076724
1970-01-01 00:00:00.000002618,-0.077663
1970-01-01 00:00:00.000002619,-0.078959
1970-01-01 00:00:00.000002620,-0.080174
1970-01-01 00:00:00.000002621,-0.081258
1970-01-01 00:00:00.000002622,-0.082481
1970-01-01 00:00:00.000002623,-0.084014
1970-01-01 00:00:00.000002624,-0.085538
1970-01-01 00:00:00.000002625,-0.086801
1970-01-01 00:00:00.000002626,-0.088051
1970-01-01 00:00:00.000002627,-0.089456
1970-01-01 00:00:00.000002628,-0.09076
1970-01-01 00:00:00.000002629,-0.0916049999999999
1970-01-01 00:00:00.000002630,-0.091847
1970-01-01 00:00:00.000002631,-0.091528
1970-01-01 00:00:00.000002632,-0.090818
1970-01-01 00:00:00.000002633,-0.090034
1970-01-01 00:00:00.000002634,-0.089275
1970-01-01 00:00:00.000002635,-0.088488
1970-01-01 00:00:00.000002636,-0.087644
1970-01-01 00:00:00.000002637,-0.0865409999999999
1970-01-01 00:00:00.000002638,-0.085084
1970-01-01 00:00:00.000002639,-0.083368
1970-01-01 00:00:00.000002640,-0.081492
1970-01-01 00:00:00.000002641,-0.079673
1970-01-01 00:00:00.000002642,-0.078191
1970-01-01 00:00:00.000002643,-0.077273
1970-01-01 00:00:00.000002644,-0.076981
1970-01-01 00:00:00.000002645,-0.077198
1970-01-01 00:00:00.000002646,-0.0776179999999999
1970-01-01 00:00:00.000002647,-0.078008
1970-01-01 00:00:00.000002648,-0.078273
1970-01-01 00:00:00.000002649,-0.0783659999999999
1970-01-01 00:00:00.000002650,-0.078399
1970-01-01 00:00:00.000002651,-0.078535
1970-01-01 00:00:00.000002652,-0.078706
1970-01-01 00:00:00.000002653,-0.0788789999999999
1970-01-01 00:00:00.000002654,-0.079212
1970-01-01 00:00:00.000002655,-0.079675
1970-01-01 00:00:00.000002656,-0.080053
1970-01-01 00:00:00.000002657,-0.08037
1970-01-01 00:00:00.000002658,-0.080662
1970-01-01 00:00:00.000002659,-0.080761
1970-01-01 00:00:00.000002660,-0.080482
1970-01-01 00:00:00.000002661,-0.079698
1970-01-01 00:00:00.000002662,-0.078521
1970-01-01 00:00:00.000002663,-0.077225
1970-01-01 00:00:00.000002664,-0.076026
1970-01-01 00:00:00.000002665,-0.075087
1970-01-01 00:00:00.000002666,-0.07458
1970-01-01 00:00:00.000002667,-0.074434
1970-01-01 00:00:00.000002668,-0.074544
1970-01-01 00:00:00.000002669,-0.07478
1970-01-01 00:00:00.000002670,-0.0748669999999999
1970-01-01 00:00:00.000002671,-0.0746759999999999
1970-01-01 00:00:00.000002672,-0.074321
1970-01-01 00:00:00.000002673,-0.0738299999999999
1970-01-01 00:00:00.000002674,-0.073157
1970-01-01 00:00:00.000002675,-0.072368
1970-01-01 00:00:00.000002676,-0.0715529999999999
1970-01-01 00:00:00.000002677,-0.0708169999999999
1970-01-01 00:00:00.000002678,-0.070211
1970-01-01 00:00:00.000002679,-0.069661
1970-01-01 00:00:00.000002680,-0.069165
1970-01-01 00:00:00.000002681,-0.06869
1970-01-01 00:00:00.000002682,-0.068215
1970-01-01 00:00:00.000002683,-0.067832
1970-01-01 00:00:00.000002684,-0.067662
1970-01-01 00:00:00.000002685,-0.067634
1970-01-01 00:00:00.000002686,-0.0677789999999999
1970-01-01 00:00:00.000002687,-0.0681529999999999
1970-01-01 00:00:00.000002688,-0.068604
1970-01-01 00:00:00.000002689,-0.069017
1970-01-01 00:00:00.000002690,-0.069271
1970-01-01 00:00:00.000002691,-0.069384
1970-01-01 00:00:00.000002692,-0.069473
1970-01-01 00:00:00.000002693,-0.0694679999999999
1970-01-01 00:00:00.000002694,-0.06931
1970-01-01 00:00:00.000002695,-0.0691259999999999
1970-01-01 00:00:00.000002696,-0.068921
1970-01-01 00:00:00.000002697,-0.0687779999999999
1970-01-01 00:00:00.000002698,-0.068797
1970-01-01 00:00:00.000002699,-0.068905
1970-01-01 00:00:00.000002700,-0.068969
1970-01-01 00:00:00.000002701,-0.068981
1970-01-01 00:00:00.000002702,-0.068969
1970-01-01 00:00:00.000002703,-0.068949
1970-01-01 00:00:00.000002704,-0.068951
1970-01-01 00:00:00.000002705,-0.068951
1970-01-01 00:00:00.000002706,-0.068963
1970-01-01 00:00:00.000002707,-0.069004
1970-01-01 00:00:00.000002708,-0.069079
1970-01-01 00:00:00.000002709,-0.069187
1970-01-01 00:00:00.000002710,-0.06931
1970-01-01 00:00:00.000002711,-0.0694019999999999
1970-01-01 00:00:00.000002712,-0.069384
1970-01-01 00:00:00.000002713,-0.0691789999999999
1970-01-01 00:00:00.000002714,-0.068851
1970-01-01 00:00:00.000002715,-0.0685429999999999
1970-01-01 00:00:00.000002716,-0.068264
1970-01-01 00:00:00.000002717,-0.0680809999999999
1970-01-01 00:00:00.000002718,-0.067981
1970-01-01 00:00:00.000002719,-0.067923
1970-01-01 00:00:00.000002720,-0.067932
1970-01-01 00:00:00.000002721,-0.06796
1970-01-01 00:00:00.000002722,-0.067963
1970-01-01 00:00:00.000002723,-0.067953
1970-01-01 00:00:00.000002724,-0.067833
1970-01-01 00:00:00.000002725,-0.067596
1970-01-01 00:00:00.000002726,-0.0672519999999999
1970-01-01 00:00:00.000002727,-0.0669
1970-01-01 00:00:00.000002728,-0.066634
1970-01-01 00:00:00.000002729,-0.066435
1970-01-01 00:00:00.000002730,-0.066182
1970-01-01 00:00:00.000002731,-0.065833
1970-01-01 00:00:00.000002732,-0.065496
1970-01-01 00:00:00.000002733,-0.065284
1970-01-01 00:00:00.000002734,-0.065326
1970-01-01 00:00:00.000002735,-0.065551
1970-01-01 00:00:00.000002736,-0.065919
1970-01-01 00:00:00.000002737,-0.066357
1970-01-01 00:00:00.000002738,-0.066731
1970-01-01 00:00:00.000002739,-0.067021
1970-01-01 00:00:00.000002740,-0.067372
1970-01-01 00:00:00.000002741,-0.067886
1970-01-01 00:00:00.000002742,-0.068477
1970-01-01 00:00:00.000002743,-0.069148
1970-01-01 00:00:00.000002744,-0.069801
1970-01-01 00:00:00.000002745,-0.070388
1970-01-01 00:00:00.000002746,-0.070938
1970-01-01 00:00:00.000002747,-0.0714539999999999
1970-01-01 00:00:00.000002748,-0.071974
1970-01-01 00:00:00.000002749,-0.072575
1970-01-01 00:00:00.000002750,-0.0733
1970-01-01 00:00:00.000002751,-0.074139
1970-01-01 00:00:00.000002752,-0.07503
1970-01-01 00:00:00.000002753,-0.07594
1970-01-01 00:00:00.000002754,-0.076765
1970-01-01 00:00:00.000002755,-0.077579
1970-01-01 00:00:00.000002756,-0.078419
1970-01-01 00:00:00.000002757,-0.0792809999999999
1970-01-01 00:00:00.000002758,-0.08018
1970-01-01 00:00:00.000002759,-0.081022
1970-01-01 00:00:00.000002760,-0.0817389999999999
1970-01-01 00:00:00.000002761,-0.082408
1970-01-01 00:00:00.000002762,-0.083097
1970-01-01 00:00:00.000002763,-0.08374
1970-01-01 00:00:00.000002764,-0.084354
1970-01-01 00:00:00.000002765,-0.085033
1970-01-01 00:00:00.000002766,-0.085662
1970-01-01 00:00:00.000002767,-0.086109
1970-01-01 00:00:00.000002768,-0.086338
1970-01-01 00:00:00.000002769,-0.086306
1970-01-01 00:00:00.000002770,-0.085976
1970-01-01 00:00:00.000002771,-0.085073
1970-01-01 00:00:00.000002772,-0.0836129999999999
1970-01-01 00:00:00.000002773,-0.081857
1970-01-01 00:00:00.000002774,-0.079988
1970-01-01 00:00:00.000002775,-0.0782539999999999
1970-01-01 00:00:00.000002776,-0.077017
1970-01-01 00:00:00.000002777,-0.076226
1970-01-01 00:00:00.000002778,-0.075793
1970-01-01 00:00:00.000002779,-0.075344
1970-01-01 00:00:00.000002780,-0.0747419999999999
1970-01-01 00:00:00.000002781,-0.074018
1970-01-01 00:00:00.000002782,-0.073143
1970-01-01 00:00:00.000002783,-0.072049
1970-01-01 00:00:00.000002784,-0.071077
1970-01-01 00:00:00.000002785,-0.070392
1970-01-01 00:00:00.000002786,-0.0693039999999999
1970-01-01 00:00:00.000002787,-0.067753
1970-01-01 00:00:00.000002788,-0.066004
1970-01-01 00:00:00.000002789,-0.064022
1970-01-01 00:00:00.000002790,-0.062176
1970-01-01 00:00:00.000002791,-0.059695
1970-01-01 00:00:00.000002792,-0.055251
1970-01-01 00:00:00.000002793,-0.0490009999999999
1970-01-01 00:00:00.000002794,-0.042288
1970-01-01 00:00:00.000002795,-0.035707
1970-01-01 00:00:00.000002796,-0.029386
1970-01-01 00:00:00.000002797,-0.02358
1970-01-01 00:00:00.000002798,-0.019041
1970-01-01 00:00:00.000002799,-0.016497
1970-01-01 00:00:00.000002800,-0.014916
1970-01-01 00:00:00.000002801,-0.012164
1970-01-01 00:00:00.000002802,-0.007705
1970-01-01 00:00:00.000002803,-0.0031379999999999
1970-01-01 00:00:00.000002804,0.000206
1970-01-01 00:00:00.000002805,0.0019399999999999
1970-01-01 00:00:00.000002806,0.002376
1970-01-01 00:00:00.000002807,0.002405
1970-01-01 00:00:00.000002808,0.002068
1970-01-01 00:00:00.000002809,0.001496
1970-01-01 00:00:00.000002810,0.00072
1970-01-01 00:00:00.000002811,-0.000734
1970-01-01 00:00:00.000002812,-0.0038369999999999
1970-01-01 00:00:00.000002813,-0.00836
1970-01-01 00:00:00.000002814,-0.011734
1970-01-01 00:00:00.000002815,-0.012142
1970-01-01 00:00:00.000002816,-0.012409
1970-01-01 00:00:00.000002817,-0.015771
1970-01-01 00:00:00.000002818,-0.022228
1970-01-01 00:00:00.000002819,-0.030249
1970-01-01 00:00:00.000002820,-0.037088
1970-01-01 00:00:00.000002821,-0.039919
1970-01-01 00:00:00.000002822,-0.038313
1970-01-01 00:00:00.000002823,-0.034582
1970-01-01 00:00:00.000002824,-0.0312329999999999
1970-01-01 00:00:00.000002825,-0.030324
1970-01-01 00:00:00.000002826,-0.032704
1970-01-01 00:00:00.000002827,-0.03659
1970-01-01 00:00:00.000002828,-0.038804
1970-01-01 00:00:00.000002829,-0.0382459999999999
1970-01-01 00:00:00.000002830,-0.035391
1970-01-01 00:00:00.000002831,-0.032576
1970-01-01 00:00:00.000002832,-0.031691
1970-01-01 00:00:00.000002833,-0.031721
1970-01-01 00:00:00.000002834,-0.031654
1970-01-01 00:00:00.000002835,-0.031971
1970-01-01 00:00:00.000002836,-0.033014
1970-01-01 00:00:00.000002837,-0.03455
1970-01-01 00:00:00.000002838,-0.036372
1970-01-01 00:00:00.000002839,-0.038839
1970-01-01 00:00:00.000002840,-0.042495
1970-01-01 00:00:00.000002841,-0.047379
1970-01-01 00:00:00.000002842,-0.0532309999999999
1970-01-01 00:00:00.000002843,-0.059707
1970-01-01 00:00:00.000002844,-0.066228
1970-01-01 00:00:00.000002845,-0.072094
1970-01-01 00:00:00.000002846,-0.077309
1970-01-01 00:00:00.000002847,-0.082469
1970-01-01 00:00:00.000002848,-0.087871
1970-01-01 00:00:00.000002849,-0.093782
1970-01-01 00:00:00.000002850,-0.100418
1970-01-01 00:00:00.000002851,-0.107404
1970-01-01 00:00:00.000002852,-0.11338
1970-01-01 00:00:00.000002853,-0.117256
1970-01-01 00:00:00.000002854,-0.119243
1970-01-01 00:00:00.000002855,-0.119847
1970-01-01 00:00:00.000002856,-0.11954
1970-01-01 00:00:00.000002857,-0.118869
1970-01-01 00:00:00.000002858,-0.118153
1970-01-01 00:00:00.000002859,-0.11775
1970-01-01 00:00:00.000002860,-0.118048
1970-01-01 00:00:00.000002861,-0.119002
1970-01-01 00:00:00.000002862,-0.12025
1970-01-01 00:00:00.000002863,-0.121171
1970-01-01 00:00:00.000002864,-0.121643
1970-01-01 00:00:00.000002865,-0.1218349999999999
1970-01-01 00:00:00.000002866,-0.122
1970-01-01 00:00:00.000002867,-0.1222099999999999
1970-01-01 00:00:00.000002868,-0.12259
1970-01-01 00:00:00.000002869,-0.123254
1970-01-01 00:00:00.000002870,-0.1241839999999999
1970-01-01 00:00:00.000002871,-0.125107
1970-01-01 00:00:00.000002872,-0.1258369999999999
1970-01-01 00:00:00.000002873,-0.126443
1970-01-01 00:00:00.000002874,-0.126815
1970-01-01 00:00:00.000002875,-0.126717
1970-01-01 00:00:00.000002876,-0.126052
1970-01-01 00:00:00.000002877,-0.1249789999999999
1970-01-01 00:00:00.000002878,-0.123822
1970-01-01 00:00:00.000002879,-0.12262
1970-01-01 00:00:00.000002880,-0.1212119999999999
1970-01-01 00:00:00.000002881,-0.119629
1970-01-01 00:00:00.000002882,-0.117846
1970-01-01 00:00:00.000002883,-0.115893
1970-01-01 00:00:00.000002884,-0.113668
1970-01-01 00:00:00.000002885,-0.111041
1970-01-01 00:00:00.000002886,-0.108043
1970-01-01 00:00:00.000002887,-0.1048369999999999
1970-01-01 00:00:00.000002888,-0.101512
1970-01-01 00:00:00.000002889,-0.098273
1970-01-01 00:00:00.000002890,-0.095051
1970-01-01 00:00:00.000002891,-0.091802
1970-01-01 00:00:00.000002892,-0.088488
1970-01-01 00:00:00.000002893,-0.085267
1970-01-01 00:00:00.000002894,-0.082389
1970-01-01 00:00:00.000002895,-0.07987
1970-01-01 00:00:00.000002896,-0.07756
1970-01-01 00:00:00.000002897,-0.075686
1970-01-01 00:00:00.000002898,-0.074304
1970-01-01 00:00:00.000002899,-0.073395
1970-01-01 00:00:00.000002900,-0.073298
1970-01-01 00:00:00.000002901,-0.07384
1970-01-01 00:00:00.000002902,-0.074147
1970-01-01 00:00:00.000002903,-0.073896
1970-01-01 00:00:00.000002904,-0.073144
1970-01-01 00:00:00.000002905,-0.0719549999999999
1970-01-01 00:00:00.000002906,-0.07078
1970-01-01 00:00:00.000002907,-0.07
1970-01-01 00:00:00.000002908,-0.069552
1970-01-01 00:00:00.000002909,-0.069242
1970-01-01 00:00:00.000002910,-0.06897
1970-01-01 00:00:00.000002911,-0.0687649999999999
1970-01-01 00:00:00.000002912,-0.068763
1970-01-01 00:00:00.000002913,-0.068997
1970-01-01 00:00:00.000002914,-0.069418
1970-01-01 00:00:00.000002915,-0.069983
1970-01-01 00:00:00.000002916,-0.07061
1970-01-01 00:00:00.000002917,-0.071171
1970-01-01 00:00:00.000002918,-0.071785
1970-01-01 00:00:00.000002919,-0.072407
1970-01-01 00:00:00.000002920,-0.072953
1970-01-01 00:00:00.000002921,-0.073483
1970-01-01 00:00:00.000002922,-0.073985
1970-01-01 00:00:00.000002923,-0.07455
1970-01-01 00:00:00.000002924,-0.075097
1970-01-01 00:00:00.000002925,-0.075624
1970-01-01 00:00:00.000002926,-0.076207
1970-01-01 00:00:00.000002927,-0.076718
1970-01-01 00:00:00.000002928,-0.077201
1970-01-01 00:00:00.000002929,-0.077684
1970-01-01 00:00:00.000002930,-0.077981
1970-01-01 00:00:00.000002931,-0.07816
1970-01-01 00:00:00.000002932,-0.078334
1970-01-01 00:00:00.000002933,-0.078458
1970-01-01 00:00:00.000002934,-0.078432
1970-01-01 00:00:00.000002935,-0.078226
1970-01-01 00:00:00.000002936,-0.077721
1970-01-01 00:00:00.000002937,-0.076795
1970-01-01 00:00:00.000002938,-0.075698
1970-01-01 00:00:00.000002939,-0.0746179999999999
1970-01-01 00:00:00.000002940,-0.0736909999999999
1970-01-01 00:00:00.000002941,-0.073062
1970-01-01 00:00:00.000002942,-0.072585
1970-01-01 00:00:00.000002943,-0.072282
1970-01-01 00:00:00.000002944,-0.072112
1970-01-01 00:00:00.000002945,-0.071966
1970-01-01 00:00:00.000002946,-0.071725
1970-01-01 00:00:00.000002947,-0.07132
1970-01-01 00:00:00.000002948,-0.070745
1970-01-01 00:00:00.000002949,-0.070092
1970-01-01 00:00:00.000002950,-0.069276
1970-01-01 00:00:00.000002951,-0.068346
1970-01-01 00:00:00.000002952,-0.067445
1970-01-01 00:00:00.000002953,-0.066608
1970-01-01 00:00:00.000002954,-0.065714
1970-01-01 00:00:00.000002955,-0.064929
1970-01-01 00:00:00.000002956,-0.064322
1970-01-01 00:00:00.000002957,-0.063846
1970-01-01 00:00:00.000002958,-0.063469
1970-01-01 00:00:00.000002959,-0.063238
1970-01-01 00:00:00.000002960,-0.063163
1970-01-01 00:00:00.000002961,-0.063167
1970-01-01 00:00:00.000002962,-0.06312
1970-01-01 00:00:00.000002963,-0.062938
1970-01-01 00:00:00.000002964,-0.062565
1970-01-01 00:00:00.000002965,-0.062108
1970-01-01 00:00:00.000002966,-0.06166
1970-01-01 00:00:00.000002967,-0.061402
1970-01-01 00:00:00.000002968,-0.061394
1970-01-01 00:00:00.000002969,-0.061686
1970-01-01 00:00:00.000002970,-0.06211
1970-01-01 00:00:00.000002971,-0.062533
1970-01-01 00:00:00.000002972,-0.062922
1970-01-01 00:00:00.000002973,-0.063283
1970-01-01 00:00:00.000002974,-0.063584
1970-01-01 00:00:00.000002975,-0.063796
1970-01-01 00:00:00.000002976,-0.063953
1970-01-01 00:00:00.000002977,-0.064147
1970-01-01 00:00:00.000002978,-0.064426
1970-01-01 00:00:00.000002979,-0.064698
1970-01-01 00:00:00.000002980,-0.06494
1970-01-01 00:00:00.000002981,-0.065053
1970-01-01 00:00:00.000002982,-0.065052
1970-01-01 00:00:00.000002983,-0.065107
1970-01-01 00:00:00.000002984,-0.065198
1970-01-01 00:00:00.000002985,-0.065216
1970-01-01 00:00:00.000002986,-0.065159
1970-01-01 00:00:00.000002987,-0.064995
1970-01-01 00:00:00.000002988,-0.065022
1970-01-01 00:00:00.000002989,-0.065274
1970-01-01 00:00:00.000002990,-0.065535
1970-01-01 00:00:00.000002991,-0.065826
1970-01-01 00:00:00.000002992,-0.066183
1970-01-01 00:00:00.000002993,-0.066697
1970-01-01 00:00:00.000002994,-0.067387
1970-01-01 00:00:00.000002995,-0.068085
1970-01-01 00:00:00.000002996,-0.068727
1970-01-01 00:00:00.000002997,-0.069357
1970-01-01 00:00:00.000002998,-0.069905
1970-01-01 00:00:00.000002999,-0.070398
1970-01-01 00:00:00.000003000,-0.0708299999999999
1970-01-01 00:00:00.000003001,-0.071211
1970-01-01 00:00:00.000003002,-0.071465
1970-01-01 00:00:00.000003003,-0.071573
1970-01-01 00:00:00.000003004,-0.071598
1970-01-01 00:00:00.000003005,-0.071618
1970-01-01 00:00:00.000003006,-0.071585
1970-01-01 00:00:00.000003007,-0.071433
1970-01-01 00:00:00.000003008,-0.071162
1970-01-01 00:00:00.000003009,-0.07076
1970-01-01 00:00:00.000003010,-0.070234
1970-01-01 00:00:00.000003011,-0.069622
1970-01-01 00:00:00.000003012,-0.068862
1970-01-01 00:00:00.000003013,-0.0681399999999999
1970-01-01 00:00:00.000003014,-0.067464
1970-01-01 00:00:00.000003015,-0.066646
1970-01-01 00:00:00.000003016,-0.065794
1970-01-01 00:00:00.000003017,-0.064992
1970-01-01 00:00:00.000003018,-0.064247
1970-01-01 00:00:00.000003019,-0.0634899999999999
1970-01-01 00:00:00.000003020,-0.062843
1970-01-01 00:00:00.000003021,-0.062345
1970-01-01 00:00:00.000003022,-0.062075
1970-01-01 00:00:00.000003023,-0.062082
1970-01-01 00:00:00.000003024,-0.062385
1970-01-01 00:00:00.000003025,-0.0631289999999999
1970-01-01 00:00:00.000003026,-0.064177
1970-01-01 00:00:00.000003027,-0.0651809999999999
1970-01-01 00:00:00.000003028,-0.06604
1970-01-01 00:00:00.000003029,-0.066839
1970-01-01 00:00:00.000003030,-0.06762
1970-01-01 00:00:00.000003031,-0.0684289999999999
1970-01-01 00:00:00.000003032,-0.069147
1970-01-01 00:00:00.000003033,-0.0698
1970-01-01 00:00:00.000003034,-0.0704299999999999
1970-01-01 00:00:00.000003035,-0.0711919999999999
1970-01-01 00:00:00.000003036,-0.072088
1970-01-01 00:00:00.000003037,-0.073097
1970-01-01 00:00:00.000003038,-0.074122
1970-01-01 00:00:00.000003039,-0.074962
1970-01-01 00:00:00.000003040,-0.075615
1970-01-01 00:00:00.000003041,-0.076132
1970-01-01 00:00:00.000003042,-0.076624
1970-01-01 00:00:00.000003043,-0.077044
1970-01-01 00:00:00.000003044,-0.077407
1970-01-01 00:00:00.000003045,-0.077561
1970-01-01 00:00:00.000003046,-0.077432
1970-01-01 00:00:00.000003047,-0.0771559999999999
1970-01-01 00:00:00.000003048,-0.076878
1970-01-01 00:00:00.000003049,-0.076615
1970-01-01 00:00:00.000003050,-0.0764059999999999
1970-01-01 00:00:00.000003051,-0.076191
1970-01-01 00:00:00.000003052,-0.0761429999999999
1970-01-01 00:00:00.000003053,-0.076446
1970-01-01 00:00:00.000003054,-0.07679
1970-01-01 00:00:00.000003055,-0.077039
1970-01-01 00:00:00.000003056,-0.077253
1970-01-01 00:00:00.000003057,-0.077563
1970-01-01 00:00:00.000003058,-0.077973
1970-01-01 00:00:00.000003059,-0.078288
1970-01-01 00:00:00.000003060,-0.078509
1970-01-01 00:00:00.000003061,-0.078634
1970-01-01 00:00:00.000003062,-0.078704
1970-01-01 00:00:00.000003063,-0.078692
1970-01-01 00:00:00.000003064,-0.078542
1970-01-01 00:00:00.000003065,-0.078213
1970-01-01 00:00:00.000003066,-0.0777679999999999
1970-01-01 00:00:00.000003067,-0.0772019999999999
1970-01-01 00:00:00.000003068,-0.076575
1970-01-01 00:00:00.000003069,-0.0759809999999999
1970-01-01 00:00:00.000003070,-0.075472
1970-01-01 00:00:00.000003071,-0.074912
1970-01-01 00:00:00.000003072,-0.07432
1970-01-01 00:00:00.000003073,-0.07388
1970-01-01 00:00:00.000003074,-0.073669
1970-01-01 00:00:00.000003075,-0.073603
1970-01-01 00:00:00.000003076,-0.073607
1970-01-01 00:00:00.000003077,-0.07365
1970-01-01 00:00:00.000003078,-0.0737429999999999
1970-01-01 00:00:00.000003079,-0.074121
1970-01-01 00:00:00.000003080,-0.074844
1970-01-01 00:00:00.000003081,-0.075707
1970-01-01 00:00:00.000003082,-0.076633
1970-01-01 00:00:00.000003083,-0.077585
1970-01-01 00:00:00.000003084,-0.078323
1970-01-01 00:00:00.000003085,-0.078623
1970-01-01 00:00:00.000003086,-0.078383
1970-01-01 00:00:00.000003087,-0.077609
1970-01-01 00:00:00.000003088,-0.076501
1970-01-01 00:00:00.000003089,-0.075364
1970-01-01 00:00:00.000003090,-0.07426
1970-01-01 00:00:00.000003091,-0.073336
1970-01-01 00:00:00.000003092,-0.072603
1970-01-01 00:00:00.000003093,-0.072104
1970-01-01 00:00:00.000003094,-0.071932
1970-01-01 00:00:00.000003095,-0.072005
1970-01-01 00:00:00.000003096,-0.07221
1970-01-01 00:00:00.000003097,-0.072394
1970-01-01 00:00:00.000003098,-0.072407
1970-01-01 00:00:00.000003099,-0.0721909999999999
1970-01-01 00:00:00.000003100,-0.071698
1970-01-01 00:00:00.000003101,-0.071096
1970-01-01 00:00:00.000003102,-0.070435
1970-01-01 00:00:00.000003103,-0.06985
1970-01-01 00:00:00.000003104,-0.069459
1970-01-01 00:00:00.000003105,-0.069144
1970-01-01 00:00:00.000003106,-0.068888
1970-01-01 00:00:00.000003107,-0.068691
1970-01-01 00:00:00.000003108,-0.068476
1970-01-01 00:00:00.000003109,-0.068215
1970-01-01 00:00:00.000003110,-0.067952
1970-01-01 00:00:00.000003111,-0.067824
1970-01-01 00:00:00.000003112,-0.067886
1970-01-01 00:00:00.000003113,-0.067969
1970-01-01 00:00:00.000003114,-0.068003
1970-01-01 00:00:00.000003115,-0.067929
1970-01-01 00:00:00.000003116,-0.067711
1970-01-01 00:00:00.000003117,-0.067505
1970-01-01 00:00:00.000003118,-0.067488
1970-01-01 00:00:00.000003119,-0.067661
1970-01-01 00:00:00.000003120,-0.067816
1970-01-01 00:00:00.000003121,-0.067846
1970-01-01 00:00:00.000003122,-0.067756
1970-01-01 00:00:00.000003123,-0.067559
1970-01-01 00:00:00.000003124,-0.067207
1970-01-01 00:00:00.000003125,-0.06677
1970-01-01 00:00:00.000003126,-0.066284
1970-01-01 00:00:00.000003127,-0.065817
1970-01-01 00:00:00.000003128,-0.0654039999999999
1970-01-01 00:00:00.000003129,-0.064971
1970-01-01 00:00:00.000003130,-0.064539
1970-01-01 00:00:00.000003131,-0.0641159999999999
1970-01-01 00:00:00.000003132,-0.06368
1970-01-01 00:00:00.000003133,-0.063315
1970-01-01 00:00:00.000003134,-0.062995
1970-01-01 00:00:00.000003135,-0.062816
1970-01-01 00:00:00.000003136,-0.062653
1970-01-01 00:00:00.000003137,-0.062558
1970-01-01 00:00:00.000003138,-0.06255
1970-01-01 00:00:00.000003139,-0.062602
1970-01-01 00:00:00.000003140,-0.062722
1970-01-01 00:00:00.000003141,-0.062846
1970-01-01 00:00:00.000003142,-0.063014
1970-01-01 00:00:00.000003143,-0.06331
1970-01-01 00:00:00.000003144,-0.0636169999999999
1970-01-01 00:00:00.000003145,-0.063837
1970-01-01 00:00:00.000003146,-0.063958
1970-01-01 00:00:00.000003147,-0.064038
1970-01-01 00:00:00.000003148,-0.064162
1970-01-01 00:00:00.000003149,-0.064278
1970-01-01 00:00:00.000003150,-0.064304
1970-01-01 00:00:00.000003151,-0.064216
1970-01-01 00:00:00.000003152,-0.064105
1970-01-01 00:00:00.000003153,-0.064088
1970-01-01 00:00:00.000003154,-0.064119
1970-01-01 00:00:00.000003155,-0.064085
1970-01-01 00:00:00.000003156,-0.06394
1970-01-01 00:00:00.000003157,-0.063666
1970-01-01 00:00:00.000003158,-0.06329
1970-01-01 00:00:00.000003159,-0.062882
1970-01-01 00:00:00.000003160,-0.062282
1970-01-01 00:00:00.000003161,-0.061491
1970-01-01 00:00:00.000003162,-0.060547
1970-01-01 00:00:00.000003163,-0.0596299999999999
1970-01-01 00:00:00.000003164,-0.0588929999999999
1970-01-01 00:00:00.000003165,-0.058214
1970-01-01 00:00:00.000003166,-0.057565
1970-01-01 00:00:00.000003167,-0.057084
1970-01-01 00:00:00.000003168,-0.0567789999999999
1970-01-01 00:00:00.000003169,-0.0566049999999999
1970-01-01 00:00:00.000003170,-0.056451
1970-01-01 00:00:00.000003171,-0.0562789999999999
1970-01-01 00:00:00.000003172,-0.0561269999999999
1970-01-01 00:00:00.000003173,-0.0559659999999999
1970-01-01 00:00:00.000003174,-0.055739
1970-01-01 00:00:00.000003175,-0.055595
1970-01-01 00:00:00.000003176,-0.055698
1970-01-01 00:00:00.000003177,-0.0560299999999999
1970-01-01 00:00:00.000003178,-0.056527
1970-01-01 00:00:00.000003179,-0.057195
1970-01-01 00:00:00.000003180,-0.0579149999999999
1970-01-01 00:00:00.000003181,-0.058633
1970-01-01 00:00:00.000003182,-0.059365
1970-01-01 00:00:00.000003183,-0.06
1970-01-01 00:00:00.000003184,-0.060525
1970-01-01 00:00:00.000003185,-0.061011
1970-01-01 00:00:00.000003186,-0.061394
1970-01-01 00:00:00.000003187,-0.061834
1970-01-01 00:00:00.000003188,-0.062303
1970-01-01 00:00:00.000003189,-0.06252
1970-01-01 00:00:00.000003190,-0.0624929999999999
1970-01-01 00:00:00.000003191,-0.06227
1970-01-01 00:00:00.000003192,-0.0617799999999999
1970-01-01 00:00:00.000003193,-0.061396
1970-01-01 00:00:00.000003194,-0.06113
1970-01-01 00:00:00.000003195,-0.060904
1970-01-01 00:00:00.000003196,-0.060654
1970-01-01 00:00:00.000003197,-0.060325
1970-01-01 00:00:00.000003198,-0.060252
1970-01-01 00:00:00.000003199,-0.060446
1970-01-01 00:00:00.000003200,-0.060774
1970-01-01 00:00:00.000003201,-0.0611149999999999
1970-01-01 00:00:00.000003202,-0.061521
1970-01-01 00:00:00.000003203,-0.0619929999999999
1970-01-01 00:00:00.000003204,-0.0624929999999999
1970-01-01 00:00:00.000003205,-0.062955
1970-01-01 00:00:00.000003206,-0.063253
1970-01-01 00:00:00.000003207,-0.063389
1970-01-01 00:00:00.000003208,-0.063445
1970-01-01 00:00:00.000003209,-0.063557
1970-01-01 00:00:00.000003210,-0.0636419999999999
1970-01-01 00:00:00.000003211,-0.063798
1970-01-01 00:00:00.000003212,-0.064011
1970-01-01 00:00:00.000003213,-0.064225
1970-01-01 00:00:00.000003214,-0.064373
1970-01-01 00:00:00.000003215,-0.064487
1970-01-01 00:00:00.000003216,-0.0647269999999999
1970-01-01 00:00:00.000003217,-0.065111
1970-01-01 00:00:00.000003218,-0.0656679999999999
1970-01-01 00:00:00.000003219,-0.066219
1970-01-01 00:00:00.000003220,-0.066723
1970-01-01 00:00:00.000003221,-0.0672
1970-01-01 00:00:00.000003222,-0.067734
1970-01-01 00:00:00.000003223,-0.068439
1970-01-01 00:00:00.000003224,-0.069396
1970-01-01 00:00:00.000003225,-0.070486
1970-01-01 00:00:00.000003226,-0.071527
1970-01-01 00:00:00.000003227,-0.072568
1970-01-01 00:00:00.000003228,-0.073582
1970-01-01 00:00:00.000003229,-0.074351
1970-01-01 00:00:00.000003230,-0.074768
1970-01-01 00:00:00.000003231,-0.074952
1970-01-01 00:00:00.000003232,-0.075018
1970-01-01 00:00:00.000003233,-0.074965
1970-01-01 00:00:00.000003234,-0.074837
1970-01-01 00:00:00.000003235,-0.0746899999999999
1970-01-01 00:00:00.000003236,-0.074608
1970-01-01 00:00:00.000003237,-0.0745909999999999
1970-01-01 00:00:00.000003238,-0.074472
1970-01-01 00:00:00.000003239,-0.074152
1970-01-01 00:00:00.000003240,-0.073789
1970-01-01 00:00:00.000003241,-0.073557
1970-01-01 00:00:00.000003242,-0.073421
1970-01-01 00:00:00.000003243,-0.073375
1970-01-01 00:00:00.000003244,-0.073445
1970-01-01 00:00:00.000003245,-0.073576
1970-01-01 00:00:00.000003246,-0.0736769999999999
1970-01-01 00:00:00.000003247,-0.073736
1970-01-01 00:00:00.000003248,-0.073753
1970-01-01 00:00:00.000003249,-0.073733
1970-01-01 00:00:00.000003250,-0.073632
1970-01-01 00:00:00.000003251,-0.073494
1970-01-01 00:00:00.000003252,-0.0733559999999999
1970-01-01 00:00:00.000003253,-0.073253
1970-01-01 00:00:00.000003254,-0.073176
1970-01-01 00:00:00.000003255,-0.073064
1970-01-01 00:00:00.000003256,-0.07281
1970-01-01 00:00:00.000003257,-0.072446
1970-01-01 00:00:00.000003258,-0.072056
1970-01-01 00:00:00.000003259,-0.071687
1970-01-01 00:00:00.000003260,-0.071406
1970-01-01 00:00:00.000003261,-0.071164
1970-01-01 00:00:00.000003262,-0.0709149999999999
1970-01-01 00:00:00.000003263,-0.070698
1970-01-01 00:00:00.000003264,-0.070564
1970-01-01 00:00:00.000003265,-0.070492
1970-01-01 00:00:00.000003266,-0.070369
1970-01-01 00:00:00.000003267,-0.070145
1970-01-01 00:00:00.000003268,-0.06985
1970-01-01 00:00:00.000003269,-0.069626
1970-01-01 00:00:00.000003270,-0.069533
1970-01-01 00:00:00.000003271,-0.069457
1970-01-01 00:00:00.000003272,-0.069428
1970-01-01 00:00:00.000003273,-0.069364
1970-01-01 00:00:00.000003274,-0.069321
1970-01-01 00:00:00.000003275,-0.069247
1970-01-01 00:00:00.000003276,-0.069052
1970-01-01 00:00:00.000003277,-0.068687
1970-01-01 00:00:00.000003278,-0.068252
1970-01-01 00:00:00.000003279,-0.067879
1970-01-01 00:00:00.000003280,-0.0675429999999999
1970-01-01 00:00:00.000003281,-0.067085
1970-01-01 00:00:00.000003282,-0.066349
1970-01-01 00:00:00.000003283,-0.065541
1970-01-01 00:00:00.000003284,-0.064971
1970-01-01 00:00:00.000003285,-0.064644
1970-01-01 00:00:00.000003286,-0.064435
1970-01-01 00:00:00.000003287,-0.064119
1970-01-01 00:00:00.000003288,-0.063411
1970-01-01 00:00:00.000003289,-0.06246
1970-01-01 00:00:00.000003290,-0.0613809999999999
1970-01-01 00:00:00.000003291,-0.060274
1970-01-01 00:00:00.000003292,-0.0593299999999999
1970-01-01 00:00:00.000003293,-0.058411
1970-01-01 00:00:00.000003294,-0.057413
1970-01-01 00:00:00.000003295,-0.0564799999999999
1970-01-01 00:00:00.000003296,-0.0555549999999999
1970-01-01 00:00:00.000003297,-0.054675
1970-01-01 00:00:00.000003298,-0.053845
1970-01-01 00:00:00.000003299,-0.053032
1970-01-01 00:00:00.000003300,-0.052247
1970-01-01 00:00:00.000003301,-0.051596
1970-01-01 00:00:00.000003302,-0.051071
1970-01-01 00:00:00.000003303,-0.050567
1970-01-01 00:00:00.000003304,-0.050181
1970-01-01 00:00:00.000003305,-0.049893
1970-01-01 00:00:00.000003306,-0.049739
1970-01-01 00:00:00.000003307,-0.049815
1970-01-01 00:00:00.000003308,-0.050117
1970-01-01 00:00:00.000003309,-0.050501
1970-01-01 00:00:00.000003310,-0.051008
1970-01-01 00:00:00.000003311,-0.051586
1970-01-01 00:00:00.000003312,-0.05221
1970-01-01 00:00:00.000003313,-0.0528929999999999
1970-01-01 00:00:00.000003314,-0.053479
1970-01-01 00:00:00.000003315,-0.0538909999999999
1970-01-01 00:00:00.000003316,-0.0541139999999999
1970-01-01 00:00:00.000003317,-0.054091
1970-01-01 00:00:00.000003318,-0.053837
1970-01-01 00:00:00.000003319,-0.053522
1970-01-01 00:00:00.000003320,-0.053198
1970-01-01 00:00:00.000003321,-0.0528159999999999
1970-01-01 00:00:00.000003322,-0.052307
1970-01-01 00:00:00.000003323,-0.051835
1970-01-01 00:00:00.000003324,-0.051471
1970-01-01 00:00:00.000003325,-0.051197
1970-01-01 00:00:00.000003326,-0.050954
1970-01-01 00:00:00.000003327,-0.050762
1970-01-01 00:00:00.000003328,-0.050691
1970-01-01 00:00:00.000003329,-0.050804
1970-01-01 00:00:00.000003330,-0.051162
1970-01-01 00:00:00.000003331,-0.051789
1970-01-01 00:00:00.000003332,-0.052409
1970-01-01 00:00:00.000003333,-0.053009
1970-01-01 00:00:00.000003334,-0.0536
1970-01-01 00:00:00.000003335,-0.054126
1970-01-01 00:00:00.000003336,-0.054691
1970-01-01 00:00:00.000003337,-0.0552559999999999
1970-01-01 00:00:00.000003338,-0.055783
1970-01-01 00:00:00.000003339,-0.056176
1970-01-01 00:00:00.000003340,-0.056307
1970-01-01 00:00:00.000003341,-0.0561889999999999
1970-01-01 00:00:00.000003342,-0.055935
1970-01-01 00:00:00.000003343,-0.0557289999999999
1970-01-01 00:00:00.000003344,-0.055696
1970-01-01 00:00:00.000003345,-0.055882
1970-01-01 00:00:00.000003346,-0.056282
1970-01-01 00:00:00.000003347,-0.056732
1970-01-01 00:00:00.000003348,-0.0571049999999999
1970-01-01 00:00:00.000003349,-0.057637
1970-01-01 00:00:00.000003350,-0.0583929999999999
1970-01-01 00:00:00.000003351,-0.059046
1970-01-01 00:00:00.000003352,-0.059605
1970-01-01 00:00:00.000003353,-0.060122
1970-01-01 00:00:00.000003354,-0.06062
1970-01-01 00:00:00.000003355,-0.061323
1970-01-01 00:00:00.000003356,-0.0622799999999999
1970-01-01 00:00:00.000003357,-0.063314
1970-01-01 00:00:00.000003358,-0.064462
1970-01-01 00:00:00.000003359,-0.0656009999999999
1970-01-01 00:00:00.000003360,-0.066607
1970-01-01 00:00:00.000003361,-0.067566
1970-01-01 00:00:00.000003362,-0.06851
1970-01-01 00:00:00.000003363,-0.069177
1970-01-01 00:00:00.000003364,-0.069467
1970-01-01 00:00:00.000003365,-0.069485
1970-01-01 00:00:00.000003366,-0.069342
1970-01-01 00:00:00.000003367,-0.069026
1970-01-01 00:00:00.000003368,-0.0686
1970-01-01 00:00:00.000003369,-0.068172
1970-01-01 00:00:00.000003370,-0.067869
1970-01-01 00:00:00.000003371,-0.0677929999999999
1970-01-01 00:00:00.000003372,-0.067941
1970-01-01 00:00:00.000003373,-0.0682509999999999
1970-01-01 00:00:00.000003374,-0.068716
1970-01-01 00:00:00.000003375,-0.069418
1970-01-01 00:00:00.000003376,-0.070382
1970-01-01 00:00:00.000003377,-0.071545
1970-01-01 00:00:00.000003378,-0.072862
1970-01-01 00:00:00.000003379,-0.074258
1970-01-01 00:00:00.000003380,-0.07532
1970-01-01 00:00:00.000003381,-0.075672
1970-01-01 00:00:00.000003382,-0.075219
1970-01-01 00:00:00.000003383,-0.074241
1970-01-01 00:00:00.000003384,-0.072737
1970-01-01 00:00:00.000003385,-0.070844
1970-01-01 00:00:00.000003386,-0.068841
1970-01-01 00:00:00.000003387,-0.066849
1970-01-01 00:00:00.000003388,-0.065171
1970-01-01 00:00:00.000003389,-0.064139
1970-01-01 00:00:00.000003390,-0.063735
1970-01-01 00:00:00.000003391,-0.063749
1970-01-01 00:00:00.000003392,-0.06395
1970-01-01 00:00:00.000003393,-0.064359
1970-01-01 00:00:00.000003394,-0.065046
1970-01-01 00:00:00.000003395,-0.065857
1970-01-01 00:00:00.000003396,-0.066585
1970-01-01 00:00:00.000003397,-0.067074
1970-01-01 00:00:00.000003398,-0.0673769999999999
1970-01-01 00:00:00.000003399,-0.067686
1970-01-01 00:00:00.000003400,-0.068087
1970-01-01 00:00:00.000003401,-0.068492
1970-01-01 00:00:00.000003402,-0.068758
1970-01-01 00:00:00.000003403,-0.068782
1970-01-01 00:00:00.000003404,-0.068472
1970-01-01 00:00:00.000003405,-0.0679879999999999
1970-01-01 00:00:00.000003406,-0.067459
1970-01-01 00:00:00.000003407,-0.066978
1970-01-01 00:00:00.000003408,-0.066546
1970-01-01 00:00:00.000003409,-0.066087
1970-01-01 00:00:00.000003410,-0.065719
1970-01-01 00:00:00.000003411,-0.065447
1970-01-01 00:00:00.000003412,-0.065159
1970-01-01 00:00:00.000003413,-0.064869
1970-01-01 00:00:00.000003414,-0.064538
1970-01-01 00:00:00.000003415,-0.064085
1970-01-01 00:00:00.000003416,-0.06344
1970-01-01 00:00:00.000003417,-0.062575
1970-01-01 00:00:00.000003418,-0.0615309999999999
1970-01-01 00:00:00.000003419,-0.0604059999999999
1970-01-01 00:00:00.000003420,-0.059148
1970-01-01 00:00:00.000003421,-0.057829
1970-01-01 00:00:00.000003422,-0.056669
1970-01-01 00:00:00.000003423,-0.05562
1970-01-01 00:00:00.000003424,-0.054643
1970-01-01 00:00:00.000003425,-0.053775
1970-01-01 00:00:00.000003426,-0.053096
1970-01-01 00:00:00.000003427,-0.0527759999999999
1970-01-01 00:00:00.000003428,-0.052699
1970-01-01 00:00:00.000003429,-0.052699
1970-01-01 00:00:00.000003430,-0.052738
1970-01-01 00:00:00.000003431,-0.052884
1970-01-01 00:00:00.000003432,-0.0532789999999999
1970-01-01 00:00:00.000003433,-0.053818
1970-01-01 00:00:00.000003434,-0.0542789999999999
1970-01-01 00:00:00.000003435,-0.054644
1970-01-01 00:00:00.000003436,-0.054992
1970-01-01 00:00:00.000003437,-0.055349
1970-01-01 00:00:00.000003438,-0.0556539999999999
1970-01-01 00:00:00.000003439,-0.055848
1970-01-01 00:00:00.000003440,-0.055951
1970-01-01 00:00:00.000003441,-0.055922
1970-01-01 00:00:00.000003442,-0.055633
1970-01-01 00:00:00.000003443,-0.0552299999999999
1970-01-01 00:00:00.000003444,-0.054875
1970-01-01 00:00:00.000003445,-0.054376
1970-01-01 00:00:00.000003446,-0.053949
1970-01-01 00:00:00.000003447,-0.053607
1970-01-01 00:00:00.000003448,-0.05327
1970-01-01 00:00:00.000003449,-0.0531639999999999
1970-01-01 00:00:00.000003450,-0.053372
1970-01-01 00:00:00.000003451,-0.05393
1970-01-01 00:00:00.000003452,-0.054702
1970-01-01 00:00:00.000003453,-0.05552
1970-01-01 00:00:00.000003454,-0.056266
1970-01-01 00:00:00.000003455,-0.056936
1970-01-01 00:00:00.000003456,-0.057467
1970-01-01 00:00:00.000003457,-0.057788
1970-01-01 00:00:00.000003458,-0.057892
1970-01-01 00:00:00.000003459,-0.0578799999999999
1970-01-01 00:00:00.000003460,-0.057839
1970-01-01 00:00:00.000003461,-0.057871
1970-01-01 00:00:00.000003462,-0.0578529999999999
1970-01-01 00:00:00.000003463,-0.057629
1970-01-01 00:00:00.000003464,-0.057173
1970-01-01 00:00:00.000003465,-0.056294
1970-01-01 00:00:00.000003466,-0.0549179999999999
1970-01-01 00:00:00.000003467,-0.053138
1970-01-01 00:00:00.000003468,-0.050666
1970-01-01 00:00:00.000003469,-0.046965
1970-01-01 00:00:00.000003470,-0.042206
1970-01-01 00:00:00.000003471,-0.036381
1970-01-01 00:00:00.000003472,-0.0292699999999999
1970-01-01 00:00:00.000003473,-0.021628
1970-01-01 00:00:00.000003474,-0.013278
1970-01-01 00:00:00.000003475,-0.005065
1970-01-01 00:00:00.000003476,0.00094
1970-01-01 00:00:00.000003477,0.002717
1970-01-01 00:00:00.000003478,0.001571
1970-01-01 00:00:00.000003479,0.001037
1970-01-01 00:00:00.000003480,0.002464
1970-01-01 00:00:00.000003481,0.004857
1970-01-01 00:00:00.000003482,0.0066939999999999
1970-01-01 00:00:00.000003483,0.007198
1970-01-01 00:00:00.000003484,0.00646
1970-01-01 00:00:00.000003485,0.004521
1970-01-01 00:00:00.000003486,0.001074
1970-01-01 00:00:00.000003487,-0.003317
1970-01-01 00:00:00.000003488,-0.007351
1970-01-01 00:00:00.000003489,-0.010311
1970-01-01 00:00:00.000003490,-0.012158
1970-01-01 00:00:00.000003491,-0.013113
1970-01-01 00:00:00.000003492,-0.0138419999999999
1970-01-01 00:00:00.000003493,-0.014761
1970-01-01 00:00:00.000003494,-0.015776
1970-01-01 00:00:00.000003495,-0.016665
1970-01-01 00:00:00.000003496,-0.01741
1970-01-01 00:00:00.000003497,-0.018286
1970-01-01 00:00:00.000003498,-0.019599
1970-01-01 00:00:00.000003499,-0.021072
1970-01-01 00:00:00.000003500,-0.022158
1970-01-01 00:00:00.000003501,-0.022585
1970-01-01 00:00:00.000003502,-0.022337
1970-01-01 00:00:00.000003503,-0.0216039999999999
1970-01-01 00:00:00.000003504,-0.020507
1970-01-01 00:00:00.000003505,-0.018923
1970-01-01 00:00:00.000003506,-0.017442
1970-01-01 00:00:00.000003507,-0.016798
1970-01-01 00:00:00.000003508,-0.016857
1970-01-01 00:00:00.000003509,-0.016497
1970-01-01 00:00:00.000003510,-0.015331
1970-01-01 00:00:00.000003511,-0.013796
1970-01-01 00:00:00.000003512,-0.012456
1970-01-01 00:00:00.000003513,-0.0130669999999999
1970-01-01 00:00:00.000003514,-0.0141669999999999
1970-01-01 00:00:00.000003515,-0.014185
1970-01-01 00:00:00.000003516,-0.013681
1970-01-01 00:00:00.000003517,-0.013831
1970-01-01 00:00:00.000003518,-0.0155789999999999
1970-01-01 00:00:00.000003519,-0.0183389999999999
1970-01-01 00:00:00.000003520,-0.021
1970-01-01 00:00:00.000003521,-0.023128
1970-01-01 00:00:00.000003522,-0.0244659999999999
1970-01-01 00:00:00.000003523,-0.024537
1970-01-01 00:00:00.000003524,-0.023365
1970-01-01 00:00:00.000003525,-0.021405
1970-01-01 00:00:00.000003526,-0.019462
1970-01-01 00:00:00.000003527,-0.018241
1970-01-01 00:00:00.000003528,-0.017725
1970-01-01 00:00:00.000003529,-0.0176
1970-01-01 00:00:00.000003530,-0.017621
1970-01-01 00:00:00.000003531,-0.017712
1970-01-01 00:00:00.000003532,-0.017917
1970-01-01 00:00:00.000003533,-0.018085
1970-01-01 00:00:00.000003534,-0.017967
1970-01-01 00:00:00.000003535,-0.017427
1970-01-01 00:00:00.000003536,-0.016372
1970-01-01 00:00:00.000003537,-0.015108
1970-01-01 00:00:00.000003538,-0.013758
1970-01-01 00:00:00.000003539,-0.012286
1970-01-01 00:00:00.000003540,-0.0108849999999999
1970-01-01 00:00:00.000003541,-0.009528
1970-01-01 00:00:00.000003542,-0.008162
1970-01-01 00:00:00.000003543,-0.006812
1970-01-01 00:00:00.000003544,-0.005559
1970-01-01 00:00:00.000003545,-0.004409
1970-01-01 00:00:00.000003546,-0.003387
1970-01-01 00:00:00.000003547,-0.002657
1970-01-01 00:00:00.000003548,-0.002203
1970-01-01 00:00:00.000003549,-0.001777
1970-01-01 00:00:00.000003550,-0.00119
1970-01-01 00:00:00.000003551,-0.000426
1970-01-01 00:00:00.000003552,0.0003129999999999
1970-01-01 00:00:00.000003553,0.000925
1970-01-01 00:00:00.000003554,0.00138
1970-01-01 00:00:00.000003555,0.001508
1970-01-01 00:00:00.000003556,0.001103
1970-01-01 00:00:00.000003557,0.000241
1970-01-01 00:00:00.000003558,-0.00069
1970-01-01 00:00:00.000003559,-0.001485
1970-01-01 00:00:00.000003560,-0.002221
1970-01-01 00:00:00.000003561,-0.002943
1970-01-01 00:00:00.000003562,-0.0034509999999999
1970-01-01 00:00:00.000003563,-0.003563
1970-01-01 00:00:00.000003564,-0.003169
1970-01-01 00:00:00.000003565,-0.002427
1970-01-01 00:00:00.000003566,-0.001604
1970-01-01 00:00:00.000003567,-0.000776
1970-01-01 00:00:00.000003568,5.4000000000000005e-05
1970-01-01 00:00:00.000003569,0.000858
1970-01-01 00:00:00.000003570,0.0015019999999999
1970-01-01 00:00:00.000003571,0.001954
1970-01-01 00:00:00.000003572,0.002455
1970-01-01 00:00:00.000003573,0.0031379999999999
1970-01-01 00:00:00.000003574,0.003886
1970-01-01 00:00:00.000003575,0.004596
1970-01-01 00:00:00.000003576,0.005308
1970-01-01 00:00:00.000003577,0.005927
1970-01-01 00:00:00.000003578,0.0064069999999999
1970-01-01 00:00:00.000003579,0.00678
1970-01-01 00:00:00.000003580,0.00698
1970-01-01 00:00:00.000003581,0.00715
1970-01-01 00:00:00.000003582,0.007545
1970-01-01 00:00:00.000003583,0.008217
1970-01-01 00:00:00.000003584,0.009049
1970-01-01 00:00:00.000003585,0.009988
1970-01-01 00:00:00.000003586,0.010983
1970-01-01 00:00:00.000003587,0.011863
1970-01-01 00:00:00.000003588,0.012586
1970-01-01 00:00:00.000003589,0.013424
1970-01-01 00:00:00.000003590,0.01434
1970-01-01 00:00:00.000003591,0.01519
1970-01-01 00:00:00.000003592,0.0159
1970-01-01 00:00:00.000003593,0.016349
1970-01-01 00:00:00.000003594,0.016589
1970-01-01 00:00:00.000003595,0.016722
1970-01-01 00:00:00.000003596,0.016762
1970-01-01 00:00:00.000003597,0.01671
1970-01-01 00:00:00.000003598,0.016599
1970-01-01 00:00:00.000003599,0.0165139999999999
1970-01-01 00:00:00.000003600,0.016349
1970-01-01 00:00:00.000003601,0.0160139999999999
1970-01-01 00:00:00.000003602,0.015516
1970-01-01 00:00:00.000003603,0.0149449999999999
1970-01-01 00:00:00.000003604,0.014266
1970-01-01 00:00:00.000003605,0.013557
1970-01-01 00:00:00.000003606,0.012924
1970-01-01 00:00:00.000003607,0.012448
1970-01-01 00:00:00.000003608,0.012044
1970-01-01 00:00:00.000003609,0.011476
1970-01-01 00:00:00.000003610,0.010872
1970-01-01 00:00:00.000003611,0.010347
1970-01-01 00:00:00.000003612,0.009995
1970-01-01 00:00:00.000003613,0.009801
1970-01-01 00:00:00.000003614,0.009794
1970-01-01 00:00:00.000003615,0.009897
1970-01-01 00:00:00.000003616,0.010105
1970-01-01 00:00:00.000003617,0.010478
1970-01-01 00:00:00.000003618,0.0109719999999999
1970-01-01 00:00:00.000003619,0.011467
1970-01-01 00:00:00.000003620,0.0119569999999999
1970-01-01 00:00:00.000003621,0.01248
1970-01-01 00:00:00.000003622,0.013064
1970-01-01 00:00:00.000003623,0.013751
1970-01-01 00:00:00.000003624,0.014497
1970-01-01 00:00:00.000003625,0.015219
1970-01-01 00:00:00.000003626,0.015799
1970-01-01 00:00:00.000003627,0.016211
1970-01-01 00:00:00.000003628,0.016564
1970-01-01 00:00:00.000003629,0.0169169999999999
1970-01-01 00:00:00.000003630,0.017249
1970-01-01 00:00:00.000003631,0.017558
1970-01-01 00:00:00.000003632,0.017891
1970-01-01 00:00:00.000003633,0.018239
1970-01-01 00:00:00.000003634,0.018615
1970-01-01 00:00:00.000003635,0.0189879999999999
1970-01-01 00:00:00.000003636,0.019383
1970-01-01 00:00:00.000003637,0.01986
1970-01-01 00:00:00.000003638,0.020354
1970-01-01 00:00:00.000003639,0.020811
1970-01-01 00:00:00.000003640,0.021272
1970-01-01 00:00:00.000003641,0.021754
1970-01-01 00:00:00.000003642,0.022192
1970-01-01 00:00:00.000003643,0.022588
1970-01-01 00:00:00.000003644,0.022844
1970-01-01 00:00:00.000003645,0.022917
1970-01-01 00:00:00.000003646,0.022834
1970-01-01 00:00:00.000003647,0.022654
1970-01-01 00:00:00.000003648,0.022397
1970-01-01 00:00:00.000003649,0.022133
1970-01-01 00:00:00.000003650,0.021814
1970-01-01 00:00:00.000003651,0.02161
1970-01-01 00:00:00.000003652,0.0215099999999999
1970-01-01 00:00:00.000003653,0.021402
1970-01-01 00:00:00.000003654,0.021325
1970-01-01 00:00:00.000003655,0.021141
1970-01-01 00:00:00.000003656,0.020876
1970-01-01 00:00:00.000003657,0.020644
1970-01-01 00:00:00.000003658,0.020429
1970-01-01 00:00:00.000003659,0.020233
1970-01-01 00:00:00.000003660,0.019983
1970-01-01 00:00:00.000003661,0.019718
1970-01-01 00:00:00.000003662,0.01952
1970-01-01 00:00:00.000003663,0.019272
1970-01-01 00:00:00.000003664,0.01894
1970-01-01 00:00:00.000003665,0.01848
1970-01-01 00:00:00.000003666,0.017957
1970-01-01 00:00:00.000003667,0.017438
1970-01-01 00:00:00.000003668,0.016956
1970-01-01 00:00:00.000003669,0.016399
1970-01-01 00:00:00.000003670,0.015596
1970-01-01 00:00:00.000003671,0.014594
1970-01-01 00:00:00.000003672,0.0135229999999999
1970-01-01 00:00:00.000003673,0.012428
1970-01-01 00:00:00.000003674,0.011408
1970-01-01 00:00:00.000003675,0.010512
1970-01-01 00:00:00.000003676,0.0097629999999999
1970-01-01 00:00:00.000003677,0.00926
1970-01-01 00:00:00.000003678,0.00899
1970-01-01 00:00:00.000003679,0.008928
1970-01-01 00:00:00.000003680,0.009351
1970-01-01 00:00:00.000003681,0.010462
1970-01-01 00:00:00.000003682,0.0120629999999999
1970-01-01 00:00:00.000003683,0.013904
1970-01-01 00:00:00.000003684,0.015796
1970-01-01 00:00:00.000003685,0.017404
1970-01-01 00:00:00.000003686,0.018703
1970-01-01 00:00:00.000003687,0.019734
1970-01-01 00:00:00.000003688,0.020441
1970-01-01 00:00:00.000003689,0.020934
1970-01-01 00:00:00.000003690,0.021457
1970-01-01 00:00:00.000003691,0.0219539999999999
1970-01-01 00:00:00.000003692,0.022277
1970-01-01 00:00:00.000003693,0.022262
1970-01-01 00:00:00.000003694,0.022123
1970-01-01 00:00:00.000003695,0.021822
1970-01-01 00:00:00.000003696,0.021601
1970-01-01 00:00:00.000003697,0.021431
1970-01-01 00:00:00.000003698,0.021241
1970-01-01 00:00:00.000003699,0.020938
1970-01-01 00:00:00.000003700,0.020531
1970-01-01 00:00:00.000003701,0.020152
1970-01-01 00:00:00.000003702,0.019769
1970-01-01 00:00:00.000003703,0.019295
1970-01-01 00:00:00.000003704,0.018729
1970-01-01 00:00:00.000003705,0.018132
1970-01-01 00:00:00.000003706,0.017469
1970-01-01 00:00:00.000003707,0.016769
1970-01-01 00:00:00.000003708,0.016123
1970-01-01 00:00:00.000003709,0.015506
1970-01-01 00:00:00.000003710,0.014976
1970-01-01 00:00:00.000003711,0.01454
1970-01-01 00:00:00.000003712,0.014058
1970-01-01 00:00:00.000003713,0.013505
1970-01-01 00:00:00.000003714,0.013077
1970-01-01 00:00:00.000003715,0.012842
1970-01-01 00:00:00.000003716,0.012675
1970-01-01 00:00:00.000003717,0.012562
1970-01-01 00:00:00.000003718,0.0124739999999999
1970-01-01 00:00:00.000003719,0.012386
1970-01-01 00:00:00.000003720,0.012209
1970-01-01 00:00:00.000003721,0.011968
1970-01-01 00:00:00.000003722,0.011682
1970-01-01 00:00:00.000003723,0.011427
1970-01-01 00:00:00.000003724,0.011292
1970-01-01 00:00:00.000003725,0.011192
1970-01-01 00:00:00.000003726,0.011154
1970-01-01 00:00:00.000003727,0.011278
1970-01-01 00:00:00.000003728,0.011498
1970-01-01 00:00:00.000003729,0.011816
1970-01-01 00:00:00.000003730,0.0122709999999999
1970-01-01 00:00:00.000003731,0.0128659999999999
1970-01-01 00:00:00.000003732,0.013525
1970-01-01 00:00:00.000003733,0.014183
1970-01-01 00:00:00.000003734,0.014969
1970-01-01 00:00:00.000003735,0.01593
1970-01-01 00:00:00.000003736,0.016915
1970-01-01 00:00:00.000003737,0.017774
1970-01-01 00:00:00.000003738,0.018451
1970-01-01 00:00:00.000003739,0.018962
1970-01-01 00:00:00.000003740,0.019479
1970-01-01 00:00:00.000003741,0.019984
1970-01-01 00:00:00.000003742,0.020436
1970-01-01 00:00:00.000003743,0.020853
1970-01-01 00:00:00.000003744,0.021207
1970-01-01 00:00:00.000003745,0.0214639999999999
1970-01-01 00:00:00.000003746,0.021513
1970-01-01 00:00:00.000003747,0.021394
1970-01-01 00:00:00.000003748,0.021093
1970-01-01 00:00:00.000003749,0.020677
1970-01-01 00:00:00.000003750,0.020276
1970-01-01 00:00:00.000003751,0.019983
1970-01-01 00:00:00.000003752,0.01971
1970-01-01 00:00:00.000003753,0.019303
1970-01-01 00:00:00.000003754,0.018857
1970-01-01 00:00:00.000003755,0.018509
1970-01-01 00:00:00.000003756,0.018271
1970-01-01 00:00:00.000003757,0.018159
1970-01-01 00:00:00.000003758,0.018179
1970-01-01 00:00:00.000003759,0.01831
1970-01-01 00:00:00.000003760,0.018526
1970-01-01 00:00:00.000003761,0.018809
1970-01-01 00:00:00.000003762,0.019203
1970-01-01 00:00:00.000003763,0.019599
1970-01-01 00:00:00.000003764,0.019902
1970-01-01 00:00:00.000003765,0.020111
1970-01-01 00:00:00.000003766,0.020241
1970-01-01 00:00:00.000003767,0.02037
1970-01-01 00:00:00.000003768,0.020711
1970-01-01 00:00:00.000003769,0.021241
1970-01-01 00:00:00.000003770,0.021727
1970-01-01 00:00:00.000003771,0.021913
1970-01-01 00:00:00.000003772,0.02191
1970-01-01 00:00:00.000003773,0.022052
1970-01-01 00:00:00.000003774,0.022393
1970-01-01 00:00:00.000003775,0.022703
1970-01-01 00:00:00.000003776,0.022803
1970-01-01 00:00:00.000003777,0.022805
1970-01-01 00:00:00.000003778,0.022857
1970-01-01 00:00:00.000003779,0.022868
1970-01-01 00:00:00.000003780,0.022803
1970-01-01 00:00:00.000003781,0.02273
1970-01-01 00:00:00.000003782,0.022704
1970-01-01 00:00:00.000003783,0.022713
1970-01-01 00:00:00.000003784,0.022562
1970-01-01 00:00:00.000003785,0.022184
1970-01-01 00:00:00.000003786,0.021716
1970-01-01 00:00:00.000003787,0.021328
1970-01-01 00:00:00.000003788,0.021015
1970-01-01 00:00:00.000003789,0.020733
1970-01-01 00:00:00.000003790,0.020578
1970-01-01 00:00:00.000003791,0.020546
1970-01-01 00:00:00.000003792,0.020522
1970-01-01 00:00:00.000003793,0.0205349999999999
1970-01-01 00:00:00.000003794,0.020699
1970-01-01 00:00:00.000003795,0.021016
1970-01-01 00:00:00.000003796,0.021371
1970-01-01 00:00:00.000003797,0.021756
1970-01-01 00:00:00.000003798,0.0222139999999999
1970-01-01 00:00:00.000003799,0.02264
1970-01-01 00:00:00.000003800,0.023104
1970-01-01 00:00:00.000003801,0.023582
1970-01-01 00:00:00.000003802,0.0240389999999999
1970-01-01 00:00:00.000003803,0.024452
1970-01-01 00:00:00.000003804,0.024834
1970-01-01 00:00:00.000003805,0.025254
1970-01-01 00:00:00.000003806,0.025787
1970-01-01 00:00:00.000003807,0.026376
1970-01-01 00:00:00.000003808,0.026942
1970-01-01 00:00:00.000003809,0.027375
1970-01-01 00:00:00.000003810,0.02755
1970-01-01 00:00:00.000003811,0.027607
1970-01-01 00:00:00.000003812,0.027591
1970-01-01 00:00:00.000003813,0.027472
1970-01-01 00:00:00.000003814,0.027287
1970-01-01 00:00:00.000003815,0.027011
1970-01-01 00:00:00.000003816,0.02685
1970-01-01 00:00:00.000003817,0.026687
1970-01-01 00:00:00.000003818,0.026456
1970-01-01 00:00:00.000003819,0.026122
1970-01-01 00:00:00.000003820,0.025685
1970-01-01 00:00:00.000003821,0.02515
1970-01-01 00:00:00.000003822,0.024687
1970-01-01 00:00:00.000003823,0.024277
1970-01-01 00:00:00.000003824,0.0237889999999999
1970-01-01 00:00:00.000003825,0.023283
1970-01-01 00:00:00.000003826,0.022862
1970-01-01 00:00:00.000003827,0.022626
1970-01-01 00:00:00.000003828,0.022539
1970-01-01 00:00:00.000003829,0.022556
1970-01-01 00:00:00.000003830,0.022715
1970-01-01 00:00:00.000003831,0.022965
1970-01-01 00:00:00.000003832,0.02333
1970-01-01 00:00:00.000003833,0.0237509999999999
1970-01-01 00:00:00.000003834,0.024211
1970-01-01 00:00:00.000003835,0.02473
1970-01-01 00:00:00.000003836,0.025177
1970-01-01 00:00:00.000003837,0.0255789999999999
1970-01-01 00:00:00.000003838,0.025986
1970-01-01 00:00:00.000003839,0.0263139999999999
1970-01-01 00:00:00.000003840,0.026611
1970-01-01 00:00:00.000003841,0.0267959999999999
1970-01-01 00:00:00.000003842,0.0268899999999999
1970-01-01 00:00:00.000003843,0.026929
1970-01-01 00:00:00.000003844,0.026947
1970-01-01 00:00:00.000003845,0.027017
1970-01-01 00:00:00.000003846,0.0271089999999999
1970-01-01 00:00:00.000003847,0.0271649999999999
1970-01-01 00:00:00.000003848,0.027199
1970-01-01 00:00:00.000003849,0.0271149999999999
1970-01-01 00:00:00.000003850,0.026905
1970-01-01 00:00:00.000003851,0.026531
1970-01-01 00:00:00.000003852,0.026019
1970-01-01 00:00:00.000003853,0.025393
1970-01-01 00:00:00.000003854,0.024637
1970-01-01 00:00:00.000003855,0.023818
1970-01-01 00:00:00.000003856,0.023087
1970-01-01 00:00:00.000003857,0.0224
1970-01-01 00:00:00.000003858,0.021788
1970-01-01 00:00:00.000003859,0.02119
1970-01-01 00:00:00.000003860,0.020521
1970-01-01 00:00:00.000003861,0.019864
1970-01-01 00:00:00.000003862,0.019324
1970-01-01 00:00:00.000003863,0.018828
1970-01-01 00:00:00.000003864,0.018327
1970-01-01 00:00:00.000003865,0.017909
1970-01-01 00:00:00.000003866,0.017426
1970-01-01 00:00:00.000003867,0.016856
1970-01-01 00:00:00.000003868,0.016236
1970-01-01 00:00:00.000003869,0.015608
1970-01-01 00:00:00.000003870,0.014965
1970-01-01 00:00:00.000003871,0.014135
1970-01-01 00:00:00.000003872,0.0130169999999999
1970-01-01 00:00:00.000003873,0.011811
1970-01-01 00:00:00.000003874,0.010623
1970-01-01 00:00:00.000003875,0.009464
1970-01-01 00:00:00.000003876,0.008241
1970-01-01 00:00:00.000003877,0.006947
1970-01-01 00:00:00.000003878,0.00571
1970-01-01 00:00:00.000003879,0.004632
1970-01-01 00:00:00.000003880,0.003559
1970-01-01 00:00:00.000003881,0.002522
1970-01-01 00:00:00.000003882,0.0016699999999999
1970-01-01 00:00:00.000003883,0.00099
1970-01-01 00:00:00.000003884,0.000584
1970-01-01 00:00:00.000003885,0.000707
1970-01-01 00:00:00.000003886,0.0008349999999999
1970-01-01 00:00:00.000003887,0.0008449999999999
1970-01-01 00:00:00.000003888,0.000888
1970-01-01 00:00:00.000003889,0.000993
1970-01-01 00:00:00.000003890,0.0008849999999999
1970-01-01 00:00:00.000003891,0.00055
1970-01-01 00:00:00.000003892,9e-05
1970-01-01 00:00:00.000003893,-0.000224
1970-01-01 00:00:00.000003894,-0.000349
1970-01-01 00:00:00.000003895,-0.000384
1970-01-01 00:00:00.000003896,-0.000365
1970-01-01 00:00:00.000003897,-0.000347
1970-01-01 00:00:00.000003898,-0.000398
1970-01-01 00:00:00.000003899,-0.000459
1970-01-01 00:00:00.000003900,-0.000495
1970-01-01 00:00:00.000003901,-0.000391
1970-01-01 00:00:00.000003902,-0.000107
1970-01-01 00:00:00.000003903,0.000225
1970-01-01 00:00:00.000003904,0.000521
1970-01-01 00:00:00.000003905,0.000678
1970-01-01 00:00:00.000003906,0.000778
1970-01-01 00:00:00.000003907,0.000948
1970-01-01 00:00:00.000003908,0.001192
1970-01-01 00:00:00.000003909,0.001372
1970-01-01 00:00:00.000003910,0.001455
1970-01-01 00:00:00.000003911,0.001413
1970-01-01 00:00:00.000003912,0.001323
1970-01-01 00:00:00.000003913,0.001312
1970-01-01 00:00:00.000003914,0.001381
1970-01-01 00:00:00.000003915,0.001504
1970-01-01 00:00:00.000003916,0.001581
1970-01-01 00:00:00.000003917,0.001558
1970-01-01 00:00:00.000003918,0.00158
1970-01-01 00:00:00.000003919,0.001702
1970-01-01 00:00:00.000003920,0.001889
1970-01-01 00:00:00.000003921,0.002048
1970-01-01 00:00:00.000003922,0.0021969999999999
1970-01-01 00:00:00.000003923,0.002317
1970-01-01 00:00:00.000003924,0.002449
1970-01-01 00:00:00.000003925,0.002628
1970-01-01 00:00:00.000003926,0.002726
1970-01-01 00:00:00.000003927,0.002723
1970-01-01 00:00:00.000003928,0.00268
1970-01-01 00:00:00.000003929,0.0025629999999999
1970-01-01 00:00:00.000003930,0.002479
1970-01-01 00:00:00.000003931,0.002532
1970-01-01 00:00:00.000003932,0.002715
1970-01-01 00:00:00.000003933,0.002978
1970-01-01 00:00:00.000003934,0.003281
1970-01-01 00:00:00.000003935,0.003635
1970-01-01 00:00:00.000003936,0.003974
1970-01-01 00:00:00.000003937,0.0042
1970-01-01 00:00:00.000003938,0.004449
1970-01-01 00:00:00.000003939,0.004842
1970-01-01 00:00:00.000003940,0.005268
1970-01-01 00:00:00.000003941,0.005605
1970-01-01 00:00:00.000003942,0.005874
1970-01-01 00:00:00.000003943,0.006163
1970-01-01 00:00:00.000003944,0.006461
1970-01-01 00:00:00.000003945,0.006821
1970-01-01 00:00:00.000003946,0.007227
1970-01-01 00:00:00.000003947,0.007514
1970-01-01 00:00:00.000003948,0.007613
1970-01-01 00:00:00.000003949,0.007552
1970-01-01 00:00:00.000003950,0.007429
1970-01-01 00:00:00.000003951,0.007326
1970-01-01 00:00:00.000003952,0.007254
1970-01-01 00:00:00.000003953,0.007262
1970-01-01 00:00:00.000003954,0.007382
1970-01-01 00:00:00.000003955,0.007633
1970-01-01 00:00:00.000003956,0.0079329999999999
1970-01-01 00:00:00.000003957,0.008304
1970-01-01 00:00:00.000003958,0.008756
1970-01-01 00:00:00.000003959,0.009245
1970-01-01 00:00:00.000003960,0.009713
1970-01-01 00:00:00.000003961,0.010213
1970-01-01 00:00:00.000003962,0.010736
1970-01-01 00:00:00.000003963,0.0113
1970-01-01 00:00:00.000003964,0.011961
1970-01-01 00:00:00.000003965,0.0127
1970-01-01 00:00:00.000003966,0.013528
1970-01-01 00:00:00.000003967,0.014402
1970-01-01 00:00:00.000003968,0.015205
1970-01-01 00:00:00.000003969,0.01593
1970-01-01 00:00:00.000003970,0.016635
1970-01-01 00:00:00.000003971,0.0173539999999999
1970-01-01 00:00:00.000003972,0.018015
1970-01-01 00:00:00.000003973,0.018499
1970-01-01 00:00:00.000003974,0.0188699999999999
1970-01-01 00:00:00.000003975,0.01915
1970-01-01 00:00:00.000003976,0.019324
1970-01-01 00:00:00.000003977,0.019524
1970-01-01 00:00:00.000003978,0.0197229999999999
1970-01-01 00:00:00.000003979,0.019803
1970-01-01 00:00:00.000003980,0.0196919999999999
1970-01-01 00:00:00.000003981,0.019492
1970-01-01 00:00:00.000003982,0.019286
1970-01-01 00:00:00.000003983,0.019135
1970-01-01 00:00:00.000003984,0.01895
1970-01-01 00:00:00.000003985,0.01863
1970-01-01 00:00:00.000003986,0.01828
1970-01-01 00:00:00.000003987,0.01793
1970-01-01 00:00:00.000003988,0.017569
1970-01-01 00:00:00.000003989,0.017315
1970-01-01 00:00:00.000003990,0.017233
1970-01-01 00:00:00.000003991,0.0172289999999999
1970-01-01 00:00:00.000003992,0.017263
1970-01-01 00:00:00.000003993,0.017401
1970-01-01 00:00:00.000003994,0.017662
1970-01-01 00:00:00.000003995,0.01796
1970-01-01 00:00:00.000003996,0.01832
1970-01-01 00:00:00.000003997,0.018762
1970-01-01 00:00:00.000003998,0.0192
1970-01-01 00:00:00.000003999,0.019668
1970-01-01 00:00:00.000004000,0.020104
1970-01-01 00:00:00.000004001,0.020454
1970-01-01 00:00:00.000004002,0.020711
1970-01-01 00:00:00.000004003,0.020957
1970-01-01 00:00:00.000004004,0.021165
1970-01-01 00:00:00.000004005,0.021315
1970-01-01 00:00:00.000004006,0.021347
1970-01-01 00:00:00.000004007,0.021268
1970-01-01 00:00:00.000004008,0.021129
1970-01-01 00:00:00.000004009,0.020939
1970-01-01 00:00:00.000004010,0.020674
1970-01-01 00:00:00.000004011,0.020416
1970-01-01 00:00:00.000004012,0.0201849999999999
1970-01-01 00:00:00.000004013,0.019946
1970-01-01 00:00:00.000004014,0.0195569999999999
1970-01-01 00:00:00.000004015,0.019078
1970-01-01 00:00:00.000004016,0.018635
1970-01-01 00:00:00.000004017,0.018246
1970-01-01 00:00:00.000004018,0.017831
1970-01-01 00:00:00.000004019,0.0173259999999999
1970-01-01 00:00:00.000004020,0.016789
1970-01-01 00:00:00.000004021,0.016162
1970-01-01 00:00:00.000004022,0.015483
1970-01-01 00:00:00.000004023,0.014778
1970-01-01 00:00:00.000004024,0.014001
1970-01-01 00:00:00.000004025,0.013258
1970-01-01 00:00:00.000004026,0.012637
1970-01-01 00:00:00.000004027,0.0121459999999999
1970-01-01 00:00:00.000004028,0.011597
1970-01-01 00:00:00.000004029,0.0109819999999999
1970-01-01 00:00:00.000004030,0.01031
1970-01-01 00:00:00.000004031,0.009534
1970-01-01 00:00:00.000004032,0.008581
1970-01-01 00:00:00.000004033,0.007488
1970-01-01 00:00:00.000004034,0.0064129999999999
1970-01-01 00:00:00.000004035,0.005488
1970-01-01 00:00:00.000004036,0.0045439999999999
1970-01-01 00:00:00.000004037,0.0036299999999999
1970-01-01 00:00:00.000004038,0.002804
1970-01-01 00:00:00.000004039,0.0019579999999999
1970-01-01 00:00:00.000004040,0.001103
1970-01-01 00:00:00.000004041,0.00033
1970-01-01 00:00:00.000004042,-0.000312
1970-01-01 00:00:00.000004043,-0.000852
1970-01-01 00:00:00.000004044,-0.001365
1970-01-01 00:00:00.000004045,-0.001907
1970-01-01 00:00:00.000004046,-0.002453
1970-01-01 00:00:00.000004047,-0.002771
1970-01-01 00:00:00.000004048,-0.002729
1970-01-01 00:00:00.000004049,-0.0023989999999999
1970-01-01 00:00:00.000004050,-0.001823
1970-01-01 00:00:00.000004051,-0.0009289999999999
1970-01-01 00:00:00.000004052,0.000112
1970-01-01 00:00:00.000004053,0.001212
1970-01-01 00:00:00.000004054,0.002443
1970-01-01 00:00:00.000004055,0.004097
1970-01-01 00:00:00.000004056,0.006215
1970-01-01 00:00:00.000004057,0.0083579999999999
1970-01-01 00:00:00.000004058,0.010273
1970-01-01 00:00:00.000004059,0.012009
1970-01-01 00:00:00.000004060,0.013469
1970-01-01 00:00:00.000004061,0.014571
1970-01-01 00:00:00.000004062,0.01522
1970-01-01 00:00:00.000004063,0.015409
1970-01-01 00:00:00.000004064,0.015346
1970-01-01 00:00:00.000004065,0.0152639999999999
1970-01-01 00:00:00.000004066,0.015225
1970-01-01 00:00:00.000004067,0.015193
1970-01-01 00:00:00.000004068,0.014966
1970-01-01 00:00:00.000004069,0.014478
1970-01-01 00:00:00.000004070,0.0137419999999999
1970-01-01 00:00:00.000004071,0.013038
1970-01-01 00:00:00.000004072,0.012434
1970-01-01 00:00:00.000004073,0.011953
1970-01-01 00:00:00.000004074,0.011625
1970-01-01 00:00:00.000004075,0.011452
1970-01-01 00:00:00.000004076,0.01153
1970-01-01 00:00:00.000004077,0.011802
1970-01-01 00:00:00.000004078,0.012101
1970-01-01 00:00:00.000004079,0.0124739999999999
1970-01-01 00:00:00.000004080,0.01284
1970-01-01 00:00:00.000004081,0.013124
1970-01-01 00:00:00.000004082,0.013387
1970-01-01 00:00:00.000004083,0.01359
1970-01-01 00:00:00.000004084,0.013775
1970-01-01 00:00:00.000004085,0.014208
1970-01-01 00:00:00.000004086,0.014828
1970-01-01 00:00:00.000004087,0.015463
1970-01-01 00:00:00.000004088,0.016072
1970-01-01 00:00:00.000004089,0.01661
1970-01-01 00:00:00.000004090,0.0168789999999999
1970-01-01 00:00:00.000004091,0.016975
1970-01-01 00:00:00.000004092,0.017056
1970-01-01 00:00:00.000004093,0.017185
1970-01-01 00:00:00.000004094,0.017338
1970-01-01 00:00:00.000004095,0.017598
1970-01-01 00:00:00.000004096,0.017983
1970-01-01 00:00:00.000004097,0.018352
1970-01-01 00:00:00.000004098,0.018808
1970-01-01 00:00:00.000004099,0.019324
1970-01-01 00:00:00.000004100,0.019767
1970-01-01 00:00:00.000004101,0.020205
1970-01-01 00:00:00.000004102,0.020648
1970-01-01 00:00:00.000004103,0.020964
1970-01-01 00:00:00.000004104,0.021091
1970-01-01 00:00:00.000004105,0.021091
1970-01-01 00:00:00.000004106,0.021026
1970-01-01 00:00:00.000004107,0.0208639999999999
1970-01-01 00:00:00.000004108,0.020791
1970-01-01 00:00:00.000004109,0.020715
1970-01-01 00:00:00.000004110,0.020632
1970-01-01 00:00:00.000004111,0.02059
1970-01-01 00:00:00.000004112,0.02051
1970-01-01 00:00:00.000004113,0.020481
1970-01-01 00:00:00.000004114,0.020575
1970-01-01 00:00:00.000004115,0.020897
1970-01-01 00:00:00.000004116,0.021446
1970-01-01 00:00:00.000004117,0.021977
1970-01-01 00:00:00.000004118,0.022489
1970-01-01 00:00:00.000004119,0.022934
1970-01-01 00:00:00.000004120,0.023224
1970-01-01 00:00:00.000004121,0.023451
1970-01-01 00:00:00.000004122,0.0236819999999999
1970-01-01 00:00:00.000004123,0.023776
1970-01-01 00:00:00.000004124,0.0237919999999999
1970-01-01 00:00:00.000004125,0.023771
1970-01-01 00:00:00.000004126,0.0237789999999999
1970-01-01 00:00:00.000004127,0.023753
1970-01-01 00:00:00.000004128,0.023662
1970-01-01 00:00:00.000004129,0.023533
1970-01-01 00:00:00.000004130,0.023412
1970-01-01 00:00:00.000004131,0.023257
1970-01-01 00:00:00.000004132,0.023096
1970-01-01 00:00:00.000004133,0.022992
1970-01-01 00:00:00.000004134,0.022843
1970-01-01 00:00:00.000004135,0.022642
1970-01-01 00:00:00.000004136,0.022448
1970-01-01 00:00:00.000004137,0.0223
1970-01-01 00:00:00.000004138,0.02225
1970-01-01 00:00:00.000004139,0.022156
1970-01-01 00:00:00.000004140,0.022009
1970-01-01 00:00:00.000004141,0.021787
1970-01-01 00:00:00.000004142,0.021456
1970-01-01 00:00:00.000004143,0.0211009999999999
1970-01-01 00:00:00.000004144,0.0207569999999999
1970-01-01 00:00:00.000004145,0.020322
1970-01-01 00:00:00.000004146,0.019862
1970-01-01 00:00:00.000004147,0.019489
1970-01-01 00:00:00.000004148,0.019162
1970-01-01 00:00:00.000004149,0.018792
1970-01-01 00:00:00.000004150,0.018337
1970-01-01 00:00:00.000004151,0.017753
1970-01-01 00:00:00.000004152,0.017067
1970-01-01 00:00:00.000004153,0.016136
1970-01-01 00:00:00.000004154,0.015064
1970-01-01 00:00:00.000004155,0.0140039999999999
1970-01-01 00:00:00.000004156,0.013096
1970-01-01 00:00:00.000004157,0.012365
1970-01-01 00:00:00.000004158,0.01175
1970-01-01 00:00:00.000004159,0.011116
1970-01-01 00:00:00.000004160,0.010514
1970-01-01 00:00:00.000004161,0.010052
1970-01-01 00:00:00.000004162,0.009715
1970-01-01 00:00:00.000004163,0.009521
1970-01-01 00:00:00.000004164,0.009403
1970-01-01 00:00:00.000004165,0.0093379999999999
1970-01-01 00:00:00.000004166,0.009295
1970-01-01 00:00:00.000004167,0.00922
1970-01-01 00:00:00.000004168,0.009186
1970-01-01 00:00:00.000004169,0.009189
1970-01-01 00:00:00.000004170,0.009207
1970-01-01 00:00:00.000004171,0.009245
1970-01-01 00:00:00.000004172,0.009273
1970-01-01 00:00:00.000004173,0.009192
1970-01-01 00:00:00.000004174,0.009037
1970-01-01 00:00:00.000004175,0.008831
1970-01-01 00:00:00.000004176,0.0086579999999999
1970-01-01 00:00:00.000004177,0.008561
1970-01-01 00:00:00.000004178,0.008493
1970-01-01 00:00:00.000004179,0.008466
1970-01-01 00:00:00.000004180,0.008388
1970-01-01 00:00:00.000004181,0.008322
1970-01-01 00:00:00.000004182,0.008348
1970-01-01 00:00:00.000004183,0.008424
1970-01-01 00:00:00.000004184,0.008542
1970-01-01 00:00:00.000004185,0.008687
1970-01-01 00:00:00.000004186,0.008898
1970-01-01 00:00:00.000004187,0.009125
1970-01-01 00:00:00.000004188,0.0093969999999999
1970-01-01 00:00:00.000004189,0.00965
1970-01-01 00:00:00.000004190,0.009882
1970-01-01 00:00:00.000004191,0.010067
1970-01-01 00:00:00.000004192,0.010327
1970-01-01 00:00:00.000004193,0.010695
1970-01-01 00:00:00.000004194,0.011143
1970-01-01 00:00:00.000004195,0.011691
1970-01-01 00:00:00.000004196,0.0122849999999999
1970-01-01 00:00:00.000004197,0.012835
1970-01-01 00:00:00.000004198,0.013258
1970-01-01 00:00:00.000004199,0.01356
1970-01-01 00:00:00.000004200,0.013819
1970-01-01 00:00:00.000004201,0.013983
1970-01-01 00:00:00.000004202,0.013971
1970-01-01 00:00:00.000004203,0.013759
1970-01-01 00:00:00.000004204,0.013401
1970-01-01 00:00:00.000004205,0.012907
1970-01-01 00:00:00.000004206,0.012353
1970-01-01 00:00:00.000004207,0.011847
1970-01-01 00:00:00.000004208,0.011495
1970-01-01 00:00:00.000004209,0.011265
1970-01-01 00:00:00.000004210,0.0110879999999999
1970-01-01 00:00:00.000004211,0.010957
1970-01-01 00:00:00.000004212,0.0108609999999999
1970-01-01 00:00:00.000004213,0.0106909999999999
1970-01-01 00:00:00.000004214,0.010489
1970-01-01 00:00:00.000004215,0.0102329999999999
1970-01-01 00:00:00.000004216,0.010018
1970-01-01 00:00:00.000004217,0.009833
1970-01-01 00:00:00.000004218,0.009512
1970-01-01 00:00:00.000004219,0.009055
1970-01-01 00:00:00.000004220,0.008615
1970-01-01 00:00:00.000004221,0.008239
1970-01-01 00:00:00.000004222,0.007935
1970-01-01 00:00:00.000004223,0.0076349999999999
1970-01-01 00:00:00.000004224,0.007261
1970-01-01 00:00:00.000004225,0.006755
1970-01-01 00:00:00.000004226,0.006219
1970-01-01 00:00:00.000004227,0.005667
1970-01-01 00:00:00.000004228,0.005147
1970-01-01 00:00:00.000004229,0.004764
1970-01-01 00:00:00.000004230,0.004468
1970-01-01 00:00:00.000004231,0.004151
1970-01-01 00:00:00.000004232,0.003771
1970-01-01 00:00:00.000004233,0.003402
1970-01-01 00:00:00.000004234,0.003069
1970-01-01 00:00:00.000004235,0.0027949999999999
1970-01-01 00:00:00.000004236,0.002669
1970-01-01 00:00:00.000004237,0.002655
1970-01-01 00:00:00.000004238,0.0026739999999999
1970-01-01 00:00:00.000004239,0.002675
1970-01-01 00:00:00.000004240,0.0028079999999999
1970-01-01 00:00:00.000004241,0.003031
1970-01-01 00:00:00.000004242,0.00336
1970-01-01 00:00:00.000004243,0.003735
1970-01-01 00:00:00.000004244,0.004025
1970-01-01 00:00:00.000004245,0.003992
1970-01-01 00:00:00.000004246,0.003699
1970-01-01 00:00:00.000004247,0.003313
1970-01-01 00:00:00.000004248,0.002893
1970-01-01 00:00:00.000004249,0.002574
1970-01-01 00:00:00.000004250,0.002438
1970-01-01 00:00:00.000004251,0.00237
1970-01-01 00:00:00.000004252,0.00228
1970-01-01 00:00:00.000004253,0.002177
1970-01-01 00:00:00.000004254,0.002156
1970-01-01 00:00:00.000004255,0.002276
1970-01-01 00:00:00.000004256,0.002548
1970-01-01 00:00:00.000004257,0.003082
1970-01-01 00:00:00.000004258,0.003806
1970-01-01 00:00:00.000004259,0.004629
1970-01-01 00:00:00.000004260,0.005507
1970-01-01 00:00:00.000004261,0.0062619999999999
1970-01-01 00:00:00.000004262,0.006927
1970-01-01 00:00:00.000004263,0.0075069999999999
1970-01-01 00:00:00.000004264,0.008009
1970-01-01 00:00:00.000004265,0.008489
1970-01-01 00:00:00.000004266,0.0089459999999999
1970-01-01 00:00:00.000004267,0.009289
1970-01-01 00:00:00.000004268,0.009531
1970-01-01 00:00:00.000004269,0.00976
1970-01-01 00:00:00.000004270,0.01001
1970-01-01 00:00:00.000004271,0.010107
1970-01-01 00:00:00.000004272,0.009954
1970-01-01 00:00:00.000004273,0.009627
1970-01-01 00:00:00.000004274,0.009257
1970-01-01 00:00:00.000004275,0.008863
1970-01-01 00:00:00.000004276,0.008466
1970-01-01 00:00:00.000004277,0.008034
1970-01-01 00:00:00.000004278,0.007612
1970-01-01 00:00:00.000004279,0.0071719999999999
1970-01-01 00:00:00.000004280,0.00682
1970-01-01 00:00:00.000004281,0.006571
1970-01-01 00:00:00.000004282,0.006412
1970-01-01 00:00:00.000004283,0.006297
1970-01-01 00:00:00.000004284,0.006232
1970-01-01 00:00:00.000004285,0.006248
1970-01-01 00:00:00.000004286,0.006382
1970-01-01 00:00:00.000004287,0.0066099999999999
1970-01-01 00:00:00.000004288,0.0068239999999999
1970-01-01 00:00:00.000004289,0.007054
1970-01-01 00:00:00.000004290,0.00733
1970-01-01 00:00:00.000004291,0.007575
1970-01-01 00:00:00.000004292,0.0078049999999999
1970-01-01 00:00:00.000004293,0.008025
1970-01-01 00:00:00.000004294,0.008234
1970-01-01 00:00:00.000004295,0.0084
1970-01-01 00:00:00.000004296,0.008496
1970-01-01 00:00:00.000004297,0.0085209999999999
1970-01-01 00:00:00.000004298,0.008512
1970-01-01 00:00:00.000004299,0.008533
1970-01-01 00:00:00.000004300,0.008555
1970-01-01 00:00:00.000004301,0.008528
1970-01-01 00:00:00.000004302,0.0084879999999999
1970-01-01 00:00:00.000004303,0.008412
1970-01-01 00:00:00.000004304,0.0083439999999999
1970-01-01 00:00:00.000004305,0.008384
1970-01-01 00:00:00.000004306,0.008495
1970-01-01 00:00:00.000004307,0.008731
1970-01-01 00:00:00.000004308,0.009052
1970-01-01 00:00:00.000004309,0.009353
1970-01-01 00:00:00.000004310,0.0095959999999999
1970-01-01 00:00:00.000004311,0.009876
1970-01-01 00:00:00.000004312,0.01014
1970-01-01 00:00:00.000004313,0.010376
1970-01-01 00:00:00.000004314,0.010579
1970-01-01 00:00:00.000004315,0.010737
1970-01-01 00:00:00.000004316,0.010896
1970-01-01 00:00:00.000004317,0.011065
1970-01-01 00:00:00.000004318,0.011109
1970-01-01 00:00:00.000004319,0.010951
1970-01-01 00:00:00.000004320,0.010745
1970-01-01 00:00:00.000004321,0.010564
1970-01-01 00:00:00.000004322,0.01039
1970-01-01 00:00:00.000004323,0.010126
1970-01-01 00:00:00.000004324,0.009778
1970-01-01 00:00:00.000004325,0.009491
1970-01-01 00:00:00.000004326,0.009281
1970-01-01 00:00:00.000004327,0.009037
1970-01-01 00:00:00.000004328,0.0087459999999999
1970-01-01 00:00:00.000004329,0.008451
1970-01-01 00:00:00.000004330,0.008255
1970-01-01 00:00:00.000004331,0.008073
1970-01-01 00:00:00.000004332,0.007884
1970-01-01 00:00:00.000004333,0.0077379999999999
1970-01-01 00:00:00.000004334,0.007537
1970-01-01 00:00:00.000004335,0.00732
1970-01-01 00:00:00.000004336,0.00712
1970-01-01 00:00:00.000004337,0.007116
1970-01-01 00:00:00.000004338,0.007489
1970-01-01 00:00:00.000004339,0.007848
1970-01-01 00:00:00.000004340,0.00811
1970-01-01 00:00:00.000004341,0.008313
1970-01-01 00:00:00.000004342,0.008389
1970-01-01 00:00:00.000004343,0.008292
1970-01-01 00:00:00.000004344,0.00806
1970-01-01 00:00:00.000004345,0.007783
1970-01-01 00:00:00.000004346,0.007441
1970-01-01 00:00:00.000004347,0.007159
1970-01-01 00:00:00.000004348,0.006899
1970-01-01 00:00:00.000004349,0.00659
1970-01-01 00:00:00.000004350,0.006318
1970-01-01 00:00:00.000004351,0.006078
1970-01-01 00:00:00.000004352,0.005883
1970-01-01 00:00:00.000004353,0.005758
1970-01-01 00:00:00.000004354,0.005629
1970-01-01 00:00:00.000004355,0.005473
1970-01-01 00:00:00.000004356,0.005181
1970-01-01 00:00:00.000004357,0.004731
1970-01-01 00:00:00.000004358,0.004249
1970-01-01 00:00:00.000004359,0.003822
1970-01-01 00:00:00.000004360,0.003438
1970-01-01 00:00:00.000004361,0.002956
1970-01-01 00:00:00.000004362,0.002485
1970-01-01 00:00:00.000004363,0.002046
1970-01-01 00:00:00.000004364,0.001617
1970-01-01 00:00:00.000004365,0.001277
1970-01-01 00:00:00.000004366,0.000964
1970-01-01 00:00:00.000004367,0.000749
1970-01-01 00:00:00.000004368,0.000655
1970-01-01 00:00:00.000004369,0.000686
1970-01-01 00:00:00.000004370,0.000806
1970-01-01 00:00:00.000004371,0.000991
1970-01-01 00:00:00.000004372,0.001139
1970-01-01 00:00:00.000004373,0.001256
1970-01-01 00:00:00.000004374,0.001307
1970-01-01 00:00:00.000004375,0.001414
1970-01-01 00:00:00.000004376,0.001504
1970-01-01 00:00:00.000004377,0.001548
1970-01-01 00:00:00.000004378,0.001623
1970-01-01 00:00:00.000004379,0.001787
1970-01-01 00:00:00.000004380,0.001956
1970-01-01 00:00:00.000004381,0.002052
1970-01-01 00:00:00.000004382,0.002188
1970-01-01 00:00:00.000004383,0.0024289999999999
1970-01-01 00:00:00.000004384,0.002732
1970-01-01 00:00:00.000004385,0.002867
1970-01-01 00:00:00.000004386,0.002735
1970-01-01 00:00:00.000004387,0.002444
1970-01-01 00:00:00.000004388,0.002034
1970-01-01 00:00:00.000004389,0.001562
1970-01-01 00:00:00.000004390,0.0011099999999999
1970-01-01 00:00:00.000004391,0.000591
1970-01-01 00:00:00.000004392,3.4e-05
1970-01-01 00:00:00.000004393,-0.0004089999999999
1970-01-01 00:00:00.000004394,-0.000667
1970-01-01 00:00:00.000004395,-0.000872
1970-01-01 00:00:00.000004396,-0.001017
1970-01-01 00:00:00.000004397,-0.00108
1970-01-01 00:00:00.000004398,-0.000995
1970-01-01 00:00:00.000004399,-0.000793
1970-01-01 00:00:00.000004400,-0.000574
1970-01-01 00:00:00.000004401,-0.0003529999999999
1970-01-01 00:00:00.000004402,-0.000112
1970-01-01 00:00:00.000004403,0.000127
1970-01-01 00:00:00.000004404,0.000352
1970-01-01 00:00:00.000004405,0.000604
1970-01-01 00:00:00.000004406,0.000852
1970-01-01 00:00:00.000004407,0.00113
1970-01-01 00:00:00.000004408,0.00139
1970-01-01 00:00:00.000004409,0.001617
1970-01-01 00:00:00.000004410,0.0018679999999999
1970-01-01 00:00:00.000004411,0.002021
1970-01-01 00:00:00.000004412,0.0020859999999999
1970-01-01 00:00:00.000004413,0.0021
1970-01-01 00:00:00.000004414,0.001992
1970-01-01 00:00:00.000004415,0.0019309999999999
1970-01-01 00:00:00.000004416,0.001927
1970-01-01 00:00:00.000004417,0.001861
1970-01-01 00:00:00.000004418,0.001716
1970-01-01 00:00:00.000004419,0.00156
1970-01-01 00:00:00.000004420,0.001514
1970-01-01 00:00:00.000004421,0.001594
1970-01-01 00:00:00.000004422,0.001861
1970-01-01 00:00:00.000004423,0.002337
1970-01-01 00:00:00.000004424,0.002858
1970-01-01 00:00:00.000004425,0.003292
1970-01-01 00:00:00.000004426,0.003656
1970-01-01 00:00:00.000004427,0.003992
1970-01-01 00:00:00.000004428,0.004326
1970-01-01 00:00:00.000004429,0.004752
1970-01-01 00:00:00.000004430,0.005303
1970-01-01 00:00:00.000004431,0.006022
1970-01-01 00:00:00.000004432,0.006938
1970-01-01 00:00:00.000004433,0.007886
1970-01-01 00:00:00.000004434,0.008692
1970-01-01 00:00:00.000004435,0.009453
1970-01-01 00:00:00.000004436,0.010148
1970-01-01 00:00:00.000004437,0.010749
1970-01-01 00:00:00.000004438,0.011299
1970-01-01 00:00:00.000004439,0.011758
1970-01-01 00:00:00.000004440,0.012153
1970-01-01 00:00:00.000004441,0.012489
1970-01-01 00:00:00.000004442,0.012697
1970-01-01 00:00:00.000004443,0.012763
1970-01-01 00:00:00.000004444,0.012573
1970-01-01 00:00:00.000004445,0.012186
1970-01-01 00:00:00.000004446,0.011854
1970-01-01 00:00:00.000004447,0.011593
1970-01-01 00:00:00.000004448,0.011356
1970-01-01 00:00:00.000004449,0.01107
1970-01-01 00:00:00.000004450,0.010783
1970-01-01 00:00:00.000004451,0.01054
1970-01-01 00:00:00.000004452,0.010348
1970-01-01 00:00:00.000004453,0.01011
1970-01-01 00:00:00.000004454,0.009891
1970-01-01 00:00:00.000004455,0.00968
1970-01-01 00:00:00.000004456,0.009479
1970-01-01 00:00:00.000004457,0.0093
1970-01-01 00:00:00.000004458,0.009186
1970-01-01 00:00:00.000004459,0.009134
1970-01-01 00:00:00.000004460,0.009192
1970-01-01 00:00:00.000004461,0.009281
1970-01-01 00:00:00.000004462,0.009307
1970-01-01 00:00:00.000004463,0.009288
1970-01-01 00:00:00.000004464,0.009276
1970-01-01 00:00:00.000004465,0.0092
1970-01-01 00:00:00.000004466,0.009052
1970-01-01 00:00:00.000004467,0.0089129999999999
1970-01-01 00:00:00.000004468,0.008801
1970-01-01 00:00:00.000004469,0.008708
1970-01-01 00:00:00.000004470,0.008629
1970-01-01 00:00:00.000004471,0.0085379999999999
1970-01-01 00:00:00.000004472,0.008428
1970-01-01 00:00:00.000004473,0.008329
1970-01-01 00:00:00.000004474,0.008296
1970-01-01 00:00:00.000004475,0.008337
1970-01-01 00:00:00.000004476,0.0083959999999999
1970-01-01 00:00:00.000004477,0.008409
1970-01-01 00:00:00.000004478,0.008374
1970-01-01 00:00:00.000004479,0.008352
1970-01-01 00:00:00.000004480,0.008351
1970-01-01 00:00:00.000004481,0.008342
1970-01-01 00:00:00.000004482,0.008309
1970-01-01 00:00:00.000004483,0.008245
1970-01-01 00:00:00.000004484,0.0081599999999999
1970-01-01 00:00:00.000004485,0.008047
1970-01-01 00:00:00.000004486,0.00792
1970-01-01 00:00:00.000004487,0.007735
1970-01-01 00:00:00.000004488,0.007564
1970-01-01 00:00:00.000004489,0.007444
1970-01-01 00:00:00.000004490,0.0072879999999999
1970-01-01 00:00:00.000004491,0.0071239999999999
1970-01-01 00:00:00.000004492,0.0069489999999999
1970-01-01 00:00:00.000004493,0.006846
1970-01-01 00:00:00.000004494,0.006846
1970-01-01 00:00:00.000004495,0.006836
1970-01-01 00:00:00.000004496,0.006821
1970-01-01 00:00:00.000004497,0.006821
1970-01-01 00:00:00.000004498,0.006753
1970-01-01 00:00:00.000004499,0.006716
1970-01-01 00:00:00.000004500,0.006666
1970-01-01 00:00:00.000004501,0.006539
1970-01-01 00:00:00.000004502,0.006403
1970-01-01 00:00:00.000004503,0.006292
1970-01-01 00:00:00.000004504,0.006118
1970-01-01 00:00:00.000004505,0.005934
1970-01-01 00:00:00.000004506,0.005882
1970-01-01 00:00:00.000004507,0.005829
1970-01-01 00:00:00.000004508,0.005768
1970-01-01 00:00:00.000004509,0.005666
1970-01-01 00:00:00.000004510,0.005509
1970-01-01 00:00:00.000004511,0.005301
1970-01-01 00:00:00.000004512,0.00513
1970-01-01 00:00:00.000004513,0.005028
1970-01-01 00:00:00.000004514,0.005036
1970-01-01 00:00:00.000004515,0.00515
1970-01-01 00:00:00.000004516,0.0053659999999999
1970-01-01 00:00:00.000004517,0.005532
1970-01-01 00:00:00.000004518,0.0056939999999999
1970-01-01 00:00:00.000004519,0.005845
1970-01-01 00:00:00.000004520,0.00591
1970-01-01 00:00:00.000004521,0.0059039999999999
1970-01-01 00:00:00.000004522,0.00588
1970-01-01 00:00:00.000004523,0.005835
1970-01-01 00:00:00.000004524,0.005754
1970-01-01 00:00:00.000004525,0.005639
1970-01-01 00:00:00.000004526,0.0055
1970-01-01 00:00:00.000004527,0.005327
1970-01-01 00:00:00.000004528,0.005129
1970-01-01 00:00:00.000004529,0.004918
1970-01-01 00:00:00.000004530,0.004736
1970-01-01 00:00:00.000004531,0.004554
1970-01-01 00:00:00.000004532,0.004356
1970-01-01 00:00:00.000004533,0.0041659999999999
1970-01-01 00:00:00.000004534,0.004002
1970-01-01 00:00:00.000004535,0.003902
1970-01-01 00:00:00.000004536,0.003877
1970-01-01 00:00:00.000004537,0.003831
1970-01-01 00:00:00.000004538,0.003809
1970-01-01 00:00:00.000004539,0.00387
1970-01-01 00:00:00.000004540,0.003928
1970-01-01 00:00:00.000004541,0.003951
1970-01-01 00:00:00.000004542,0.003985
1970-01-01 00:00:00.000004543,0.004001
1970-01-01 00:00:00.000004544,0.004059
1970-01-01 00:00:00.000004545,0.004171
1970-01-01 00:00:00.000004546,0.0042689999999999
1970-01-01 00:00:00.000004547,0.0043479999999999
1970-01-01 00:00:00.000004548,0.0043869999999999
1970-01-01 00:00:00.000004549,0.004415
1970-01-01 00:00:00.000004550,0.004441
1970-01-01 00:00:00.000004551,0.004599
1970-01-01 00:00:00.000004552,0.004922
1970-01-01 00:00:00.000004553,0.00519
1970-01-01 00:00:00.000004554,0.005335
1970-01-01 00:00:00.000004555,0.0054009999999999
1970-01-01 00:00:00.000004556,0.005481
1970-01-01 00:00:00.000004557,0.005683
1970-01-01 00:00:00.000004558,0.00603
1970-01-01 00:00:00.000004559,0.006464
1970-01-01 00:00:00.000004560,0.00694
1970-01-01 00:00:00.000004561,0.0074379999999999
1970-01-01 00:00:00.000004562,0.007978
1970-01-01 00:00:00.000004563,0.0085799999999999
1970-01-01 00:00:00.000004564,0.0091569999999999
1970-01-01 00:00:00.000004565,0.009679
1970-01-01 00:00:00.000004566,0.010228
1970-01-01 00:00:00.000004567,0.010888
1970-01-01 00:00:00.000004568,0.011732
1970-01-01 00:00:00.000004569,0.012673
1970-01-01 00:00:00.000004570,0.0136169999999999
1970-01-01 00:00:00.000004571,0.0145449999999999
1970-01-01 00:00:00.000004572,0.015477
1970-01-01 00:00:00.000004573,0.0164659999999999
1970-01-01 00:00:00.000004574,0.017508
1970-01-01 00:00:00.000004575,0.018529
1970-01-01 00:00:00.000004576,0.0195289999999999
1970-01-01 00:00:00.000004577,0.020429
1970-01-01 00:00:00.000004578,0.0212879999999999
1970-01-01 00:00:00.000004579,0.022193
1970-01-01 00:00:00.000004580,0.023084
1970-01-01 00:00:00.000004581,0.023893
1970-01-01 00:00:00.000004582,0.024419
1970-01-01 00:00:00.000004583,0.0247949999999999
1970-01-01 00:00:00.000004584,0.025046
1970-01-01 00:00:00.000004585,0.025157
1970-01-01 00:00:00.000004586,0.025241
1970-01-01 00:00:00.000004587,0.025297
1970-01-01 00:00:00.000004588,0.0253
1970-01-01 00:00:00.000004589,0.025325
1970-01-01 00:00:00.000004590,0.0252879999999999
1970-01-01 00:00:00.000004591,0.025196
1970-01-01 00:00:00.000004592,0.025101
1970-01-01 00:00:00.000004593,0.025031
1970-01-01 00:00:00.000004594,0.025027
1970-01-01 00:00:00.000004595,0.025108
1970-01-01 00:00:00.000004596,0.025247
1970-01-01 00:00:00.000004597,0.0254889999999999
1970-01-01 00:00:00.000004598,0.025863
1970-01-01 00:00:00.000004599,0.026297
1970-01-01 00:00:00.000004600,0.026829
1970-01-01 00:00:00.000004601,0.027385
1970-01-01 00:00:00.000004602,0.027992
1970-01-01 00:00:00.000004603,0.0285209999999999
1970-01-01 00:00:00.000004604,0.028963
1970-01-01 00:00:00.000004605,0.0293839999999999
1970-01-01 00:00:00.000004606,0.029699
1970-01-01 00:00:00.000004607,0.029951
1970-01-01 00:00:00.000004608,0.030246
1970-01-01 00:00:00.000004609,0.030491
1970-01-01 00:00:00.000004610,0.030685
1970-01-01 00:00:00.000004611,0.030812
1970-01-01 00:00:00.000004612,0.030909
1970-01-01 00:00:00.000004613,0.030969
1970-01-01 00:00:00.000004614,0.031052
1970-01-01 00:00:00.000004615,0.0312029999999999
1970-01-01 00:00:00.000004616,0.031362
1970-01-01 00:00:00.000004617,0.031577
1970-01-01 00:00:00.000004618,0.0318079999999999
1970-01-01 00:00:00.000004619,0.031898
1970-01-01 00:00:00.000004620,0.031898
1970-01-01 00:00:00.000004621,0.031738
1970-01-01 00:00:00.000004622,0.03153
1970-01-01 00:00:00.000004623,0.031423
1970-01-01 00:00:00.000004624,0.031408
1970-01-01 00:00:00.000004625,0.031442
1970-01-01 00:00:00.000004626,0.031549
1970-01-01 00:00:00.000004627,0.031704
1970-01-01 00:00:00.000004628,0.031895
1970-01-01 00:00:00.000004629,0.0321199999999999
1970-01-01 00:00:00.000004630,0.032349
1970-01-01 00:00:00.000004631,0.032682
1970-01-01 00:00:00.000004632,0.033123
1970-01-01 00:00:00.000004633,0.033558
1970-01-01 00:00:00.000004634,0.034111
1970-01-01 00:00:00.000004635,0.034742
1970-01-01 00:00:00.000004636,0.035225
1970-01-01 00:00:00.000004637,0.035501
1970-01-01 00:00:00.000004638,0.035631
1970-01-01 00:00:00.000004639,0.035816
1970-01-01 00:00:00.000004640,0.036072
1970-01-01 00:00:00.000004641,0.036345
1970-01-01 00:00:00.000004642,0.036561
1970-01-01 00:00:00.000004643,0.036692
1970-01-01 00:00:00.000004644,0.036695
1970-01-01 00:00:00.000004645,0.0365259999999999
1970-01-01 00:00:00.000004646,0.036468
1970-01-01 00:00:00.000004647,0.036413
1970-01-01 00:00:00.000004648,0.036275
1970-01-01 00:00:00.000004649,0.036127
1970-01-01 00:00:00.000004650,0.036078
1970-01-01 00:00:00.000004651,0.036036
1970-01-01 00:00:00.000004652,0.035969
1970-01-01 00:00:00.000004653,0.035795
1970-01-01 00:00:00.000004654,0.035519
1970-01-01 00:00:00.000004655,0.035227
1970-01-01 00:00:00.000004656,0.034968
1970-01-01 00:00:00.000004657,0.034768
1970-01-01 00:00:00.000004658,0.034587
1970-01-01 00:00:00.000004659,0.034344
1970-01-01 00:00:00.000004660,0.034085
1970-01-01 00:00:00.000004661,0.033848
1970-01-01 00:00:00.000004662,0.03368
1970-01-01 00:00:00.000004663,0.033511
1970-01-01 00:00:00.000004664,0.033344
1970-01-01 00:00:00.000004665,0.033132
1970-01-01 00:00:00.000004666,0.032866
1970-01-01 00:00:00.000004667,0.0324029999999999
1970-01-01 00:00:00.000004668,0.031823
1970-01-01 00:00:00.000004669,0.031246
1970-01-01 00:00:00.000004670,0.031024
1970-01-01 00:00:00.000004671,0.031327
1970-01-01 00:00:00.000004672,0.031545
1970-01-01 00:00:00.000004673,0.031258
1970-01-01 00:00:00.000004674,0.030795
1970-01-01 00:00:00.000004675,0.030341
1970-01-01 00:00:00.000004676,0.0299709999999999
1970-01-01 00:00:00.000004677,0.0297269999999999
1970-01-01 00:00:00.000004678,0.029499
1970-01-01 00:00:00.000004679,0.029314
1970-01-01 00:00:00.000004680,0.0291449999999999
1970-01-01 00:00:00.000004681,0.0288459999999999
1970-01-01 00:00:00.000004682,0.02846
1970-01-01 00:00:00.000004683,0.0281279999999999
1970-01-01 00:00:00.000004684,0.027849
1970-01-01 00:00:00.000004685,0.027599
1970-01-01 00:00:00.000004686,0.027294
1970-01-01 00:00:00.000004687,0.026989
1970-01-01 00:00:00.000004688,0.026813
1970-01-01 00:00:00.000004689,0.0267339999999999
1970-01-01 00:00:00.000004690,0.026681
1970-01-01 00:00:00.000004691,0.026562
1970-01-01 00:00:00.000004692,0.026386
1970-01-01 00:00:00.000004693,0.0262
1970-01-01 00:00:00.000004694,0.026066
1970-01-01 00:00:00.000004695,0.025986
1970-01-01 00:00:00.000004696,0.0258899999999999
1970-01-01 00:00:00.000004697,0.025647
1970-01-01 00:00:00.000004698,0.025281
1970-01-01 00:00:00.000004699,0.024808
1970-01-01 00:00:00.000004700,0.024338
1970-01-01 00:00:00.000004701,0.023934
1970-01-01 00:00:00.000004702,0.023537
1970-01-01 00:00:00.000004703,0.023083
1970-01-01 00:00:00.000004704,0.0225919999999999
1970-01-01 00:00:00.000004705,0.0221099999999999
1970-01-01 00:00:00.000004706,0.021763
1970-01-01 00:00:00.000004707,0.021514
1970-01-01 00:00:00.000004708,0.021303
1970-01-01 00:00:00.000004709,0.021067
1970-01-01 00:00:00.000004710,0.020832
1970-01-01 00:00:00.000004711,0.020558
1970-01-01 00:00:00.000004712,0.020232
1970-01-01 00:00:00.000004713,0.019885
1970-01-01 00:00:00.000004714,0.019512
1970-01-01 00:00:00.000004715,0.019119
1970-01-01 00:00:00.000004716,0.018729
1970-01-01 00:00:00.000004717,0.018369
1970-01-01 00:00:00.000004718,0.018002
1970-01-01 00:00:00.000004719,0.017671
1970-01-01 00:00:00.000004720,0.017373
1970-01-01 00:00:00.000004721,0.017041
1970-01-01 00:00:00.000004722,0.016712
1970-01-01 00:00:00.000004723,0.016421
1970-01-01 00:00:00.000004724,0.016202
1970-01-01 00:00:00.000004725,0.016038
1970-01-01 00:00:00.000004726,0.015922
1970-01-01 00:00:00.000004727,0.015773
1970-01-01 00:00:00.000004728,0.015569
1970-01-01 00:00:00.000004729,0.015303
1970-01-01 00:00:00.000004730,0.015137
1970-01-01 00:00:00.000004731,0.014988
1970-01-01 00:00:00.000004732,0.0147419999999999
1970-01-01 00:00:00.000004733,0.0144599999999999
1970-01-01 00:00:00.000004734,0.014106
1970-01-01 00:00:00.000004735,0.0137229999999999
1970-01-01 00:00:00.000004736,0.013309
1970-01-01 00:00:00.000004737,0.012881
1970-01-01 00:00:00.000004738,0.012466
1970-01-01 00:00:00.000004739,0.01208
1970-01-01 00:00:00.000004740,0.011783
1970-01-01 00:00:00.000004741,0.011521
1970-01-01 00:00:00.000004742,0.0112129999999999
1970-01-01 00:00:00.000004743,0.010905
1970-01-01 00:00:00.000004744,0.010648
1970-01-01 00:00:00.000004745,0.010367
1970-01-01 00:00:00.000004746,0.010151
1970-01-01 00:00:00.000004747,0.010066
1970-01-01 00:00:00.000004748,0.0101219999999999
1970-01-01 00:00:00.000004749,0.010332
1970-01-01 00:00:00.000004750,0.010588
1970-01-01 00:00:00.000004751,0.010994
1970-01-01 00:00:00.000004752,0.011448
1970-01-01 00:00:00.000004753,0.0117939999999999
1970-01-01 00:00:00.000004754,0.012195
1970-01-01 00:00:00.000004755,0.012567
1970-01-01 00:00:00.000004756,0.012537
1970-01-01 00:00:00.000004757,0.011986
1970-01-01 00:00:00.000004758,0.011314
1970-01-01 00:00:00.000004759,0.010694
1970-01-01 00:00:00.000004760,0.0102519999999999
1970-01-01 00:00:00.000004761,0.009916
1970-01-01 00:00:00.000004762,0.00971
1970-01-01 00:00:00.000004763,0.009574
1970-01-01 00:00:00.000004764,0.009472
1970-01-01 00:00:00.000004765,0.0094
1970-01-01 00:00:00.000004766,0.009379
1970-01-01 00:00:00.000004767,0.009445
1970-01-01 00:00:00.000004768,0.009662
1970-01-01 00:00:00.000004769,0.010124
1970-01-01 00:00:00.000004770,0.010617
1970-01-01 00:00:00.000004771,0.0109319999999999
1970-01-01 00:00:00.000004772,0.011151
1970-01-01 00:00:00.000004773,0.011399
1970-01-01 00:00:00.000004774,0.0116969999999999
1970-01-01 00:00:00.000004775,0.011944
1970-01-01 00:00:00.000004776,0.012045
1970-01-01 00:00:00.000004777,0.012199
1970-01-01 00:00:00.000004778,0.01242
1970-01-01 00:00:00.000004779,0.012684
1970-01-01 00:00:00.000004780,0.012899
1970-01-01 00:00:00.000004781,0.013034
1970-01-01 00:00:00.000004782,0.013146
1970-01-01 00:00:00.000004783,0.013168
1970-01-01 00:00:00.000004784,0.013163
1970-01-01 00:00:00.000004785,0.013178
1970-01-01 00:00:00.000004786,0.0132229999999999
1970-01-01 00:00:00.000004787,0.0132319999999999
1970-01-01 00:00:00.000004788,0.013158
1970-01-01 00:00:00.000004789,0.012928
1970-01-01 00:00:00.000004790,0.012615
1970-01-01 00:00:00.000004791,0.012329
1970-01-01 00:00:00.000004792,0.012033
1970-01-01 00:00:00.000004793,0.011728
1970-01-01 00:00:00.000004794,0.011355
1970-01-01 00:00:00.000004795,0.010903
1970-01-01 00:00:00.000004796,0.010387
1970-01-01 00:00:00.000004797,0.009878
1970-01-01 00:00:00.000004798,0.0094159999999999
1970-01-01 00:00:00.000004799,0.008968
1970-01-01 00:00:00.000004800,0.008654
1970-01-01 00:00:00.000004801,0.008369
1970-01-01 00:00:00.000004802,0.00806
1970-01-01 00:00:00.000004803,0.007702
1970-01-01 00:00:00.000004804,0.007353
1970-01-01 00:00:00.000004805,0.006963
1970-01-01 00:00:00.000004806,0.0065629999999999
1970-01-01 00:00:00.000004807,0.00619
1970-01-01 00:00:00.000004808,0.005855
1970-01-01 00:00:00.000004809,0.005645
1970-01-01 00:00:00.000004810,0.0054979999999999
1970-01-01 00:00:00.000004811,0.005339
1970-01-01 00:00:00.000004812,0.005138
1970-01-01 00:00:00.000004813,0.0047539999999999
1970-01-01 00:00:00.000004814,0.004298
1970-01-01 00:00:00.000004815,0.003874
1970-01-01 00:00:00.000004816,0.0034
1970-01-01 00:00:00.000004817,0.0029289999999999
1970-01-01 00:00:00.000004818,0.002493
1970-01-01 00:00:00.000004819,0.002082
1970-01-01 00:00:00.000004820,0.001727
1970-01-01 00:00:00.000004821,0.001318
1970-01-01 00:00:00.000004822,0.000877
1970-01-01 00:00:00.000004823,0.000454
1970-01-01 00:00:00.000004824,9.1e-05
1970-01-01 00:00:00.000004825,-0.0002089999999999
1970-01-01 00:00:00.000004826,-0.000443
1970-01-01 00:00:00.000004827,-0.00061
1970-01-01 00:00:00.000004828,-0.000731
1970-01-01 00:00:00.000004829,-0.000785
1970-01-01 00:00:00.000004830,-0.000783
1970-01-01 00:00:00.000004831,-0.000718
1970-01-01 00:00:00.000004832,-0.000671
1970-01-01 00:00:00.000004833,-0.000657
1970-01-01 00:00:00.000004834,-0.000583
1970-01-01 00:00:00.000004835,-0.000469
1970-01-01 00:00:00.000004836,-0.000303
1970-01-01 00:00:00.000004837,-5.4000000000000005e-05
1970-01-01 00:00:00.000004838,0.000244
1970-01-01 00:00:00.000004839,0.000634
1970-01-01 00:00:00.000004840,0.001001
1970-01-01 00:00:00.000004841,0.001309
1970-01-01 00:00:00.000004842,0.001697
1970-01-01 00:00:00.000004843,0.002029
1970-01-01 00:00:00.000004844,0.002067
1970-01-01 00:00:00.000004845,0.0017989999999999
1970-01-01 00:00:00.000004846,0.001635
1970-01-01 00:00:00.000004847,0.001743
1970-01-01 00:00:00.000004848,0.002031
1970-01-01 00:00:00.000004849,0.002424
1970-01-01 00:00:00.000004850,0.002701
1970-01-01 00:00:00.000004851,0.002778
1970-01-01 00:00:00.000004852,0.002764
1970-01-01 00:00:00.000004853,0.002702
1970-01-01 00:00:00.000004854,0.002592
1970-01-01 00:00:00.000004855,0.002486
1970-01-01 00:00:00.000004856,0.002464
1970-01-01 00:00:00.000004857,0.002537
1970-01-01 00:00:00.000004858,0.002565
1970-01-01 00:00:00.000004859,0.002684
1970-01-01 00:00:00.000004860,0.003023
1970-01-01 00:00:00.000004861,0.003528
1970-01-01 00:00:00.000004862,0.004063
1970-01-01 00:00:00.000004863,0.004534
1970-01-01 00:00:00.000004864,0.0049
1970-01-01 00:00:00.000004865,0.005219
1970-01-01 00:00:00.000004866,0.005606
1970-01-01 00:00:00.000004867,0.0060609999999999
1970-01-01 00:00:00.000004868,0.006633
1970-01-01 00:00:00.000004869,0.007284
1970-01-01 00:00:00.000004870,0.007878
1970-01-01 00:00:00.000004871,0.008447
1970-01-01 00:00:00.000004872,0.009056
1970-01-01 00:00:00.000004873,0.00962
1970-01-01 00:00:00.000004874,0.0101219999999999
1970-01-01 00:00:00.000004875,0.010536
1970-01-01 00:00:00.000004876,0.0108519999999999
1970-01-01 00:00:00.000004877,0.011098
1970-01-01 00:00:00.000004878,0.011274
1970-01-01 00:00:00.000004879,0.01142
1970-01-01 00:00:00.000004880,0.011517
1970-01-01 00:00:00.000004881,0.011584
1970-01-01 00:00:00.000004882,0.011637
1970-01-01 00:00:00.000004883,0.0115959999999999
1970-01-01 00:00:00.000004884,0.011498
1970-01-01 00:00:00.000004885,0.011417
1970-01-01 00:00:00.000004886,0.011345
1970-01-01 00:00:00.000004887,0.011251
1970-01-01 00:00:00.000004888,0.011155
1970-01-01 00:00:00.000004889,0.011007
1970-01-01 00:00:00.000004890,0.0109629999999999
1970-01-01 00:00:00.000004891,0.011068
1970-01-01 00:00:00.000004892,0.011219
1970-01-01 00:00:00.000004893,0.011258
1970-01-01 00:00:00.000004894,0.011119
1970-01-01 00:00:00.000004895,0.010765
1970-01-01 00:00:00.000004896,0.010296
1970-01-01 00:00:00.000004897,0.009807
1970-01-01 00:00:00.000004898,0.00934
1970-01-01 00:00:00.000004899,0.008863
1970-01-01 00:00:00.000004900,0.008302
1970-01-01 00:00:00.000004901,0.007653
1970-01-01 00:00:00.000004902,0.0070989999999999
1970-01-01 00:00:00.000004903,0.006611
1970-01-01 00:00:00.000004904,0.006201
1970-01-01 00:00:00.000004905,0.005943
1970-01-01 00:00:00.000004906,0.005796
1970-01-01 00:00:00.000004907,0.005781
1970-01-01 00:00:00.000004908,0.005876
1970-01-01 00:00:00.000004909,0.006013
1970-01-01 00:00:00.000004910,0.006233
1970-01-01 00:00:00.000004911,0.006578
1970-01-01 00:00:00.000004912,0.0070319999999999
1970-01-01 00:00:00.000004913,0.007735
1970-01-01 00:00:00.000004914,0.008492
1970-01-01 00:00:00.000004915,0.009149
1970-01-01 00:00:00.000004916,0.009831
1970-01-01 00:00:00.000004917,0.010542
1970-01-01 00:00:00.000004918,0.011399
1970-01-01 00:00:00.000004919,0.01235
1970-01-01 00:00:00.000004920,0.013077
1970-01-01 00:00:00.000004921,0.0133699999999999
1970-01-01 00:00:00.000004922,0.013208
1970-01-01 00:00:00.000004923,0.012962
1970-01-01 00:00:00.000004924,0.012791
1970-01-01 00:00:00.000004925,0.012625
1970-01-01 00:00:00.000004926,0.012471
1970-01-01 00:00:00.000004927,0.012328
1970-01-01 00:00:00.000004928,0.012215
1970-01-01 00:00:00.000004929,0.012245
1970-01-01 00:00:00.000004930,0.012392
1970-01-01 00:00:00.000004931,0.012591
1970-01-01 00:00:00.000004932,0.012832
1970-01-01 00:00:00.000004933,0.013175
1970-01-01 00:00:00.000004934,0.013587
1970-01-01 00:00:00.000004935,0.0140139999999999
1970-01-01 00:00:00.000004936,0.014477
1970-01-01 00:00:00.000004937,0.015086
1970-01-01 00:00:00.000004938,0.015925
1970-01-01 00:00:00.000004939,0.016819
1970-01-01 00:00:00.000004940,0.0175169999999999
1970-01-01 00:00:00.000004941,0.017882
1970-01-01 00:00:00.000004942,0.017937
1970-01-01 00:00:00.000004943,0.017779
1970-01-01 00:00:00.000004944,0.017542
1970-01-01 00:00:00.000004945,0.017302
1970-01-01 00:00:00.000004946,0.017089
1970-01-01 00:00:00.000004947,0.016983
1970-01-01 00:00:00.000004948,0.016891
1970-01-01 00:00:00.000004949,0.016876
1970-01-01 00:00:00.000004950,0.01694
1970-01-01 00:00:00.000004951,0.017033
1970-01-01 00:00:00.000004952,0.017227
1970-01-01 00:00:00.000004953,0.017637
1970-01-01 00:00:00.000004954,0.018302
1970-01-01 00:00:00.000004955,0.019257
1970-01-01 00:00:00.000004956,0.020336
1970-01-01 00:00:00.000004957,0.021388
1970-01-01 00:00:00.000004958,0.022239
1970-01-01 00:00:00.000004959,0.022816
1970-01-01 00:00:00.000004960,0.023224
1970-01-01 00:00:00.000004961,0.023494
1970-01-01 00:00:00.000004962,0.023649
1970-01-01 00:00:00.000004963,0.0237509999999999
1970-01-01 00:00:00.000004964,0.023878
1970-01-01 00:00:00.000004965,0.024041
1970-01-01 00:00:00.000004966,0.02423
1970-01-01 00:00:00.000004967,0.024551
1970-01-01 00:00:00.000004968,0.025004
1970-01-01 00:00:00.000004969,0.025637
1970-01-01 00:00:00.000004970,0.026444
1970-01-01 00:00:00.000004971,0.027362
1970-01-01 00:00:00.000004972,0.028398
1970-01-01 00:00:00.000004973,0.029444
1970-01-01 00:00:00.000004974,0.030386
1970-01-01 00:00:00.000004975,0.031162
1970-01-01 00:00:00.000004976,0.031736
1970-01-01 00:00:00.000004977,0.032191
1970-01-01 00:00:00.000004978,0.032599
1970-01-01 00:00:00.000004979,0.033001
1970-01-01 00:00:00.000004980,0.033413
1970-01-01 00:00:00.000004981,0.033676
1970-01-01 00:00:00.000004982,0.033713
1970-01-01 00:00:00.000004983,0.03378
1970-01-01 00:00:00.000004984,0.033995
1970-01-01 00:00:00.000004985,0.034244
1970-01-01 00:00:00.000004986,0.034464
1970-01-01 00:00:00.000004987,0.034648
1970-01-01 00:00:00.000004988,0.034918
1970-01-01 00:00:00.000004989,0.035355
1970-01-01 00:00:00.000004990,0.0358529999999999
1970-01-01 00:00:00.000004991,0.036135
1970-01-01 00:00:00.000004992,0.0361149999999999
1970-01-01 00:00:00.000004993,0.035951
1970-01-01 00:00:00.000004994,0.0357629999999999
1970-01-01 00:00:00.000004995,0.035466
1970-01-01 00:00:00.000004996,0.034922
1970-01-01 00:00:00.000004997,0.034344
1970-01-01 00:00:00.000004998,0.033621
1970-01-01 00:00:00.000004999,0.032654
1970-01-01 00:00:00.000005000,0.031771
1970-01-01 00:00:00.000005001,0.031125
1970-01-01 00:00:00.000005002,0.0306089999999999
1970-01-01 00:00:00.000005003,0.030284
1970-01-01 00:00:00.000005004,0.030288
1970-01-01 00:00:00.000005005,0.0304639999999999
1970-01-01 00:00:00.000005006,0.030737
1970-01-01 00:00:00.000005007,0.030996
1970-01-01 00:00:00.000005008,0.0311959999999999
1970-01-01 00:00:00.000005009,0.031332
1970-01-01 00:00:00.000005010,0.0315029999999999
1970-01-01 00:00:00.000005011,0.031807
1970-01-01 00:00:00.000005012,0.0321759999999999
1970-01-01 00:00:00.000005013,0.032543
1970-01-01 00:00:00.000005014,0.032851
1970-01-01 00:00:00.000005015,0.0331459999999999
1970-01-01 00:00:00.000005016,0.033469
1970-01-01 00:00:00.000005017,0.033786
1970-01-01 00:00:00.000005018,0.033961
1970-01-01 00:00:00.000005019,0.034082
1970-01-01 00:00:00.000005020,0.034213
1970-01-01 00:00:00.000005021,0.034339
1970-01-01 00:00:00.000005022,0.034362
1970-01-01 00:00:00.000005023,0.034395
1970-01-01 00:00:00.000005024,0.034401
1970-01-01 00:00:00.000005025,0.034411
1970-01-01 00:00:00.000005026,0.034434
1970-01-01 00:00:00.000005027,0.034489
1970-01-01 00:00:00.000005028,0.034588
1970-01-01 00:00:00.000005029,0.0347779999999999
1970-01-01 00:00:00.000005030,0.035119
1970-01-01 00:00:00.000005031,0.0355
1970-01-01 00:00:00.000005032,0.035798
1970-01-01 00:00:00.000005033,0.03599
1970-01-01 00:00:00.000005034,0.036166
1970-01-01 00:00:00.000005035,0.036253
1970-01-01 00:00:00.000005036,0.03621
1970-01-01 00:00:00.000005037,0.036056
1970-01-01 00:00:00.000005038,0.035847
1970-01-01 00:00:00.000005039,0.035536
1970-01-01 00:00:00.000005040,0.035074
1970-01-01 00:00:00.000005041,0.034508
1970-01-01 00:00:00.000005042,0.0338899999999999
1970-01-01 00:00:00.000005043,0.033253
1970-01-01 00:00:00.000005044,0.032615
1970-01-01 00:00:00.000005045,0.032026
1970-01-01 00:00:00.000005046,0.031478
1970-01-01 00:00:00.000005047,0.0308959999999999
1970-01-01 00:00:00.000005048,0.0303319999999999
1970-01-01 00:00:00.000005049,0.029876
1970-01-01 00:00:00.000005050,0.029535
1970-01-01 00:00:00.000005051,0.0293779999999999
1970-01-01 00:00:00.000005052,0.0292949999999999
1970-01-01 00:00:00.000005053,0.029146
1970-01-01 00:00:00.000005054,0.028945
1970-01-01 00:00:00.000005055,0.028745
1970-01-01 00:00:00.000005056,0.028612
1970-01-01 00:00:00.000005057,0.0286589999999999
1970-01-01 00:00:00.000005058,0.028929
1970-01-01 00:00:00.000005059,0.029224
1970-01-01 00:00:00.000005060,0.029408
1970-01-01 00:00:00.000005061,0.0295199999999999
1970-01-01 00:00:00.000005062,0.029581
1970-01-01 00:00:00.000005063,0.029689
1970-01-01 00:00:00.000005064,0.029944
1970-01-01 00:00:00.000005065,0.030247
1970-01-01 00:00:00.000005066,0.030551
1970-01-01 00:00:00.000005067,0.030839
1970-01-01 00:00:00.000005068,0.031091
1970-01-01 00:00:00.000005069,0.031249
1970-01-01 00:00:00.000005070,0.031277
1970-01-01 00:00:00.000005071,0.0312269999999999
1970-01-01 00:00:00.000005072,0.031179
1970-01-01 00:00:00.000005073,0.0311259999999999
1970-01-01 00:00:00.000005074,0.031012
1970-01-01 00:00:00.000005075,0.030831
1970-01-01 00:00:00.000005076,0.030605
1970-01-01 00:00:00.000005077,0.0303589999999999
1970-01-01 00:00:00.000005078,0.030215
1970-01-01 00:00:00.000005079,0.030242
1970-01-01 00:00:00.000005080,0.030445
1970-01-01 00:00:00.000005081,0.0306709999999999
1970-01-01 00:00:00.000005082,0.030872
1970-01-01 00:00:00.000005083,0.03106
1970-01-01 00:00:00.000005084,0.031254
1970-01-01 00:00:00.000005085,0.031393
1970-01-01 00:00:00.000005086,0.031458
1970-01-01 00:00:00.000005087,0.031461
1970-01-01 00:00:00.000005088,0.031394
1970-01-01 00:00:00.000005089,0.031329
1970-01-01 00:00:00.000005090,0.031236
1970-01-01 00:00:00.000005091,0.031062
1970-01-01 00:00:00.000005092,0.030785
1970-01-01 00:00:00.000005093,0.030517
1970-01-01 00:00:00.000005094,0.0303699999999999
1970-01-01 00:00:00.000005095,0.030385
1970-01-01 00:00:00.000005096,0.030538
1970-01-01 00:00:00.000005097,0.030791
1970-01-01 00:00:00.000005098,0.0311
1970-01-01 00:00:00.000005099,0.031467
1970-01-01 00:00:00.000005100,0.03201
1970-01-01 00:00:00.000005101,0.032608
1970-01-01 00:00:00.000005102,0.033161
1970-01-01 00:00:00.000005103,0.033618
1970-01-01 00:00:00.000005104,0.033975
1970-01-01 00:00:00.000005105,0.034226
1970-01-01 00:00:00.000005106,0.034432
1970-01-01 00:00:00.000005107,0.0345959999999999
1970-01-01 00:00:00.000005108,0.034667
1970-01-01 00:00:00.000005109,0.034606
1970-01-01 00:00:00.000005110,0.034501
1970-01-01 00:00:00.000005111,0.034413
1970-01-01 00:00:00.000005112,0.034316
1970-01-01 00:00:00.000005113,0.034206
1970-01-01 00:00:00.000005114,0.034086
1970-01-01 00:00:00.000005115,0.033995
1970-01-01 00:00:00.000005116,0.03387
1970-01-01 00:00:00.000005117,0.033735
1970-01-01 00:00:00.000005118,0.03367
1970-01-01 00:00:00.000005119,0.033705
1970-01-01 00:00:00.000005120,0.033787
1970-01-01 00:00:00.000005121,0.033892
1970-01-01 00:00:00.000005122,0.033979
1970-01-01 00:00:00.000005123,0.034051
1970-01-01 00:00:00.000005124,0.034043
1970-01-01 00:00:00.000005125,0.0340209999999999
1970-01-01 00:00:00.000005126,0.034035
1970-01-01 00:00:00.000005127,0.034073
1970-01-01 00:00:00.000005128,0.034123
1970-01-01 00:00:00.000005129,0.034151
1970-01-01 00:00:00.000005130,0.034094
1970-01-01 00:00:00.000005131,0.033956
1970-01-01 00:00:00.000005132,0.033787
1970-01-01 00:00:00.000005133,0.033564
1970-01-01 00:00:00.000005134,0.033282
1970-01-01 00:00:00.000005135,0.03301
1970-01-01 00:00:00.000005136,0.032768
1970-01-01 00:00:00.000005137,0.032573
1970-01-01 00:00:00.000005138,0.032373
1970-01-01 00:00:00.000005139,0.032155
1970-01-01 00:00:00.000005140,0.031984
1970-01-01 00:00:00.000005141,0.03182
1970-01-01 00:00:00.000005142,0.0316269999999999
1970-01-01 00:00:00.000005143,0.031301
1970-01-01 00:00:00.000005144,0.030723
1970-01-01 00:00:00.000005145,0.029885
1970-01-01 00:00:00.000005146,0.0287389999999999
1970-01-01 00:00:00.000005147,0.0271779999999999
1970-01-01 00:00:00.000005148,0.025445
1970-01-01 00:00:00.000005149,0.023712
1970-01-01 00:00:00.000005150,0.0219819999999999
1970-01-01 00:00:00.000005151,0.020332
1970-01-01 00:00:00.000005152,0.018759
1970-01-01 00:00:00.000005153,0.017321
1970-01-01 00:00:00.000005154,0.016229
1970-01-01 00:00:00.000005155,0.0149039999999999
1970-01-01 00:00:00.000005156,0.0135419999999999
1970-01-01 00:00:00.000005157,0.011889
1970-01-01 00:00:00.000005158,0.009429
1970-01-01 00:00:00.000005159,0.006377
1970-01-01 00:00:00.000005160,0.00332
1970-01-01 00:00:00.000005161,0.00107
1970-01-01 00:00:00.000005162,-0.0004269999999999
1970-01-01 00:00:00.000005163,-0.0017579999999999
1970-01-01 00:00:00.000005164,-0.003341
1970-01-01 00:00:00.000005165,-0.005315
1970-01-01 00:00:00.000005166,-0.007525
1970-01-01 00:00:00.000005167,-0.009642
1970-01-01 00:00:00.000005168,-0.011227
1970-01-01 00:00:00.000005169,-0.012457
1970-01-01 00:00:00.000005170,-0.01364
1970-01-01 00:00:00.000005171,-0.014559
1970-01-01 00:00:00.000005172,-0.015284
1970-01-01 00:00:00.000005173,-0.015893
1970-01-01 00:00:00.000005174,-0.01613
1970-01-01 00:00:00.000005175,-0.016008
1970-01-01 00:00:00.000005176,-0.0150419999999999
1970-01-01 00:00:00.000005177,-0.0129909999999999
1970-01-01 00:00:00.000005178,-0.010329
1970-01-01 00:00:00.000005179,-0.00739
1970-01-01 00:00:00.000005180,-0.004429
1970-01-01 00:00:00.000005181,-0.001547
1970-01-01 00:00:00.000005182,0.0013189999999999
1970-01-01 00:00:00.000005183,0.004311
1970-01-01 00:00:00.000005184,0.006903
1970-01-01 00:00:00.000005185,0.008454
1970-01-01 00:00:00.000005186,0.008587
1970-01-01 00:00:00.000005187,0.007645
1970-01-01 00:00:00.000005188,0.0056869999999999
1970-01-01 00:00:00.000005189,0.002577
1970-01-01 00:00:00.000005190,-0.001393
1970-01-01 00:00:00.000005191,-0.0057399999999999
1970-01-01 00:00:00.000005192,-0.010481
1970-01-01 00:00:00.000005193,-0.016227
1970-01-01 00:00:00.000005194,-0.022282
1970-01-01 00:00:00.000005195,-0.027689
1970-01-01 00:00:00.000005196,-0.031999
1970-01-01 00:00:00.000005197,-0.035463
1970-01-01 00:00:00.000005198,-0.038475
1970-01-01 00:00:00.000005199,-0.04168
1970-01-01 00:00:00.000005200,-0.045324
1970-01-01 00:00:00.000005201,-0.049128
1970-01-01 00:00:00.000005202,-0.0524559999999999
1970-01-01 00:00:00.000005203,-0.0550419999999999
1970-01-01 00:00:00.000005204,-0.0574549999999999
1970-01-01 00:00:00.000005205,-0.060349
1970-01-01 00:00:00.000005206,-0.06357
1970-01-01 00:00:00.000005207,-0.066593
1970-01-01 00:00:00.000005208,-0.069397
1970-01-01 00:00:00.000005209,-0.0719669999999999
1970-01-01 00:00:00.000005210,-0.074127
1970-01-01 00:00:00.000005211,-0.076036
1970-01-01 00:00:00.000005212,-0.078029
1970-01-01 00:00:00.000005213,-0.080163
1970-01-01 00:00:00.000005214,-0.08207
1970-01-01 00:00:00.000005215,-0.083616
1970-01-01 00:00:00.000005216,-0.085118
1970-01-01 00:00:00.000005217,-0.086935
1970-01-01 00:00:00.000005218,-0.08925
1970-01-01 00:00:00.000005219,-0.092098
1970-01-01 00:00:00.000005220,-0.094824
1970-01-01 00:00:00.000005221,-0.096818
1970-01-01 00:00:00.000005222,-0.097831
1970-01-01 00:00:00.000005223,-0.098251
1970-01-01 00:00:00.000005224,-0.098448
1970-01-01 00:00:00.000005225,-0.0984179999999999
1970-01-01 00:00:00.000005226,-0.098129
1970-01-01 00:00:00.000005227,-0.0977919999999999
1970-01-01 00:00:00.000005228,-0.09774
1970-01-01 00:00:00.000005229,-0.098435
1970-01-01 00:00:00.000005230,-0.100089
1970-01-01 00:00:00.000005231,-0.102207
1970-01-01 00:00:00.000005232,-0.1043099999999999
1970-01-01 00:00:00.000005233,-0.105888
1970-01-01 00:00:00.000005234,-0.106966
1970-01-01 00:00:00.000005235,-0.10767
1970-01-01 00:00:00.000005236,-0.107743
1970-01-01 00:00:00.000005237,-0.106922
1970-01-01 00:00:00.000005238,-0.105388
1970-01-01 00:00:00.000005239,-0.103736
1970-01-01 00:00:00.000005240,-0.102121
1970-01-01 00:00:00.000005241,-0.100451
1970-01-01 00:00:00.000005242,-0.098799
1970-01-01 00:00:00.000005243,-0.097445
1970-01-01 00:00:00.000005244,-0.096557
1970-01-01 00:00:00.000005245,-0.096029
1970-01-01 00:00:00.000005246,-0.095648
1970-01-01 00:00:00.000005247,-0.095445
1970-01-01 00:00:00.000005248,-0.0956419999999999
1970-01-01 00:00:00.000005249,-0.0963059999999999
1970-01-01 00:00:00.000005250,-0.097261
1970-01-01 00:00:00.000005251,-0.098393
1970-01-01 00:00:00.000005252,-0.099649
1970-01-01 00:00:00.000005253,-0.1007779999999999
1970-01-01 00:00:00.000005254,-0.101473
1970-01-01 00:00:00.000005255,-0.1014419999999999
1970-01-01 00:00:00.000005256,-0.100857
1970-01-01 00:00:00.000005257,-0.100288
1970-01-01 00:00:00.000005258,-0.099896
1970-01-01 00:00:00.000005259,-0.099593
1970-01-01 00:00:00.000005260,-0.099361
1970-01-01 00:00:00.000005261,-0.099179
1970-01-01 00:00:00.000005262,-0.099116
1970-01-01 00:00:00.000005263,-0.099322
1970-01-01 00:00:00.000005264,-0.099685
1970-01-01 00:00:00.000005265,-0.099759
1970-01-01 00:00:00.000005266,-0.099577
1970-01-01 00:00:00.000005267,-0.099309
1970-01-01 00:00:00.000005268,-0.098942
1970-01-01 00:00:00.000005269,-0.098586
1970-01-01 00:00:00.000005270,-0.098261
1970-01-01 00:00:00.000005271,-0.0981679999999999
1970-01-01 00:00:00.000005272,-0.098454
1970-01-01 00:00:00.000005273,-0.098861
1970-01-01 00:00:00.000005274,-0.099315
1970-01-01 00:00:00.000005275,-0.099906
1970-01-01 00:00:00.000005276,-0.100601
1970-01-01 00:00:00.000005277,-0.101229
1970-01-01 00:00:00.000005278,-0.101648
1970-01-01 00:00:00.000005279,-0.101772
1970-01-01 00:00:00.000005280,-0.101474
1970-01-01 00:00:00.000005281,-0.100959
1970-01-01 00:00:00.000005282,-0.100333
1970-01-01 00:00:00.000005283,-0.099645
1970-01-01 00:00:00.000005284,-0.09917
1970-01-01 00:00:00.000005285,-0.099179
1970-01-01 00:00:00.000005286,-0.099593
1970-01-01 00:00:00.000005287,-0.099947
1970-01-01 00:00:00.000005288,-0.100047
1970-01-01 00:00:00.000005289,-0.099861
1970-01-01 00:00:00.000005290,-0.099343
1970-01-01 00:00:00.000005291,-0.098464
1970-01-01 00:00:00.000005292,-0.097224
1970-01-01 00:00:00.000005293,-0.095714
1970-01-01 00:00:00.000005294,-0.093955
1970-01-01 00:00:00.000005295,-0.092004
1970-01-01 00:00:00.000005296,-0.089899
1970-01-01 00:00:00.000005297,-0.087687
1970-01-01 00:00:00.000005298,-0.08552
1970-01-01 00:00:00.000005299,-0.0836929999999999
1970-01-01 00:00:00.000005300,-0.082157
1970-01-01 00:00:00.000005301,-0.080614
1970-01-01 00:00:00.000005302,-0.079122
1970-01-01 00:00:00.000005303,-0.077812
1970-01-01 00:00:00.000005304,-0.076704
1970-01-01 00:00:00.000005305,-0.075797
1970-01-01 00:00:00.000005306,-0.0751179999999999
1970-01-01 00:00:00.000005307,-0.074608
1970-01-01 00:00:00.000005308,-0.074255
1970-01-01 00:00:00.000005309,-0.074115
1970-01-01 00:00:00.000005310,-0.0740379999999999
1970-01-01 00:00:00.000005311,-0.073915
1970-01-01 00:00:00.000005312,-0.073723
1970-01-01 00:00:00.000005313,-0.0734
1970-01-01 00:00:00.000005314,-0.072972
1970-01-01 00:00:00.000005315,-0.072435
1970-01-01 00:00:00.000005316,-0.07176
1970-01-01 00:00:00.000005317,-0.070931
1970-01-01 00:00:00.000005318,-0.069954
1970-01-01 00:00:00.000005319,-0.068726
1970-01-01 00:00:00.000005320,-0.067311
1970-01-01 00:00:00.000005321,-0.0658919999999999
1970-01-01 00:00:00.000005322,-0.064582
1970-01-01 00:00:00.000005323,-0.063482
1970-01-01 00:00:00.000005324,-0.062731
1970-01-01 00:00:00.000005325,-0.062273
1970-01-01 00:00:00.000005326,-0.062075
1970-01-01 00:00:00.000005327,-0.0618509999999999
1970-01-01 00:00:00.000005328,-0.061445
1970-01-01 00:00:00.000005329,-0.0608789999999999
1970-01-01 00:00:00.000005330,-0.06012
1970-01-01 00:00:00.000005331,-0.059426
1970-01-01 00:00:00.000005332,-0.058685
1970-01-01 00:00:00.000005333,-0.057703
1970-01-01 00:00:00.000005334,-0.056986
1970-01-01 00:00:00.000005335,-0.056562
1970-01-01 00:00:00.000005336,-0.0562779999999999
1970-01-01 00:00:00.000005337,-0.056483
1970-01-01 00:00:00.000005338,-0.0570309999999999
1970-01-01 00:00:00.000005339,-0.057348
1970-01-01 00:00:00.000005340,-0.0569559999999999
1970-01-01 00:00:00.000005341,-0.055537
1970-01-01 00:00:00.000005342,-0.053575
1970-01-01 00:00:00.000005343,-0.051827
1970-01-01 00:00:00.000005344,-0.050283
1970-01-01 00:00:00.000005345,-0.048805
1970-01-01 00:00:00.000005346,-0.047729
1970-01-01 00:00:00.000005347,-0.047295
1970-01-01 00:00:00.000005348,-0.047117
1970-01-01 00:00:00.000005349,-0.046881
1970-01-01 00:00:00.000005350,-0.046536
1970-01-01 00:00:00.000005351,-0.046156
1970-01-01 00:00:00.000005352,-0.0459199999999999
1970-01-01 00:00:00.000005353,-0.045683
1970-01-01 00:00:00.000005354,-0.04504
1970-01-01 00:00:00.000005355,-0.044136
1970-01-01 00:00:00.000005356,-0.043446
1970-01-01 00:00:00.000005357,-0.0427569999999999
1970-01-01 00:00:00.000005358,-0.041723
1970-01-01 00:00:00.000005359,-0.040992
1970-01-01 00:00:00.000005360,-0.041458
1970-01-01 00:00:00.000005361,-0.042972
1970-01-01 00:00:00.000005362,-0.044822
1970-01-01 00:00:00.000005363,-0.046513
1970-01-01 00:00:00.000005364,-0.047875
1970-01-01 00:00:00.000005365,-0.048681
1970-01-01 00:00:00.000005366,-0.0489529999999999
1970-01-01 00:00:00.000005367,-0.048912
1970-01-01 00:00:00.000005368,-0.048563
1970-01-01 00:00:00.000005369,-0.047894
1970-01-01 00:00:00.000005370,-0.046954
1970-01-01 00:00:00.000005371,-0.046037
1970-01-01 00:00:00.000005372,-0.0453029999999999
1970-01-01 00:00:00.000005373,-0.044575
1970-01-01 00:00:00.000005374,-0.043709
1970-01-01 00:00:00.000005375,-0.042775
1970-01-01 00:00:00.000005376,-0.041966
1970-01-01 00:00:00.000005377,-0.041414
1970-01-01 00:00:00.000005378,-0.040951
1970-01-01 00:00:00.000005379,-0.040471
1970-01-01 00:00:00.000005380,-0.03999
1970-01-01 00:00:00.000005381,-0.039704
1970-01-01 00:00:00.000005382,-0.039596
1970-01-01 00:00:00.000005383,-0.039485
1970-01-01 00:00:00.000005384,-0.039286
1970-01-01 00:00:00.000005385,-0.0390649999999999
1970-01-01 00:00:00.000005386,-0.038839
1970-01-01 00:00:00.000005387,-0.038551
1970-01-01 00:00:00.000005388,-0.038123
1970-01-01 00:00:00.000005389,-0.037301
1970-01-01 00:00:00.000005390,-0.036065
1970-01-01 00:00:00.000005391,-0.034405
1970-01-01 00:00:00.000005392,-0.0327379999999999
1970-01-01 00:00:00.000005393,-0.031618
1970-01-01 00:00:00.000005394,-0.030985
1970-01-01 00:00:00.000005395,-0.029737
1970-01-01 00:00:00.000005396,-0.027418
1970-01-01 00:00:00.000005397,-0.025077
1970-01-01 00:00:00.000005398,-0.023618
1970-01-01 00:00:00.000005399,-0.0232509999999999
1970-01-01 00:00:00.000005400,-0.0237889999999999
1970-01-01 00:00:00.000005401,-0.025193
1970-01-01 00:00:00.000005402,-0.027138
1970-01-01 00:00:00.000005403,-0.029049
1970-01-01 00:00:00.000005404,-0.030866
1970-01-01 00:00:00.000005405,-0.032506
1970-01-01 00:00:00.000005406,-0.0337
1970-01-01 00:00:00.000005407,-0.034101
1970-01-01 00:00:00.000005408,-0.03393
1970-01-01 00:00:00.000005409,-0.033887
1970-01-01 00:00:00.000005410,-0.034261
1970-01-01 00:00:00.000005411,-0.034816
1970-01-01 00:00:00.000005412,-0.0352769999999999
1970-01-01 00:00:00.000005413,-0.035468
1970-01-01 00:00:00.000005414,-0.034924
1970-01-01 00:00:00.000005415,-0.033732
1970-01-01 00:00:00.000005416,-0.032295
1970-01-01 00:00:00.000005417,-0.0306399999999999
1970-01-01 00:00:00.000005418,-0.0287639999999999
1970-01-01 00:00:00.000005419,-0.0264029999999999
1970-01-01 00:00:00.000005420,-0.0240419999999999
1970-01-01 00:00:00.000005421,-0.022385
1970-01-01 00:00:00.000005422,-0.021169
1970-01-01 00:00:00.000005423,-0.019998
1970-01-01 00:00:00.000005424,-0.01911
1970-01-01 00:00:00.000005425,-0.018463
1970-01-01 00:00:00.000005426,-0.018306
1970-01-01 00:00:00.000005427,-0.018458
1970-01-01 00:00:00.000005428,-0.0173159999999999
1970-01-01 00:00:00.000005429,-0.014505
1970-01-01 00:00:00.000005430,-0.011855
1970-01-01 00:00:00.000005431,-0.010951
1970-01-01 00:00:00.000005432,-0.010894
1970-01-01 00:00:00.000005433,-0.010593
1970-01-01 00:00:00.000005434,-0.009767
1970-01-01 00:00:00.000005435,-0.008888
1970-01-01 00:00:00.000005436,-0.008047
1970-01-01 00:00:00.000005437,-0.007176
1970-01-01 00:00:00.000005438,-0.005638
1970-01-01 00:00:00.000005439,-0.0035329999999999
1970-01-01 00:00:00.000005440,-0.0018809999999999
1970-01-01 00:00:00.000005441,-7.2e-05
1970-01-01 00:00:00.000005442,0.001638
1970-01-01 00:00:00.000005443,0.0024739999999999
1970-01-01 00:00:00.000005444,0.004611
1970-01-01 00:00:00.000005445,0.008292
1970-01-01 00:00:00.000005446,0.009777
1970-01-01 00:00:00.000005447,0.0076069999999999
1970-01-01 00:00:00.000005448,0.003498
1970-01-01 00:00:00.000005449,-0.0002279999999999
1970-01-01 00:00:00.000005450,-0.001274
1970-01-01 00:00:00.000005451,-0.00039
1970-01-01 00:00:00.000005452,-0.000982
1970-01-01 00:00:00.000005453,-0.004971
1970-01-01 00:00:00.000005454,-0.011126
1970-01-01 00:00:00.000005455,-0.0154759999999999
1970-01-01 00:00:00.000005456,-0.015919
1970-01-01 00:00:00.000005457,-0.014072
1970-01-01 00:00:00.000005458,-0.0135199999999999
1970-01-01 00:00:00.000005459,-0.015841
1970-01-01 00:00:00.000005460,-0.018955
1970-01-01 00:00:00.000005461,-0.020789
1970-01-01 00:00:00.000005462,-0.020574
1970-01-01 00:00:00.000005463,-0.01842
1970-01-01 00:00:00.000005464,-0.016403
1970-01-01 00:00:00.000005465,-0.016051
1970-01-01 00:00:00.000005466,-0.0155419999999999
1970-01-01 00:00:00.000005467,-0.013146
1970-01-01 00:00:00.000005468,-0.009738
1970-01-01 00:00:00.000005469,-0.007198
1970-01-01 00:00:00.000005470,-0.007372
1970-01-01 00:00:00.000005471,-0.009983
1970-01-01 00:00:00.000005472,-0.0129539999999999
1970-01-01 00:00:00.000005473,-0.013956
1970-01-01 00:00:00.000005474,-0.012221
1970-01-01 00:00:00.000005475,-0.009608
1970-01-01 00:00:00.000005476,-0.008903
1970-01-01 00:00:00.000005477,-0.0103959999999999
1970-01-01 00:00:00.000005478,-0.011334
1970-01-01 00:00:00.000005479,-0.0105469999999999
1970-01-01 00:00:00.000005480,-0.009727
1970-01-01 00:00:00.000005481,-0.010156
1970-01-01 00:00:00.000005482,-0.011423
1970-01-01 00:00:00.000005483,-0.01244
1970-01-01 00:00:00.000005484,-0.012853
1970-01-01 00:00:00.000005485,-0.013855
1970-01-01 00:00:00.000005486,-0.016513
1970-01-01 00:00:00.000005487,-0.020604
1970-01-01 00:00:00.000005488,-0.025215
1970-01-01 00:00:00.000005489,-0.029505
1970-01-01 00:00:00.000005490,-0.03379
1970-01-01 00:00:00.000005491,-0.038397
1970-01-01 00:00:00.000005492,-0.041992
1970-01-01 00:00:00.000005493,-0.0435399999999999
1970-01-01 00:00:00.000005494,-0.043942
1970-01-01 00:00:00.000005495,-0.044582
1970-01-01 00:00:00.000005496,-0.046208
1970-01-01 00:00:00.000005497,-0.0488399999999999
1970-01-01 00:00:00.000005498,-0.0515929999999999
1970-01-01 00:00:00.000005499,-0.053798
1970-01-01 00:00:00.000005500,-0.055649
1970-01-01 00:00:00.000005501,-0.057822
1970-01-01 00:00:00.000005502,-0.0605919999999999
1970-01-01 00:00:00.000005503,-0.06348
1970-01-01 00:00:00.000005504,-0.06588
1970-01-01 00:00:00.000005505,-0.067819
1970-01-01 00:00:00.000005506,-0.069538
1970-01-01 00:00:00.000005507,-0.071097
1970-01-01 00:00:00.000005508,-0.072761
1970-01-01 00:00:00.000005509,-0.074472
1970-01-01 00:00:00.000005510,-0.076205
1970-01-01 00:00:00.000005511,-0.078074
1970-01-01 00:00:00.000005512,-0.080096
1970-01-01 00:00:00.000005513,-0.08251
1970-01-01 00:00:00.000005514,-0.085327
1970-01-01 00:00:00.000005515,-0.0884799999999999
1970-01-01 00:00:00.000005516,-0.091635
1970-01-01 00:00:00.000005517,-0.094226
1970-01-01 00:00:00.000005518,-0.095719
1970-01-01 00:00:00.000005519,-0.096075
1970-01-01 00:00:00.000005520,-0.096101
1970-01-01 00:00:00.000005521,-0.096224
1970-01-01 00:00:00.000005522,-0.096456
1970-01-01 00:00:00.000005523,-0.097054
1970-01-01 00:00:00.000005524,-0.097897
1970-01-01 00:00:00.000005525,-0.098732
1970-01-01 00:00:00.000005526,-0.099694
1970-01-01 00:00:00.000005527,-0.101061
1970-01-01 00:00:00.000005528,-0.102736
1970-01-01 00:00:00.000005529,-0.104433
1970-01-01 00:00:00.000005530,-0.1061839999999999
1970-01-01 00:00:00.000005531,-0.108049
1970-01-01 00:00:00.000005532,-0.109924
1970-01-01 00:00:00.000005533,-0.111794
1970-01-01 00:00:00.000005534,-0.113757
1970-01-01 00:00:00.000005535,-0.115719
1970-01-01 00:00:00.000005536,-0.1174369999999999
1970-01-01 00:00:00.000005537,-0.118898
1970-01-01 00:00:00.000005538,-0.120088
1970-01-01 00:00:00.000005539,-0.121227
1970-01-01 00:00:00.000005540,-0.122545
1970-01-01 00:00:00.000005541,-0.1240329999999999
1970-01-01 00:00:00.000005542,-0.125493
1970-01-01 00:00:00.000005543,-0.126792
1970-01-01 00:00:00.000005544,-0.1277319999999999
1970-01-01 00:00:00.000005545,-0.128208
1970-01-01 00:00:00.000005546,-0.128407
1970-01-01 00:00:00.000005547,-0.12839
1970-01-01 00:00:00.000005548,-0.128291
1970-01-01 00:00:00.000005549,-0.128221
1970-01-01 00:00:00.000005550,-0.128122
1970-01-01 00:00:00.000005551,-0.12778
1970-01-01 00:00:00.000005552,-0.127181
1970-01-01 00:00:00.000005553,-0.126385
1970-01-01 00:00:00.000005554,-0.125557
1970-01-01 00:00:00.000005555,-0.124857
1970-01-01 00:00:00.000005556,-0.124199
1970-01-01 00:00:00.000005557,-0.123517
1970-01-01 00:00:00.000005558,-0.122705
1970-01-01 00:00:00.000005559,-0.121721
1970-01-01 00:00:00.000005560,-0.120525
1970-01-01 00:00:00.000005561,-0.119072
1970-01-01 00:00:00.000005562,-0.117302
1970-01-01 00:00:00.000005563,-0.115389
1970-01-01 00:00:00.000005564,-0.113301
1970-01-01 00:00:00.000005565,-0.111074
1970-01-01 00:00:00.000005566,-0.108792
1970-01-01 00:00:00.000005567,-0.106439
1970-01-01 00:00:00.000005568,-0.1039269999999999
1970-01-01 00:00:00.000005569,-0.101445
1970-01-01 00:00:00.000005570,-0.099047
1970-01-01 00:00:00.000005571,-0.097044
1970-01-01 00:00:00.000005572,-0.0954909999999999
1970-01-01 00:00:00.000005573,-0.094394
1970-01-01 00:00:00.000005574,-0.093421
1970-01-01 00:00:00.000005575,-0.092361
1970-01-01 00:00:00.000005576,-0.09116
1970-01-01 00:00:00.000005577,-0.089897
1970-01-01 00:00:00.000005578,-0.088656
1970-01-01 00:00:00.000005579,-0.087393
1970-01-01 00:00:00.000005580,-0.085991
1970-01-01 00:00:00.000005581,-0.084423
1970-01-01 00:00:00.000005582,-0.082695
1970-01-01 00:00:00.000005583,-0.080736
1970-01-01 00:00:00.000005584,-0.0787419999999999
1970-01-01 00:00:00.000005585,-0.076937
1970-01-01 00:00:00.000005586,-0.075319
1970-01-01 00:00:00.000005587,-0.073809
1970-01-01 00:00:00.000005588,-0.072272
1970-01-01 00:00:00.000005589,-0.070701
1970-01-01 00:00:00.000005590,-0.069146
1970-01-01 00:00:00.000005591,-0.067622
1970-01-01 00:00:00.000005592,-0.066321
1970-01-01 00:00:00.000005593,-0.065256
1970-01-01 00:00:00.000005594,-0.064452
1970-01-01 00:00:00.000005595,-0.063813
1970-01-01 00:00:00.000005596,-0.0631
1970-01-01 00:00:00.000005597,-0.0624679999999999
1970-01-01 00:00:00.000005598,-0.061755
1970-01-01 00:00:00.000005599,-0.06096
1970-01-01 00:00:00.000005600,-0.060162
1970-01-01 00:00:00.000005601,-0.0593519999999999
1970-01-01 00:00:00.000005602,-0.058585
1970-01-01 00:00:00.000005603,-0.057967
1970-01-01 00:00:00.000005604,-0.05745
1970-01-01 00:00:00.000005605,-0.057047
1970-01-01 00:00:00.000005606,-0.056769
1970-01-01 00:00:00.000005607,-0.056538
1970-01-01 00:00:00.000005608,-0.0563419999999999
1970-01-01 00:00:00.000005609,-0.056098
1970-01-01 00:00:00.000005610,-0.055753
1970-01-01 00:00:00.000005611,-0.055455
1970-01-01 00:00:00.000005612,-0.055199
1970-01-01 00:00:00.000005613,-0.054994
1970-01-01 00:00:00.000005614,-0.054811
1970-01-01 00:00:00.000005615,-0.054705
1970-01-01 00:00:00.000005616,-0.054775
1970-01-01 00:00:00.000005617,-0.0551409999999999
1970-01-01 00:00:00.000005618,-0.055997
1970-01-01 00:00:00.000005619,-0.057217
1970-01-01 00:00:00.000005620,-0.058372
1970-01-01 00:00:00.000005621,-0.0591909999999999
1970-01-01 00:00:00.000005622,-0.059711
1970-01-01 00:00:00.000005623,-0.05993
1970-01-01 00:00:00.000005624,-0.059657
1970-01-01 00:00:00.000005625,-0.059022
1970-01-01 00:00:00.000005626,-0.058145
1970-01-01 00:00:00.000005627,-0.057195
1970-01-01 00:00:00.000005628,-0.0562159999999999
1970-01-01 00:00:00.000005629,-0.055133
1970-01-01 00:00:00.000005630,-0.0540029999999999
1970-01-01 00:00:00.000005631,-0.052913
1970-01-01 00:00:00.000005632,-0.051957
1970-01-01 00:00:00.000005633,-0.0511779999999999
1970-01-01 00:00:00.000005634,-0.050443
1970-01-01 00:00:00.000005635,-0.049747
1970-01-01 00:00:00.000005636,-0.049219
1970-01-01 00:00:00.000005637,-0.048777
1970-01-01 00:00:00.000005638,-0.048354
1970-01-01 00:00:00.000005639,-0.04801
1970-01-01 00:00:00.000005640,-0.047829
1970-01-01 00:00:00.000005641,-0.047831
1970-01-01 00:00:00.000005642,-0.047875
1970-01-01 00:00:00.000005643,-0.047898
1970-01-01 00:00:00.000005644,-0.047813
1970-01-01 00:00:00.000005645,-0.0477649999999999
1970-01-01 00:00:00.000005646,-0.047611
1970-01-01 00:00:00.000005647,-0.0473769999999999
1970-01-01 00:00:00.000005648,-0.047099
1970-01-01 00:00:00.000005649,-0.046866
1970-01-01 00:00:00.000005650,-0.04681
1970-01-01 00:00:00.000005651,-0.047047
1970-01-01 00:00:00.000005652,-0.0474819999999999
1970-01-01 00:00:00.000005653,-0.048164
1970-01-01 00:00:00.000005654,-0.04919
1970-01-01 00:00:00.000005655,-0.050532
1970-01-01 00:00:00.000005656,-0.052138
1970-01-01 00:00:00.000005657,-0.053909
1970-01-01 00:00:00.000005658,-0.055898
1970-01-01 00:00:00.000005659,-0.0580799999999999
1970-01-01 00:00:00.000005660,-0.060237
1970-01-01 00:00:00.000005661,-0.06217
1970-01-01 00:00:00.000005662,-0.063693
1970-01-01 00:00:00.000005663,-0.064967
1970-01-01 00:00:00.000005664,-0.066265
1970-01-01 00:00:00.000005665,-0.067505
1970-01-01 00:00:00.000005666,-0.068596
1970-01-01 00:00:00.000005667,-0.069463
1970-01-01 00:00:00.000005668,-0.070162
1970-01-01 00:00:00.000005669,-0.070881
1970-01-01 00:00:00.000005670,-0.0717179999999999
1970-01-01 00:00:00.000005671,-0.072643
1970-01-01 00:00:00.000005672,-0.073674
1970-01-01 00:00:00.000005673,-0.074889
1970-01-01 00:00:00.000005674,-0.076218
1970-01-01 00:00:00.000005675,-0.077654
1970-01-01 00:00:00.000005676,-0.079171
1970-01-01 00:00:00.000005677,-0.0808649999999999
1970-01-01 00:00:00.000005678,-0.082748
1970-01-01 00:00:00.000005679,-0.084704
1970-01-01 00:00:00.000005680,-0.086576
1970-01-01 00:00:00.000005681,-0.088295
1970-01-01 00:00:00.000005682,-0.089804
1970-01-01 00:00:00.000005683,-0.0911889999999999
1970-01-01 00:00:00.000005684,-0.092512
1970-01-01 00:00:00.000005685,-0.09369
1970-01-01 00:00:00.000005686,-0.094608
1970-01-01 00:00:00.000005687,-0.095144
1970-01-01 00:00:00.000005688,-0.095302
1970-01-01 00:00:00.000005689,-0.0952
1970-01-01 00:00:00.000005690,-0.09516
1970-01-01 00:00:00.000005691,-0.0952549999999999
1970-01-01 00:00:00.000005692,-0.095411
1970-01-01 00:00:00.000005693,-0.095601
1970-01-01 00:00:00.000005694,-0.095864
1970-01-01 00:00:00.000005695,-0.096189
1970-01-01 00:00:00.000005696,-0.096582
1970-01-01 00:00:00.000005697,-0.0968789999999999
1970-01-01 00:00:00.000005698,-0.097011
1970-01-01 00:00:00.000005699,-0.096993
1970-01-01 00:00:00.000005700,-0.096855
1970-01-01 00:00:00.000005701,-0.096732
1970-01-01 00:00:00.000005702,-0.09669
1970-01-01 00:00:00.000005703,-0.096786
1970-01-01 00:00:00.000005704,-0.097094
1970-01-01 00:00:00.000005705,-0.097633
1970-01-01 00:00:00.000005706,-0.098319
1970-01-01 00:00:00.000005707,-0.098983
1970-01-01 00:00:00.000005708,-0.09941
1970-01-01 00:00:00.000005709,-0.099377
1970-01-01 00:00:00.000005710,-0.099088
1970-01-01 00:00:00.000005711,-0.098893
1970-01-01 00:00:00.000005712,-0.098886
1970-01-01 00:00:00.000005713,-0.0989179999999999
1970-01-01 00:00:00.000005714,-0.098798
1970-01-01 00:00:00.000005715,-0.098614
1970-01-01 00:00:00.000005716,-0.098442
1970-01-01 00:00:00.000005717,-0.098285
1970-01-01 00:00:00.000005718,-0.098061
1970-01-01 00:00:00.000005719,-0.097761
1970-01-01 00:00:00.000005720,-0.097451
1970-01-01 00:00:00.000005721,-0.097126
1970-01-01 00:00:00.000005722,-0.096836
1970-01-01 00:00:00.000005723,-0.0966279999999999
1970-01-01 00:00:00.000005724,-0.0966809999999999
1970-01-01 00:00:00.000005725,-0.097127
1970-01-01 00:00:00.000005726,-0.097855
1970-01-01 00:00:00.000005727,-0.098488
1970-01-01 00:00:00.000005728,-0.09881
1970-01-01 00:00:00.000005729,-0.098837
1970-01-01 00:00:00.000005730,-0.098591
1970-01-01 00:00:00.000005731,-0.098058
1970-01-01 00:00:00.000005732,-0.097143
1970-01-01 00:00:00.000005733,-0.095967
1970-01-01 00:00:00.000005734,-0.094669
1970-01-01 00:00:00.000005735,-0.093462
1970-01-01 00:00:00.000005736,-0.092461
1970-01-01 00:00:00.000005737,-0.09169
1970-01-01 00:00:00.000005738,-0.091213
1970-01-01 00:00:00.000005739,-0.090906
1970-01-01 00:00:00.000005740,-0.090601
1970-01-01 00:00:00.000005741,-0.0901759999999999
1970-01-01 00:00:00.000005742,-0.089656
1970-01-01 00:00:00.000005743,-0.089162
1970-01-01 00:00:00.000005744,-0.088764
1970-01-01 00:00:00.000005745,-0.088466
1970-01-01 00:00:00.000005746,-0.08822
1970-01-01 00:00:00.000005747,-0.087915
1970-01-01 00:00:00.000005748,-0.0876649999999999
1970-01-01 00:00:00.000005749,-0.087511
1970-01-01 00:00:00.000005750,-0.087399
1970-01-01 00:00:00.000005751,-0.0872059999999999
1970-01-01 00:00:00.000005752,-0.086701
1970-01-01 00:00:00.000005753,-0.08578
1970-01-01 00:00:00.000005754,-0.084435
1970-01-01 00:00:00.000005755,-0.082685
1970-01-01 00:00:00.000005756,-0.080633
1970-01-01 00:00:00.000005757,-0.078817
1970-01-01 00:00:00.000005758,-0.07707
1970-01-01 00:00:00.000005759,-0.07507
1970-01-01 00:00:00.000005760,-0.073332
1970-01-01 00:00:00.000005761,-0.072328
1970-01-01 00:00:00.000005762,-0.072031
1970-01-01 00:00:00.000005763,-0.072032
1970-01-01 00:00:00.000005764,-0.072121
1970-01-01 00:00:00.000005765,-0.072396
1970-01-01 00:00:00.000005766,-0.072949
1970-01-01 00:00:00.000005767,-0.073722
1970-01-01 00:00:00.000005768,-0.07465
1970-01-01 00:00:00.000005769,-0.07562
1970-01-01 00:00:00.000005770,-0.076548
1970-01-01 00:00:00.000005771,-0.077342
1970-01-01 00:00:00.000005772,-0.077888
1970-01-01 00:00:00.000005773,-0.078197
1970-01-01 00:00:00.000005774,-0.078306
1970-01-01 00:00:00.000005775,-0.078272
1970-01-01 00:00:00.000005776,-0.078085
1970-01-01 00:00:00.000005777,-0.0778539999999999
1970-01-01 00:00:00.000005778,-0.077582
1970-01-01 00:00:00.000005779,-0.077305
1970-01-01 00:00:00.000005780,-0.07703
1970-01-01 00:00:00.000005781,-0.076784
1970-01-01 00:00:00.000005782,-0.076589
1970-01-01 00:00:00.000005783,-0.076411
1970-01-01 00:00:00.000005784,-0.076212
1970-01-01 00:00:00.000005785,-0.076003
1970-01-01 00:00:00.000005786,-0.075844
1970-01-01 00:00:00.000005787,-0.075812
1970-01-01 00:00:00.000005788,-0.07596
1970-01-01 00:00:00.000005789,-0.076222
1970-01-01 00:00:00.000005790,-0.076655
1970-01-01 00:00:00.000005791,-0.077265
1970-01-01 00:00:00.000005792,-0.077924
1970-01-01 00:00:00.000005793,-0.07848
1970-01-01 00:00:00.000005794,-0.078924
1970-01-01 00:00:00.000005795,-0.079344
1970-01-01 00:00:00.000005796,-0.079711
1970-01-01 00:00:00.000005797,-0.0801429999999999
1970-01-01 00:00:00.000005798,-0.080625
1970-01-01 00:00:00.000005799,-0.081071
1970-01-01 00:00:00.000005800,-0.081621
1970-01-01 00:00:00.000005801,-0.082224
1970-01-01 00:00:00.000005802,-0.082883
1970-01-01 00:00:00.000005803,-0.083554
1970-01-01 00:00:00.000005804,-0.084222
1970-01-01 00:00:00.000005805,-0.0847909999999999
1970-01-01 00:00:00.000005806,-0.085243
1970-01-01 00:00:00.000005807,-0.085552
1970-01-01 00:00:00.000005808,-0.085795
1970-01-01 00:00:00.000005809,-0.086073
1970-01-01 00:00:00.000005810,-0.086335
1970-01-01 00:00:00.000005811,-0.086559
1970-01-01 00:00:00.000005812,-0.086785
1970-01-01 00:00:00.000005813,-0.087082
1970-01-01 00:00:00.000005814,-0.087449
1970-01-01 00:00:00.000005815,-0.087771
1970-01-01 00:00:00.000005816,-0.087971
1970-01-01 00:00:00.000005817,-0.088094
1970-01-01 00:00:00.000005818,-0.088161
1970-01-01 00:00:00.000005819,-0.088216
1970-01-01 00:00:00.000005820,-0.088127
1970-01-01 00:00:00.000005821,-0.087931
1970-01-01 00:00:00.000005822,-0.0876909999999999
1970-01-01 00:00:00.000005823,-0.0874809999999999
1970-01-01 00:00:00.000005824,-0.0874549999999999
1970-01-01 00:00:00.000005825,-0.0875789999999999
1970-01-01 00:00:00.000005826,-0.087799
1970-01-01 00:00:00.000005827,-0.088061
1970-01-01 00:00:00.000005828,-0.088372
1970-01-01 00:00:00.000005829,-0.088665
1970-01-01 00:00:00.000005830,-0.088836
1970-01-01 00:00:00.000005831,-0.08896
1970-01-01 00:00:00.000005832,-0.08911
1970-01-01 00:00:00.000005833,-0.089133
1970-01-01 00:00:00.000005834,-0.088979
1970-01-01 00:00:00.000005835,-0.088739
1970-01-01 00:00:00.000005836,-0.088377
1970-01-01 00:00:00.000005837,-0.087778
1970-01-01 00:00:00.000005838,-0.087249
1970-01-01 00:00:00.000005839,-0.086761
1970-01-01 00:00:00.000005840,-0.085993
1970-01-01 00:00:00.000005841,-0.084937
1970-01-01 00:00:00.000005842,-0.0838759999999999
1970-01-01 00:00:00.000005843,-0.082833
1970-01-01 00:00:00.000005844,-0.081924
1970-01-01 00:00:00.000005845,-0.081219
1970-01-01 00:00:00.000005846,-0.080776
1970-01-01 00:00:00.000005847,-0.080555
1970-01-01 00:00:00.000005848,-0.080481
1970-01-01 00:00:00.000005849,-0.080462
1970-01-01 00:00:00.000005850,-0.080401
1970-01-01 00:00:00.000005851,-0.080292
1970-01-01 00:00:00.000005852,-0.080175
1970-01-01 00:00:00.000005853,-0.080134
1970-01-01 00:00:00.000005854,-0.080246
1970-01-01 00:00:00.000005855,-0.080461
1970-01-01 00:00:00.000005856,-0.080647
1970-01-01 00:00:00.000005857,-0.080788
1970-01-01 00:00:00.000005858,-0.080854
1970-01-01 00:00:00.000005859,-0.0809309999999999
1970-01-01 00:00:00.000005860,-0.081158
1970-01-01 00:00:00.000005861,-0.081513
1970-01-01 00:00:00.000005862,-0.081935
1970-01-01 00:00:00.000005863,-0.082482
1970-01-01 00:00:00.000005864,-0.083114
1970-01-01 00:00:00.000005865,-0.083728
1970-01-01 00:00:00.000005866,-0.084223
1970-01-01 00:00:00.000005867,-0.084618
1970-01-01 00:00:00.000005868,-0.084856
1970-01-01 00:00:00.000005869,-0.08496
1970-01-01 00:00:00.000005870,-0.084971
1970-01-01 00:00:00.000005871,-0.084924
1970-01-01 00:00:00.000005872,-0.084794
1970-01-01 00:00:00.000005873,-0.084678
1970-01-01 00:00:00.000005874,-0.0846659999999999
1970-01-01 00:00:00.000005875,-0.084711
1970-01-01 00:00:00.000005876,-0.084867
1970-01-01 00:00:00.000005877,-0.085066
1970-01-01 00:00:00.000005878,-0.085257
1970-01-01 00:00:00.000005879,-0.085459
1970-01-01 00:00:00.000005880,-0.0857179999999999
1970-01-01 00:00:00.000005881,-0.086014
1970-01-01 00:00:00.000005882,-0.08632
1970-01-01 00:00:00.000005883,-0.086572
1970-01-01 00:00:00.000005884,-0.0867629999999999
1970-01-01 00:00:00.000005885,-0.08685
1970-01-01 00:00:00.000005886,-0.086863
1970-01-01 00:00:00.000005887,-0.086727
1970-01-01 00:00:00.000005888,-0.086462
1970-01-01 00:00:00.000005889,-0.0861789999999999
1970-01-01 00:00:00.000005890,-0.085862
1970-01-01 00:00:00.000005891,-0.085675
1970-01-01 00:00:00.000005892,-0.085571
1970-01-01 00:00:00.000005893,-0.085459
1970-01-01 00:00:00.000005894,-0.085215
1970-01-01 00:00:00.000005895,-0.0848
1970-01-01 00:00:00.000005896,-0.084367
1970-01-01 00:00:00.000005897,-0.083948
1970-01-01 00:00:00.000005898,-0.083588
1970-01-01 00:00:00.000005899,-0.083366
1970-01-01 00:00:00.000005900,-0.083271
1970-01-01 00:00:00.000005901,-0.0832909999999999
1970-01-01 00:00:00.000005902,-0.083538
1970-01-01 00:00:00.000005903,-0.083911
1970-01-01 00:00:00.000005904,-0.0843179999999999
1970-01-01 00:00:00.000005905,-0.084724
1970-01-01 00:00:00.000005906,-0.08505
1970-01-01 00:00:00.000005907,-0.0852919999999999
1970-01-01 00:00:00.000005908,-0.0854289999999999
1970-01-01 00:00:00.000005909,-0.085479
1970-01-01 00:00:00.000005910,-0.085437
1970-01-01 00:00:00.000005911,-0.085396
1970-01-01 00:00:00.000005912,-0.085396
1970-01-01 00:00:00.000005913,-0.085384
1970-01-01 00:00:00.000005914,-0.085361
1970-01-01 00:00:00.000005915,-0.085337
1970-01-01 00:00:00.000005916,-0.085287
1970-01-01 00:00:00.000005917,-0.085136
1970-01-01 00:00:00.000005918,-0.084867
1970-01-01 00:00:00.000005919,-0.084577
1970-01-01 00:00:00.000005920,-0.0843059999999999
1970-01-01 00:00:00.000005921,-0.084033
1970-01-01 00:00:00.000005922,-0.083824
1970-01-01 00:00:00.000005923,-0.08365
1970-01-01 00:00:00.000005924,-0.083497
1970-01-01 00:00:00.000005925,-0.083227
1970-01-01 00:00:00.000005926,-0.082962
1970-01-01 00:00:00.000005927,-0.082754
1970-01-01 00:00:00.000005928,-0.082662
1970-01-01 00:00:00.000005929,-0.082716
1970-01-01 00:00:00.000005930,-0.082833
1970-01-01 00:00:00.000005931,-0.082935
1970-01-01 00:00:00.000005932,-0.08309
1970-01-01 00:00:00.000005933,-0.083382
1970-01-01 00:00:00.000005934,-0.0838059999999999
1970-01-01 00:00:00.000005935,-0.084267
1970-01-01 00:00:00.000005936,-0.084604
1970-01-01 00:00:00.000005937,-0.084781
1970-01-01 00:00:00.000005938,-0.0849029999999999
1970-01-01 00:00:00.000005939,-0.084962
1970-01-01 00:00:00.000005940,-0.0850409999999999
1970-01-01 00:00:00.000005941,-0.085239
1970-01-01 00:00:00.000005942,-0.085488
1970-01-01 00:00:00.000005943,-0.085715
1970-01-01 00:00:00.000005944,-0.085933
1970-01-01 00:00:00.000005945,-0.08619
1970-01-01 00:00:00.000005946,-0.086338
1970-01-01 00:00:00.000005947,-0.086358
1970-01-01 00:00:00.000005948,-0.08619
1970-01-01 00:00:00.000005949,-0.085933
1970-01-01 00:00:00.000005950,-0.085737
1970-01-01 00:00:00.000005951,-0.085632
1970-01-01 00:00:00.000005952,-0.085564
1970-01-01 00:00:00.000005953,-0.08549
1970-01-01 00:00:00.000005954,-0.085414
1970-01-01 00:00:00.000005955,-0.0854299999999999
1970-01-01 00:00:00.000005956,-0.085504
1970-01-01 00:00:00.000005957,-0.085539
1970-01-01 00:00:00.000005958,-0.085533
1970-01-01 00:00:00.000005959,-0.085492
1970-01-01 00:00:00.000005960,-0.0854419999999999
1970-01-01 00:00:00.000005961,-0.085368
1970-01-01 00:00:00.000005962,-0.085256
1970-01-01 00:00:00.000005963,-0.085132
1970-01-01 00:00:00.000005964,-0.084824
1970-01-01 00:00:00.000005965,-0.084354
1970-01-01 00:00:00.000005966,-0.083711
1970-01-01 00:00:00.000005967,-0.0829049999999999
1970-01-01 00:00:00.000005968,-0.0820169999999999
1970-01-01 00:00:00.000005969,-0.081139
1970-01-01 00:00:00.000005970,-0.080334
1970-01-01 00:00:00.000005971,-0.07965
1970-01-01 00:00:00.000005972,-0.079044
1970-01-01 00:00:00.000005973,-0.078499
1970-01-01 00:00:00.000005974,-0.078034
1970-01-01 00:00:00.000005975,-0.077575
1970-01-01 00:00:00.000005976,-0.077023
1970-01-01 00:00:00.000005977,-0.076511
1970-01-01 00:00:00.000005978,-0.076217
1970-01-01 00:00:00.000005979,-0.0760779999999999
1970-01-01 00:00:00.000005980,-0.075978
1970-01-01 00:00:00.000005981,-0.075877
1970-01-01 00:00:00.000005982,-0.075797
1970-01-01 00:00:00.000005983,-0.075866
1970-01-01 00:00:00.000005984,-0.076041
1970-01-01 00:00:00.000005985,-0.07618
1970-01-01 00:00:00.000005986,-0.076272
1970-01-01 00:00:00.000005987,-0.07633
1970-01-01 00:00:00.000005988,-0.076306
1970-01-01 00:00:00.000005989,-0.076277
1970-01-01 00:00:00.000005990,-0.0762159999999999
1970-01-01 00:00:00.000005991,-0.076062
1970-01-01 00:00:00.000005992,-0.075865
1970-01-01 00:00:00.000005993,-0.075611
1970-01-01 00:00:00.000005994,-0.075295
1970-01-01 00:00:00.000005995,-0.074848
1970-01-01 00:00:00.000005996,-0.07433
1970-01-01 00:00:00.000005997,-0.073782
1970-01-01 00:00:00.000005998,-0.073208
1970-01-01 00:00:00.000005999,-0.072602
1970-01-01 00:00:00.000006000,-0.072021
1970-01-01 00:00:00.000006001,-0.071514
1970-01-01 00:00:00.000006002,-0.071091
1970-01-01 00:00:00.000006003,-0.070745
1970-01-01 00:00:00.000006004,-0.070498
1970-01-01 00:00:00.000006005,-0.070307
1970-01-01 00:00:00.000006006,-0.070186
1970-01-01 00:00:00.000006007,-0.070194
1970-01-01 00:00:00.000006008,-0.070345
1970-01-01 00:00:00.000006009,-0.070674
1970-01-01 00:00:00.000006010,-0.071185
1970-01-01 00:00:00.000006011,-0.071795
1970-01-01 00:00:00.000006012,-0.072388
1970-01-01 00:00:00.000006013,-0.072796
1970-01-01 00:00:00.000006014,-0.073227
1970-01-01 00:00:00.000006015,-0.073897
1970-01-01 00:00:00.000006016,-0.074946
1970-01-01 00:00:00.000006017,-0.076235
1970-01-01 00:00:00.000006018,-0.077697
1970-01-01 00:00:00.000006019,-0.079246
1970-01-01 00:00:00.000006020,-0.080596
1970-01-01 00:00:00.000006021,-0.08165
1970-01-01 00:00:00.000006022,-0.0825019999999999
1970-01-01 00:00:00.000006023,-0.0832799999999999
1970-01-01 00:00:00.000006024,-0.084017
1970-01-01 00:00:00.000006025,-0.084659
1970-01-01 00:00:00.000006026,-0.0851919999999999
1970-01-01 00:00:00.000006027,-0.085647
1970-01-01 00:00:00.000006028,-0.086174
1970-01-01 00:00:00.000006029,-0.0867179999999999
1970-01-01 00:00:00.000006030,-0.087153
1970-01-01 00:00:00.000006031,-0.087562
1970-01-01 00:00:00.000006032,-0.088103
1970-01-01 00:00:00.000006033,-0.088761
1970-01-01 00:00:00.000006034,-0.0894659999999999
1970-01-01 00:00:00.000006035,-0.09029
1970-01-01 00:00:00.000006036,-0.090919
1970-01-01 00:00:00.000006037,-0.090996
1970-01-01 00:00:00.000006038,-0.0906169999999999
1970-01-01 00:00:00.000006039,-0.0901039999999999
1970-01-01 00:00:00.000006040,-0.0897
1970-01-01 00:00:00.000006041,-0.089276
1970-01-01 00:00:00.000006042,-0.088651
1970-01-01 00:00:00.000006043,-0.087729
1970-01-01 00:00:00.000006044,-0.086979
1970-01-01 00:00:00.000006045,-0.0865529999999999
1970-01-01 00:00:00.000006046,-0.086101
1970-01-01 00:00:00.000006047,-0.085537
1970-01-01 00:00:00.000006048,-0.084838
1970-01-01 00:00:00.000006049,-0.083763
1970-01-01 00:00:00.000006050,-0.082233
1970-01-01 00:00:00.000006051,-0.080455
1970-01-01 00:00:00.000006052,-0.078553
1970-01-01 00:00:00.000006053,-0.076614
1970-01-01 00:00:00.000006054,-0.074714
1970-01-01 00:00:00.000006055,-0.073202
1970-01-01 00:00:00.000006056,-0.072129
1970-01-01 00:00:00.000006057,-0.071201
1970-01-01 00:00:00.000006058,-0.070053
1970-01-01 00:00:00.000006059,-0.0687789999999999
1970-01-01 00:00:00.000006060,-0.067578
1970-01-01 00:00:00.000006061,-0.066652
1970-01-01 00:00:00.000006062,-0.065981
1970-01-01 00:00:00.000006063,-0.065602
1970-01-01 00:00:00.000006064,-0.065487
1970-01-01 00:00:00.000006065,-0.065377
1970-01-01 00:00:00.000006066,-0.064883
1970-01-01 00:00:00.000006067,-0.063774
1970-01-01 00:00:00.000006068,-0.062199
1970-01-01 00:00:00.000006069,-0.06109
1970-01-01 00:00:00.000006070,-0.060625
1970-01-01 00:00:00.000006071,-0.060652
1970-01-01 00:00:00.000006072,-0.060873
1970-01-01 00:00:00.000006073,-0.060911
1970-01-01 00:00:00.000006074,-0.060863
1970-01-01 00:00:00.000006075,-0.060904
1970-01-01 00:00:00.000006076,-0.06101
1970-01-01 00:00:00.000006077,-0.060961
1970-01-01 00:00:00.000006078,-0.060745
1970-01-01 00:00:00.000006079,-0.060621
1970-01-01 00:00:00.000006080,-0.060612
1970-01-01 00:00:00.000006081,-0.0607169999999999
1970-01-01 00:00:00.000006082,-0.061048
1970-01-01 00:00:00.000006083,-0.061412
1970-01-01 00:00:00.000006084,-0.061611
1970-01-01 00:00:00.000006085,-0.0618679999999999
1970-01-01 00:00:00.000006086,-0.062299
1970-01-01 00:00:00.000006087,-0.062609
1970-01-01 00:00:00.000006088,-0.062652
1970-01-01 00:00:00.000006089,-0.062579
1970-01-01 00:00:00.000006090,-0.062693
1970-01-01 00:00:00.000006091,-0.063037
1970-01-01 00:00:00.000006092,-0.063323
1970-01-01 00:00:00.000006093,-0.063608
1970-01-01 00:00:00.000006094,-0.063957
1970-01-01 00:00:00.000006095,-0.064252
1970-01-01 00:00:00.000006096,-0.064421
1970-01-01 00:00:00.000006097,-0.064635
1970-01-01 00:00:00.000006098,-0.065116
1970-01-01 00:00:00.000006099,-0.066008
1970-01-01 00:00:00.000006100,-0.067066
1970-01-01 00:00:00.000006101,-0.067984
1970-01-01 00:00:00.000006102,-0.068465
1970-01-01 00:00:00.000006103,-0.0684
1970-01-01 00:00:00.000006104,-0.068032
1970-01-01 00:00:00.000006105,-0.067776
1970-01-01 00:00:00.000006106,-0.067901
1970-01-01 00:00:00.000006107,-0.068283
1970-01-01 00:00:00.000006108,-0.068117
1970-01-01 00:00:00.000006109,-0.067408
1970-01-01 00:00:00.000006110,-0.066758
1970-01-01 00:00:00.000006111,-0.066511
1970-01-01 00:00:00.000006112,-0.065626
1970-01-01 00:00:00.000006113,-0.063855
1970-01-01 00:00:00.000006114,-0.061805
1970-01-01 00:00:00.000006115,-0.059903
1970-01-01 00:00:00.000006116,-0.057823
1970-01-01 00:00:00.000006117,-0.054797
1970-01-01 00:00:00.000006118,-0.051118
1970-01-01 00:00:00.000006119,-0.047827
1970-01-01 00:00:00.000006120,-0.045879
1970-01-01 00:00:00.000006121,-0.045203
1970-01-01 00:00:00.000006122,-0.0454829999999999
1970-01-01 00:00:00.000006123,-0.046869
1970-01-01 00:00:00.000006124,-0.049136
1970-01-01 00:00:00.000006125,-0.0515529999999999
1970-01-01 00:00:00.000006126,-0.0540029999999999
1970-01-01 00:00:00.000006127,-0.056076
1970-01-01 00:00:00.000006128,-0.056994
1970-01-01 00:00:00.000006129,-0.0569419999999999
1970-01-01 00:00:00.000006130,-0.056371
1970-01-01 00:00:00.000006131,-0.055486
1970-01-01 00:00:00.000006132,-0.054927
1970-01-01 00:00:00.000006133,-0.055023
1970-01-01 00:00:00.000006134,-0.055789
1970-01-01 00:00:00.000006135,-0.057208
1970-01-01 00:00:00.000006136,-0.058924
1970-01-01 00:00:00.000006137,-0.059869
1970-01-01 00:00:00.000006138,-0.059661
1970-01-01 00:00:00.000006139,-0.059069
1970-01-01 00:00:00.000006140,-0.058822
1970-01-01 00:00:00.000006141,-0.0596909999999999
1970-01-01 00:00:00.000006142,-0.061799
1970-01-01 00:00:00.000006143,-0.064373
1970-01-01 00:00:00.000006144,-0.066859
1970-01-01 00:00:00.000006145,-0.0689289999999999
1970-01-01 00:00:00.000006146,-0.070738
1970-01-01 00:00:00.000006147,-0.072806
1970-01-01 00:00:00.000006148,-0.07505
1970-01-01 00:00:00.000006149,-0.076997
1970-01-01 00:00:00.000006150,-0.078501
1970-01-01 00:00:00.000006151,-0.079761
1970-01-01 00:00:00.000006152,-0.080927
1970-01-01 00:00:00.000006153,-0.082136
1970-01-01 00:00:00.000006154,-0.083441
1970-01-01 00:00:00.000006155,-0.0845809999999999
1970-01-01 00:00:00.000006156,-0.085816
1970-01-01 00:00:00.000006157,-0.087137
1970-01-01 00:00:00.000006158,-0.087769
1970-01-01 00:00:00.000006159,-0.086757
1970-01-01 00:00:00.000006160,-0.083565
1970-01-01 00:00:00.000006161,-0.079586
1970-01-01 00:00:00.000006162,-0.076958
1970-01-01 00:00:00.000006163,-0.076348
1970-01-01 00:00:00.000006164,-0.077124
1970-01-01 00:00:00.000006165,-0.0781299999999999
1970-01-01 00:00:00.000006166,-0.078876
1970-01-01 00:00:00.000006167,-0.079332
1970-01-01 00:00:00.000006168,-0.079538
1970-01-01 00:00:00.000006169,-0.079201
1970-01-01 00:00:00.000006170,-0.077896
1970-01-01 00:00:00.000006171,-0.076075
1970-01-01 00:00:00.000006172,-0.07437
1970-01-01 00:00:00.000006173,-0.0729679999999999
1970-01-01 00:00:00.000006174,-0.071965
1970-01-01 00:00:00.000006175,-0.07125
1970-01-01 00:00:00.000006176,-0.07063
1970-01-01 00:00:00.000006177,-0.069973
1970-01-01 00:00:00.000006178,-0.069255
1970-01-01 00:00:00.000006179,-0.06857
1970-01-01 00:00:00.000006180,-0.067968
1970-01-01 00:00:00.000006181,-0.067483
1970-01-01 00:00:00.000006182,-0.067208
1970-01-01 00:00:00.000006183,-0.0670429999999999
1970-01-01 00:00:00.000006184,-0.066927
1970-01-01 00:00:00.000006185,-0.066834
1970-01-01 00:00:00.000006186,-0.066722
1970-01-01 00:00:00.000006187,-0.066601
1970-01-01 00:00:00.000006188,-0.066599
1970-01-01 00:00:00.000006189,-0.066716
1970-01-01 00:00:00.000006190,-0.066863
1970-01-01 00:00:00.000006191,-0.067005
1970-01-01 00:00:00.000006192,-0.0670289999999999
1970-01-01 00:00:00.000006193,-0.066938
1970-01-01 00:00:00.000006194,-0.066744
1970-01-01 00:00:00.000006195,-0.066403
1970-01-01 00:00:00.000006196,-0.066104
1970-01-01 00:00:00.000006197,-0.0659039999999999
1970-01-01 00:00:00.000006198,-0.065661
1970-01-01 00:00:00.000006199,-0.065422
1970-01-01 00:00:00.000006200,-0.065377
1970-01-01 00:00:00.000006201,-0.065475
1970-01-01 00:00:00.000006202,-0.065587
1970-01-01 00:00:00.000006203,-0.065789
1970-01-01 00:00:00.000006204,-0.066052
1970-01-01 00:00:00.000006205,-0.06632
1970-01-01 00:00:00.000006206,-0.066595
1970-01-01 00:00:00.000006207,-0.066954
1970-01-01 00:00:00.000006208,-0.067363
1970-01-01 00:00:00.000006209,-0.067856
1970-01-01 00:00:00.000006210,-0.068398
1970-01-01 00:00:00.000006211,-0.068886
1970-01-01 00:00:00.000006212,-0.069352
1970-01-01 00:00:00.000006213,-0.069814
1970-01-01 00:00:00.000006214,-0.070278
1970-01-01 00:00:00.000006215,-0.070764
1970-01-01 00:00:00.000006216,-0.071208
1970-01-01 00:00:00.000006217,-0.071682
1970-01-01 00:00:00.000006218,-0.072207
1970-01-01 00:00:00.000006219,-0.072813
1970-01-01 00:00:00.000006220,-0.073526
1970-01-01 00:00:00.000006221,-0.0743409999999999
1970-01-01 00:00:00.000006222,-0.075074
1970-01-01 00:00:00.000006223,-0.075662
1970-01-01 00:00:00.000006224,-0.076082
1970-01-01 00:00:00.000006225,-0.07637
1970-01-01 00:00:00.000006226,-0.076489
1970-01-01 00:00:00.000006227,-0.07647
1970-01-01 00:00:00.000006228,-0.076383
1970-01-01 00:00:00.000006229,-0.07628
1970-01-01 00:00:00.000006230,-0.076289
1970-01-01 00:00:00.000006231,-0.076427
1970-01-01 00:00:00.000006232,-0.076708
1970-01-01 00:00:00.000006233,-0.077042
1970-01-01 00:00:00.000006234,-0.077305
1970-01-01 00:00:00.000006235,-0.077436
1970-01-01 00:00:00.000006236,-0.0775
1970-01-01 00:00:00.000006237,-0.077535
1970-01-01 00:00:00.000006238,-0.07755
1970-01-01 00:00:00.000006239,-0.0774909999999999
1970-01-01 00:00:00.000006240,-0.0773399999999999
1970-01-01 00:00:00.000006241,-0.077211
1970-01-01 00:00:00.000006242,-0.077083
1970-01-01 00:00:00.000006243,-0.076883
1970-01-01 00:00:00.000006244,-0.076668
1970-01-01 00:00:00.000006245,-0.076417
1970-01-01 00:00:00.000006246,-0.076094
1970-01-01 00:00:00.000006247,-0.07575
1970-01-01 00:00:00.000006248,-0.075451
1970-01-01 00:00:00.000006249,-0.075213
1970-01-01 00:00:00.000006250,-0.075035
1970-01-01 00:00:00.000006251,-0.074865
1970-01-01 00:00:00.000006252,-0.074725
1970-01-01 00:00:00.000006253,-0.074744
1970-01-01 00:00:00.000006254,-0.07497
1970-01-01 00:00:00.000006255,-0.0753
1970-01-01 00:00:00.000006256,-0.075627
1970-01-01 00:00:00.000006257,-0.0758679999999999
1970-01-01 00:00:00.000006258,-0.076116
1970-01-01 00:00:00.000006259,-0.076441
1970-01-01 00:00:00.000006260,-0.0767299999999999
1970-01-01 00:00:00.000006261,-0.076983
1970-01-01 00:00:00.000006262,-0.07737
1970-01-01 00:00:00.000006263,-0.077834
1970-01-01 00:00:00.000006264,-0.078317
1970-01-01 00:00:00.000006265,-0.078695
1970-01-01 00:00:00.000006266,-0.079053
1970-01-01 00:00:00.000006267,-0.079458
1970-01-01 00:00:00.000006268,-0.0798059999999999
1970-01-01 00:00:00.000006269,-0.080045
1970-01-01 00:00:00.000006270,-0.080242
1970-01-01 00:00:00.000006271,-0.080408
1970-01-01 00:00:00.000006272,-0.080555
1970-01-01 00:00:00.000006273,-0.080617
1970-01-01 00:00:00.000006274,-0.080645
1970-01-01 00:00:00.000006275,-0.080679
1970-01-01 00:00:00.000006276,-0.080592
1970-01-01 00:00:00.000006277,-0.080438
1970-01-01 00:00:00.000006278,-0.080346
1970-01-01 00:00:00.000006279,-0.0802269999999999
1970-01-01 00:00:00.000006280,-0.080151
1970-01-01 00:00:00.000006281,-0.080203
1970-01-01 00:00:00.000006282,-0.080209
1970-01-01 00:00:00.000006283,-0.080261
1970-01-01 00:00:00.000006284,-0.08034
1970-01-01 00:00:00.000006285,-0.080546
1970-01-01 00:00:00.000006286,-0.080861
1970-01-01 00:00:00.000006287,-0.081157
1970-01-01 00:00:00.000006288,-0.081303
1970-01-01 00:00:00.000006289,-0.081383
1970-01-01 00:00:00.000006290,-0.081514
1970-01-01 00:00:00.000006291,-0.08161
1970-01-01 00:00:00.000006292,-0.081694
1970-01-01 00:00:00.000006293,-0.081716
1970-01-01 00:00:00.000006294,-0.081691
1970-01-01 00:00:00.000006295,-0.0816279999999999
1970-01-01 00:00:00.000006296,-0.081574
1970-01-01 00:00:00.000006297,-0.081462
1970-01-01 00:00:00.000006298,-0.081389
1970-01-01 00:00:00.000006299,-0.081323
1970-01-01 00:00:00.000006300,-0.081294
1970-01-01 00:00:00.000006301,-0.081237
1970-01-01 00:00:00.000006302,-0.081133
1970-01-01 00:00:00.000006303,-0.080973
1970-01-01 00:00:00.000006304,-0.0807659999999999
1970-01-01 00:00:00.000006305,-0.0805879999999999
1970-01-01 00:00:00.000006306,-0.080472
1970-01-01 00:00:00.000006307,-0.080472
1970-01-01 00:00:00.000006308,-0.0805289999999999
1970-01-01 00:00:00.000006309,-0.080541
1970-01-01 00:00:00.000006310,-0.080539
1970-01-01 00:00:00.000006311,-0.080485
1970-01-01 00:00:00.000006312,-0.080332
1970-01-01 00:00:00.000006313,-0.080144
1970-01-01 00:00:00.000006314,-0.079975
1970-01-01 00:00:00.000006315,-0.07984
1970-01-01 00:00:00.000006316,-0.079682
1970-01-01 00:00:00.000006317,-0.079467
1970-01-01 00:00:00.000006318,-0.079204
1970-01-01 00:00:00.000006319,-0.078916
1970-01-01 00:00:00.000006320,-0.07865
1970-01-01 00:00:00.000006321,-0.0783659999999999
1970-01-01 00:00:00.000006322,-0.078106
1970-01-01 00:00:00.000006323,-0.077869
1970-01-01 00:00:00.000006324,-0.077613
1970-01-01 00:00:00.000006325,-0.077385
1970-01-01 00:00:00.000006326,-0.0772
1970-01-01 00:00:00.000006327,-0.077064
1970-01-01 00:00:00.000006328,-0.076986
1970-01-01 00:00:00.000006329,-0.076986
1970-01-01 00:00:00.000006330,-0.077016
1970-01-01 00:00:00.000006331,-0.077083
1970-01-01 00:00:00.000006332,-0.077087
1970-01-01 00:00:00.000006333,-0.077102
1970-01-01 00:00:00.000006334,-0.077139
1970-01-01 00:00:00.000006335,-0.077237
1970-01-01 00:00:00.000006336,-0.077289
1970-01-01 00:00:00.000006337,-0.077303
1970-01-01 00:00:00.000006338,-0.077348
1970-01-01 00:00:00.000006339,-0.077386
1970-01-01 00:00:00.000006340,-0.077466
1970-01-01 00:00:00.000006341,-0.077486
1970-01-01 00:00:00.000006342,-0.077454
1970-01-01 00:00:00.000006343,-0.077396
1970-01-01 00:00:00.000006344,-0.07735
1970-01-01 00:00:00.000006345,-0.077335
1970-01-01 00:00:00.000006346,-0.077258
1970-01-01 00:00:00.000006347,-0.077169
1970-01-01 00:00:00.000006348,-0.077059
1970-01-01 00:00:00.000006349,-0.076967
1970-01-01 00:00:00.000006350,-0.076905
1970-01-01 00:00:00.000006351,-0.076798
1970-01-01 00:00:00.000006352,-0.076671
1970-01-01 00:00:00.000006353,-0.076547
1970-01-01 00:00:00.000006354,-0.076443
1970-01-01 00:00:00.000006355,-0.076409
1970-01-01 00:00:00.000006356,-0.07646
1970-01-01 00:00:00.000006357,-0.0766309999999999
1970-01-01 00:00:00.000006358,-0.076903
1970-01-01 00:00:00.000006359,-0.077213
1970-01-01 00:00:00.000006360,-0.077488
1970-01-01 00:00:00.000006361,-0.077699
1970-01-01 00:00:00.000006362,-0.077845
1970-01-01 00:00:00.000006363,-0.077935
1970-01-01 00:00:00.000006364,-0.077929
1970-01-01 00:00:00.000006365,-0.077849
1970-01-01 00:00:00.000006366,-0.0777429999999999
1970-01-01 00:00:00.000006367,-0.077592
1970-01-01 00:00:00.000006368,-0.077517
1970-01-01 00:00:00.000006369,-0.0774929999999999
1970-01-01 00:00:00.000006370,-0.07749
1970-01-01 00:00:00.000006371,-0.077463
1970-01-01 00:00:00.000006372,-0.077458
1970-01-01 00:00:00.000006373,-0.077461
1970-01-01 00:00:00.000006374,-0.077494
1970-01-01 00:00:00.000006375,-0.077553
1970-01-01 00:00:00.000006376,-0.077691
1970-01-01 00:00:00.000006377,-0.077846
1970-01-01 00:00:00.000006378,-0.077976
1970-01-01 00:00:00.000006379,-0.078059
1970-01-01 00:00:00.000006380,-0.077981
1970-01-01 00:00:00.000006381,-0.0777559999999999
1970-01-01 00:00:00.000006382,-0.07752
1970-01-01 00:00:00.000006383,-0.077251
1970-01-01 00:00:00.000006384,-0.077012
1970-01-01 00:00:00.000006385,-0.0768799999999999
1970-01-01 00:00:00.000006386,-0.0768679999999999
1970-01-01 00:00:00.000006387,-0.076998
1970-01-01 00:00:00.000006388,-0.077335
1970-01-01 00:00:00.000006389,-0.077849
1970-01-01 00:00:00.000006390,-0.078369
1970-01-01 00:00:00.000006391,-0.078757
1970-01-01 00:00:00.000006392,-0.079002
1970-01-01 00:00:00.000006393,-0.079113
1970-01-01 00:00:00.000006394,-0.079288
1970-01-01 00:00:00.000006395,-0.079502
1970-01-01 00:00:00.000006396,-0.079765
1970-01-01 00:00:00.000006397,-0.0801289999999999
1970-01-01 00:00:00.000006398,-0.08054
1970-01-01 00:00:00.000006399,-0.080982
1970-01-01 00:00:00.000006400,-0.081514
1970-01-01 00:00:00.000006401,-0.082218
1970-01-01 00:00:00.000006402,-0.083035
1970-01-01 00:00:00.000006403,-0.083865
1970-01-01 00:00:00.000006404,-0.084643
1970-01-01 00:00:00.000006405,-0.085351
1970-01-01 00:00:00.000006406,-0.085964
1970-01-01 00:00:00.000006407,-0.0864279999999999
1970-01-01 00:00:00.000006408,-0.086695
1970-01-01 00:00:00.000006409,-0.086825
1970-01-01 00:00:00.000006410,-0.08694
1970-01-01 00:00:00.000006411,-0.0870659999999999
1970-01-01 00:00:00.000006412,-0.0872059999999999
1970-01-01 00:00:00.000006413,-0.087375
1970-01-01 00:00:00.000006414,-0.087572
1970-01-01 00:00:00.000006415,-0.087794
1970-01-01 00:00:00.000006416,-0.088073
1970-01-01 00:00:00.000006417,-0.088403
1970-01-01 00:00:00.000006418,-0.0886049999999999
1970-01-01 00:00:00.000006419,-0.088771
1970-01-01 00:00:00.000006420,-0.088925
1970-01-01 00:00:00.000006421,-0.088974
1970-01-01 00:00:00.000006422,-0.088777
1970-01-01 00:00:00.000006423,-0.088463
1970-01-01 00:00:00.000006424,-0.088096
1970-01-01 00:00:00.000006425,-0.087682
1970-01-01 00:00:00.000006426,-0.087133
1970-01-01 00:00:00.000006427,-0.086506
1970-01-01 00:00:00.000006428,-0.085889
1970-01-01 00:00:00.000006429,-0.08527
1970-01-01 00:00:00.000006430,-0.084625
1970-01-01 00:00:00.000006431,-0.083927
1970-01-01 00:00:00.000006432,-0.08326
1970-01-01 00:00:00.000006433,-0.082731
1970-01-01 00:00:00.000006434,-0.082245
1970-01-01 00:00:00.000006435,-0.081749
1970-01-01 00:00:00.000006436,-0.081259
1970-01-01 00:00:00.000006437,-0.080747
1970-01-01 00:00:00.000006438,-0.08016
1970-01-01 00:00:00.000006439,-0.079687
1970-01-01 00:00:00.000006440,-0.07922
1970-01-01 00:00:00.000006441,-0.078647
1970-01-01 00:00:00.000006442,-0.078123
1970-01-01 00:00:00.000006443,-0.0777149999999999
1970-01-01 00:00:00.000006444,-0.077328
1970-01-01 00:00:00.000006445,-0.076994
1970-01-01 00:00:00.000006446,-0.076758
1970-01-01 00:00:00.000006447,-0.076615
1970-01-01 00:00:00.000006448,-0.076524
1970-01-01 00:00:00.000006449,-0.076504
1970-01-01 00:00:00.000006450,-0.076585
1970-01-01 00:00:00.000006451,-0.076795
1970-01-01 00:00:00.000006452,-0.077101
1970-01-01 00:00:00.000006453,-0.077434
1970-01-01 00:00:00.000006454,-0.077776
1970-01-01 00:00:00.000006455,-0.078084
1970-01-01 00:00:00.000006456,-0.078435
1970-01-01 00:00:00.000006457,-0.078774
1970-01-01 00:00:00.000006458,-0.079099
1970-01-01 00:00:00.000006459,-0.079357
1970-01-01 00:00:00.000006460,-0.079603
1970-01-01 00:00:00.000006461,-0.079937
1970-01-01 00:00:00.000006462,-0.0802539999999999
1970-01-01 00:00:00.000006463,-0.080501
1970-01-01 00:00:00.000006464,-0.080699
1970-01-01 00:00:00.000006465,-0.080831
1970-01-01 00:00:00.000006466,-0.08087
1970-01-01 00:00:00.000006467,-0.080866
1970-01-01 00:00:00.000006468,-0.080845
1970-01-01 00:00:00.000006469,-0.080908
1970-01-01 00:00:00.000006470,-0.081013
1970-01-01 00:00:00.000006471,-0.081146
1970-01-01 00:00:00.000006472,-0.081299
1970-01-01 00:00:00.000006473,-0.081423
1970-01-01 00:00:00.000006474,-0.081438
1970-01-01 00:00:00.000006475,-0.081434
1970-01-01 00:00:00.000006476,-0.081458
1970-01-01 00:00:00.000006477,-0.081507
1970-01-01 00:00:00.000006478,-0.081627
1970-01-01 00:00:00.000006479,-0.081776
1970-01-01 00:00:00.000006480,-0.0818779999999999
1970-01-01 00:00:00.000006481,-0.081911
1970-01-01 00:00:00.000006482,-0.081898
1970-01-01 00:00:00.000006483,-0.081839
1970-01-01 00:00:00.000006484,-0.081711
1970-01-01 00:00:00.000006485,-0.081625
1970-01-01 00:00:00.000006486,-0.081527
1970-01-01 00:00:00.000006487,-0.081386
1970-01-01 00:00:00.000006488,-0.081208
1970-01-01 00:00:00.000006489,-0.081005
1970-01-01 00:00:00.000006490,-0.080813
1970-01-01 00:00:00.000006491,-0.080719
1970-01-01 00:00:00.000006492,-0.080659
1970-01-01 00:00:00.000006493,-0.0806419999999999
1970-01-01 00:00:00.000006494,-0.08066
1970-01-01 00:00:00.000006495,-0.080735
1970-01-01 00:00:00.000006496,-0.080818
1970-01-01 00:00:00.000006497,-0.080858
1970-01-01 00:00:00.000006498,-0.0808919999999999
1970-01-01 00:00:00.000006499,-0.08096
1970-01-01 00:00:00.000006500,-0.081039
1970-01-01 00:00:00.000006501,-0.081047
1970-01-01 00:00:00.000006502,-0.080994
1970-01-01 00:00:00.000006503,-0.080968
1970-01-01 00:00:00.000006504,-0.080877
1970-01-01 00:00:00.000006505,-0.08059
1970-01-01 00:00:00.000006506,-0.080124
1970-01-01 00:00:00.000006507,-0.079647
1970-01-01 00:00:00.000006508,-0.0793649999999999
1970-01-01 00:00:00.000006509,-0.079223
1970-01-01 00:00:00.000006510,-0.079128
1970-01-01 00:00:00.000006511,-0.079064
1970-01-01 00:00:00.000006512,-0.078911
1970-01-01 00:00:00.000006513,-0.078694
1970-01-01 00:00:00.000006514,-0.078606
1970-01-01 00:00:00.000006515,-0.078752
1970-01-01 00:00:00.000006516,-0.079033
1970-01-01 00:00:00.000006517,-0.079384
1970-01-01 00:00:00.000006518,-0.0797809999999999
1970-01-01 00:00:00.000006519,-0.08017
1970-01-01 00:00:00.000006520,-0.080506
1970-01-01 00:00:00.000006521,-0.08076
1970-01-01 00:00:00.000006522,-0.080921
1970-01-01 00:00:00.000006523,-0.08106
1970-01-01 00:00:00.000006524,-0.08116
1970-01-01 00:00:00.000006525,-0.081118
1970-01-01 00:00:00.000006526,-0.080994
1970-01-01 00:00:00.000006527,-0.080772
1970-01-01 00:00:00.000006528,-0.080413
1970-01-01 00:00:00.000006529,-0.080082
1970-01-01 00:00:00.000006530,-0.079792
1970-01-01 00:00:00.000006531,-0.079589
1970-01-01 00:00:00.000006532,-0.0794769999999999
1970-01-01 00:00:00.000006533,-0.079471
1970-01-01 00:00:00.000006534,-0.079584
1970-01-01 00:00:00.000006535,-0.079851
1970-01-01 00:00:00.000006536,-0.080298
1970-01-01 00:00:00.000006537,-0.080836
1970-01-01 00:00:00.000006538,-0.081438
1970-01-01 00:00:00.000006539,-0.081991
1970-01-01 00:00:00.000006540,-0.082425
1970-01-01 00:00:00.000006541,-0.082729
1970-01-01 00:00:00.000006542,-0.08288
1970-01-01 00:00:00.000006543,-0.082962
1970-01-01 00:00:00.000006544,-0.082966
1970-01-01 00:00:00.000006545,-0.0829
1970-01-01 00:00:00.000006546,-0.082715
1970-01-01 00:00:00.000006547,-0.082495
1970-01-01 00:00:00.000006548,-0.0822929999999999
1970-01-01 00:00:00.000006549,-0.082299
1970-01-01 00:00:00.000006550,-0.082505
1970-01-01 00:00:00.000006551,-0.082834
1970-01-01 00:00:00.000006552,-0.083259
1970-01-01 00:00:00.000006553,-0.083725
1970-01-01 00:00:00.000006554,-0.084228
1970-01-01 00:00:00.000006555,-0.084785
1970-01-01 00:00:00.000006556,-0.085376
1970-01-01 00:00:00.000006557,-0.086019
1970-01-01 00:00:00.000006558,-0.086673
1970-01-01 00:00:00.000006559,-0.08737
1970-01-01 00:00:00.000006560,-0.088121
1970-01-01 00:00:00.000006561,-0.088799
1970-01-01 00:00:00.000006562,-0.089357
1970-01-01 00:00:00.000006563,-0.0898679999999999
1970-01-01 00:00:00.000006564,-0.090289
1970-01-01 00:00:00.000006565,-0.090696
1970-01-01 00:00:00.000006566,-0.090942
1970-01-01 00:00:00.000006567,-0.091135
1970-01-01 00:00:00.000006568,-0.09133
1970-01-01 00:00:00.000006569,-0.091565
1970-01-01 00:00:00.000006570,-0.091847
1970-01-01 00:00:00.000006571,-0.092133
1970-01-01 00:00:00.000006572,-0.092345
1970-01-01 00:00:00.000006573,-0.092512
1970-01-01 00:00:00.000006574,-0.092652
1970-01-01 00:00:00.000006575,-0.092818
1970-01-01 00:00:00.000006576,-0.092951
1970-01-01 00:00:00.000006577,-0.093008
1970-01-01 00:00:00.000006578,-0.0929919999999999
1970-01-01 00:00:00.000006579,-0.092899
1970-01-01 00:00:00.000006580,-0.092807
1970-01-01 00:00:00.000006581,-0.092773
1970-01-01 00:00:00.000006582,-0.092818
1970-01-01 00:00:00.000006583,-0.0928539999999999
1970-01-01 00:00:00.000006584,-0.092865
1970-01-01 00:00:00.000006585,-0.092812
1970-01-01 00:00:00.000006586,-0.092751
1970-01-01 00:00:00.000006587,-0.092691
1970-01-01 00:00:00.000006588,-0.092697
1970-01-01 00:00:00.000006589,-0.092763
1970-01-01 00:00:00.000006590,-0.092966
1970-01-01 00:00:00.000006591,-0.093309
1970-01-01 00:00:00.000006592,-0.09373
1970-01-01 00:00:00.000006593,-0.094202
1970-01-01 00:00:00.000006594,-0.094641
1970-01-01 00:00:00.000006595,-0.094932
1970-01-01 00:00:00.000006596,-0.0951
1970-01-01 00:00:00.000006597,-0.095145
1970-01-01 00:00:00.000006598,-0.095097
1970-01-01 00:00:00.000006599,-0.095049
1970-01-01 00:00:00.000006600,-0.094971
1970-01-01 00:00:00.000006601,-0.094834
1970-01-01 00:00:00.000006602,-0.094693
1970-01-01 00:00:00.000006603,-0.09446
1970-01-01 00:00:00.000006604,-0.094211
1970-01-01 00:00:00.000006605,-0.094039
1970-01-01 00:00:00.000006606,-0.093821
1970-01-01 00:00:00.000006607,-0.093511
1970-01-01 00:00:00.000006608,-0.093194
1970-01-01 00:00:00.000006609,-0.092821
1970-01-01 00:00:00.000006610,-0.09243
1970-01-01 00:00:00.000006611,-0.0920909999999999
1970-01-01 00:00:00.000006612,-0.091686
1970-01-01 00:00:00.000006613,-0.091093
1970-01-01 00:00:00.000006614,-0.090351
1970-01-01 00:00:00.000006615,-0.089445
1970-01-01 00:00:00.000006616,-0.088496
1970-01-01 00:00:00.000006617,-0.087608
1970-01-01 00:00:00.000006618,-0.086931
1970-01-01 00:00:00.000006619,-0.086467
1970-01-01 00:00:00.000006620,-0.08606
1970-01-01 00:00:00.000006621,-0.085681
1970-01-01 00:00:00.000006622,-0.085365
1970-01-01 00:00:00.000006623,-0.085121
1970-01-01 00:00:00.000006624,-0.085045
1970-01-01 00:00:00.000006625,-0.0851799999999999
1970-01-01 00:00:00.000006626,-0.085328
1970-01-01 00:00:00.000006627,-0.085458
1970-01-01 00:00:00.000006628,-0.085622
1970-01-01 00:00:00.000006629,-0.085743
1970-01-01 00:00:00.000006630,-0.085811
1970-01-01 00:00:00.000006631,-0.085838
1970-01-01 00:00:00.000006632,-0.085828
1970-01-01 00:00:00.000006633,-0.0857049999999999
1970-01-01 00:00:00.000006634,-0.0855809999999999
1970-01-01 00:00:00.000006635,-0.08547
1970-01-01 00:00:00.000006636,-0.085376
1970-01-01 00:00:00.000006637,-0.085297
1970-01-01 00:00:00.000006638,-0.085127
1970-01-01 00:00:00.000006639,-0.0849429999999999
1970-01-01 00:00:00.000006640,-0.084742
1970-01-01 00:00:00.000006641,-0.0845669999999999
1970-01-01 00:00:00.000006642,-0.084385
1970-01-01 00:00:00.000006643,-0.084222
1970-01-01 00:00:00.000006644,-0.084011
1970-01-01 00:00:00.000006645,-0.083822
1970-01-01 00:00:00.000006646,-0.083663
1970-01-01 00:00:00.000006647,-0.083552
1970-01-01 00:00:00.000006648,-0.083427
1970-01-01 00:00:00.000006649,-0.083273
1970-01-01 00:00:00.000006650,-0.083096
1970-01-01 00:00:00.000006651,-0.082921
1970-01-01 00:00:00.000006652,-0.082724
1970-01-01 00:00:00.000006653,-0.082609
1970-01-01 00:00:00.000006654,-0.0825289999999999
1970-01-01 00:00:00.000006655,-0.082437
1970-01-01 00:00:00.000006656,-0.0822919999999999
1970-01-01 00:00:00.000006657,-0.082144
1970-01-01 00:00:00.000006658,-0.08195
1970-01-01 00:00:00.000006659,-0.081732
1970-01-01 00:00:00.000006660,-0.081479
1970-01-01 00:00:00.000006661,-0.081224
1970-01-01 00:00:00.000006662,-0.080995
1970-01-01 00:00:00.000006663,-0.080741
1970-01-01 00:00:00.000006664,-0.080473
1970-01-01 00:00:00.000006665,-0.080237
1970-01-01 00:00:00.000006666,-0.080082
1970-01-01 00:00:00.000006667,-0.080034
1970-01-01 00:00:00.000006668,-0.079981
1970-01-01 00:00:00.000006669,-0.079926
1970-01-01 00:00:00.000006670,-0.079935
1970-01-01 00:00:00.000006671,-0.080029
1970-01-01 00:00:00.000006672,-0.080176
1970-01-01 00:00:00.000006673,-0.08035
1970-01-01 00:00:00.000006674,-0.080636
1970-01-01 00:00:00.000006675,-0.081007
1970-01-01 00:00:00.000006676,-0.0814169999999999
1970-01-01 00:00:00.000006677,-0.08189
1970-01-01 00:00:00.000006678,-0.0823779999999999
1970-01-01 00:00:00.000006679,-0.082852
1970-01-01 00:00:00.000006680,-0.083229
1970-01-01 00:00:00.000006681,-0.08349
1970-01-01 00:00:00.000006682,-0.083614
1970-01-01 00:00:00.000006683,-0.0836269999999999
1970-01-01 00:00:00.000006684,-0.083578
1970-01-01 00:00:00.000006685,-0.08349
1970-01-01 00:00:00.000006686,-0.083434
1970-01-01 00:00:00.000006687,-0.08338
1970-01-01 00:00:00.000006688,-0.083285
1970-01-01 00:00:00.000006689,-0.083212
1970-01-01 00:00:00.000006690,-0.083074
1970-01-01 00:00:00.000006691,-0.08285
1970-01-01 00:00:00.000006692,-0.08266
1970-01-01 00:00:00.000006693,-0.082453
1970-01-01 00:00:00.000006694,-0.082175
1970-01-01 00:00:00.000006695,-0.081953
1970-01-01 00:00:00.000006696,-0.081834
1970-01-01 00:00:00.000006697,-0.081826
1970-01-01 00:00:00.000006698,-0.081887
1970-01-01 00:00:00.000006699,-0.081934
1970-01-01 00:00:00.000006700,-0.081883
1970-01-01 00:00:00.000006701,-0.0817809999999999
1970-01-01 00:00:00.000006702,-0.081651
1970-01-01 00:00:00.000006703,-0.081466
1970-01-01 00:00:00.000006704,-0.081336
1970-01-01 00:00:00.000006705,-0.081222
1970-01-01 00:00:00.000006706,-0.081209
1970-01-01 00:00:00.000006707,-0.081159
1970-01-01 00:00:00.000006708,-0.081114
1970-01-01 00:00:00.000006709,-0.081146
1970-01-01 00:00:00.000006710,-0.081211
1970-01-01 00:00:00.000006711,-0.081298
1970-01-01 00:00:00.000006712,-0.08146
1970-01-01 00:00:00.000006713,-0.0817
1970-01-01 00:00:00.000006714,-0.081984
1970-01-01 00:00:00.000006715,-0.0823909999999999
1970-01-01 00:00:00.000006716,-0.082683
1970-01-01 00:00:00.000006717,-0.082881
1970-01-01 00:00:00.000006718,-0.083165
1970-01-01 00:00:00.000006719,-0.083396
1970-01-01 00:00:00.000006720,-0.083585
1970-01-01 00:00:00.000006721,-0.08379
1970-01-01 00:00:00.000006722,-0.084063
1970-01-01 00:00:00.000006723,-0.084303
1970-01-01 00:00:00.000006724,-0.084589
1970-01-01 00:00:00.000006725,-0.084938
1970-01-01 00:00:00.000006726,-0.085279
1970-01-01 00:00:00.000006727,-0.085625
1970-01-01 00:00:00.000006728,-0.085959
1970-01-01 00:00:00.000006729,-0.08631
1970-01-01 00:00:00.000006730,-0.086564
1970-01-01 00:00:00.000006731,-0.08672
1970-01-01 00:00:00.000006732,-0.086752
1970-01-01 00:00:00.000006733,-0.086722
1970-01-01 00:00:00.000006734,-0.086596
1970-01-01 00:00:00.000006735,-0.086382
1970-01-01 00:00:00.000006736,-0.086116
1970-01-01 00:00:00.000006737,-0.085816
1970-01-01 00:00:00.000006738,-0.085535
1970-01-01 00:00:00.000006739,-0.085259
1970-01-01 00:00:00.000006740,-0.085083
1970-01-01 00:00:00.000006741,-0.084934
1970-01-01 00:00:00.000006742,-0.0847909999999999
1970-01-01 00:00:00.000006743,-0.084733
1970-01-01 00:00:00.000006744,-0.084715
1970-01-01 00:00:00.000006745,-0.084609
1970-01-01 00:00:00.000006746,-0.084414
1970-01-01 00:00:00.000006747,-0.084173
1970-01-01 00:00:00.000006748,-0.0839299999999999
1970-01-01 00:00:00.000006749,-0.083743
1970-01-01 00:00:00.000006750,-0.083657
1970-01-01 00:00:00.000006751,-0.083611
1970-01-01 00:00:00.000006752,-0.083537
1970-01-01 00:00:00.000006753,-0.08341
1970-01-01 00:00:00.000006754,-0.083312
1970-01-01 00:00:00.000006755,-0.083267
1970-01-01 00:00:00.000006756,-0.0832909999999999
1970-01-01 00:00:00.000006757,-0.083407
1970-01-01 00:00:00.000006758,-0.083526
1970-01-01 00:00:00.000006759,-0.083658
1970-01-01 00:00:00.000006760,-0.083849
1970-01-01 00:00:00.000006761,-0.084062
1970-01-01 00:00:00.000006762,-0.084366
1970-01-01 00:00:00.000006763,-0.084712
1970-01-01 00:00:00.000006764,-0.085019
1970-01-01 00:00:00.000006765,-0.085275
1970-01-01 00:00:00.000006766,-0.085449
1970-01-01 00:00:00.000006767,-0.085569
1970-01-01 00:00:00.000006768,-0.085721
1970-01-01 00:00:00.000006769,-0.085901
1970-01-01 00:00:00.000006770,-0.086025
1970-01-01 00:00:00.000006771,-0.08613
1970-01-01 00:00:00.000006772,-0.086188
1970-01-01 00:00:00.000006773,-0.086268
1970-01-01 00:00:00.000006774,-0.086302
1970-01-01 00:00:00.000006775,-0.086275
1970-01-01 00:00:00.000006776,-0.086241
1970-01-01 00:00:00.000006777,-0.086183
1970-01-01 00:00:00.000006778,-0.086121
1970-01-01 00:00:00.000006779,-0.086065
1970-01-01 00:00:00.000006780,-0.0859809999999999
1970-01-01 00:00:00.000006781,-0.085859
1970-01-01 00:00:00.000006782,-0.08577
1970-01-01 00:00:00.000006783,-0.0856519999999999
1970-01-01 00:00:00.000006784,-0.085466
1970-01-01 00:00:00.000006785,-0.085316
1970-01-01 00:00:00.000006786,-0.085177
1970-01-01 00:00:00.000006787,-0.08514
1970-01-01 00:00:00.000006788,-0.085178
1970-01-01 00:00:00.000006789,-0.085245
1970-01-01 00:00:00.000006790,-0.085296
1970-01-01 00:00:00.000006791,-0.085369
1970-01-01 00:00:00.000006792,-0.0854429999999999
1970-01-01 00:00:00.000006793,-0.085506
1970-01-01 00:00:00.000006794,-0.085572
1970-01-01 00:00:00.000006795,-0.085654
1970-01-01 00:00:00.000006796,-0.085752
1970-01-01 00:00:00.000006797,-0.085801
1970-01-01 00:00:00.000006798,-0.085787
1970-01-01 00:00:00.000006799,-0.085741
1970-01-01 00:00:00.000006800,-0.0856519999999999
1970-01-01 00:00:00.000006801,-0.0855549999999999
1970-01-01 00:00:00.000006802,-0.085466
1970-01-01 00:00:00.000006803,-0.085347
1970-01-01 00:00:00.000006804,-0.085219
1970-01-01 00:00:00.000006805,-0.085202
1970-01-01 00:00:00.000006806,-0.085213
1970-01-01 00:00:00.000006807,-0.085176
1970-01-01 00:00:00.000006808,-0.085145
1970-01-01 00:00:00.000006809,-0.085066
1970-01-01 00:00:00.000006810,-0.084945
1970-01-01 00:00:00.000006811,-0.084801
1970-01-01 00:00:00.000006812,-0.084662
1970-01-01 00:00:00.000006813,-0.084508
1970-01-01 00:00:00.000006814,-0.084394
1970-01-01 00:00:00.000006815,-0.0843309999999999
1970-01-01 00:00:00.000006816,-0.084332
1970-01-01 00:00:00.000006817,-0.0844289999999999
1970-01-01 00:00:00.000006818,-0.084561
1970-01-01 00:00:00.000006819,-0.0847059999999999
1970-01-01 00:00:00.000006820,-0.084867
1970-01-01 00:00:00.000006821,-0.084983
1970-01-01 00:00:00.000006822,-0.085108
1970-01-01 00:00:00.000006823,-0.085269
1970-01-01 00:00:00.000006824,-0.085391
1970-01-01 00:00:00.000006825,-0.085484
1970-01-01 00:00:00.000006826,-0.085556
1970-01-01 00:00:00.000006827,-0.085574
1970-01-01 00:00:00.000006828,-0.085566
1970-01-01 00:00:00.000006829,-0.085623
1970-01-01 00:00:00.000006830,-0.085742
1970-01-01 00:00:00.000006831,-0.085935
1970-01-01 00:00:00.000006832,-0.086103
1970-01-01 00:00:00.000006833,-0.086158
1970-01-01 00:00:00.000006834,-0.08609
1970-01-01 00:00:00.000006835,-0.086025
1970-01-01 00:00:00.000006836,-0.086058
1970-01-01 00:00:00.000006837,-0.086115
1970-01-01 00:00:00.000006838,-0.086271
1970-01-01 00:00:00.000006839,-0.086311
1970-01-01 00:00:00.000006840,-0.086237
1970-01-01 00:00:00.000006841,-0.08611
1970-01-01 00:00:00.000006842,-0.086017
1970-01-01 00:00:00.000006843,-0.085927
1970-01-01 00:00:00.000006844,-0.0858179999999999
1970-01-01 00:00:00.000006845,-0.085623
1970-01-01 00:00:00.000006846,-0.085345
1970-01-01 00:00:00.000006847,-0.085136
1970-01-01 00:00:00.000006848,-0.084919
1970-01-01 00:00:00.000006849,-0.084724
1970-01-01 00:00:00.000006850,-0.084608
1970-01-01 00:00:00.000006851,-0.084523
1970-01-01 00:00:00.000006852,-0.084483
1970-01-01 00:00:00.000006853,-0.084507
1970-01-01 00:00:00.000006854,-0.0845799999999999
1970-01-01 00:00:00.000006855,-0.0845539999999999
1970-01-01 00:00:00.000006856,-0.084478
1970-01-01 00:00:00.000006857,-0.084333
1970-01-01 00:00:00.000006858,-0.0841539999999999
1970-01-01 00:00:00.000006859,-0.084027
1970-01-01 00:00:00.000006860,-0.083922
1970-01-01 00:00:00.000006861,-0.083826
1970-01-01 00:00:00.000006862,-0.083747
1970-01-01 00:00:00.000006863,-0.083622
1970-01-01 00:00:00.000006864,-0.083451
1970-01-01 00:00:00.000006865,-0.0833
1970-01-01 00:00:00.000006866,-0.083157
1970-01-01 00:00:00.000006867,-0.082948
1970-01-01 00:00:00.000006868,-0.082712
1970-01-01 00:00:00.000006869,-0.082569
1970-01-01 00:00:00.000006870,-0.08257
1970-01-01 00:00:00.000006871,-0.082665
1970-01-01 00:00:00.000006872,-0.082857
1970-01-01 00:00:00.000006873,-0.082985
1970-01-01 00:00:00.000006874,-0.083026
1970-01-01 00:00:00.000006875,-0.083012
1970-01-01 00:00:00.000006876,-0.082947
1970-01-01 00:00:00.000006877,-0.082837
1970-01-01 00:00:00.000006878,-0.082812
1970-01-01 00:00:00.000006879,-0.082924
1970-01-01 00:00:00.000006880,-0.083164
1970-01-01 00:00:00.000006881,-0.083453
1970-01-01 00:00:00.000006882,-0.083733
1970-01-01 00:00:00.000006883,-0.084017
1970-01-01 00:00:00.000006884,-0.084275
1970-01-01 00:00:00.000006885,-0.084447
1970-01-01 00:00:00.000006886,-0.0845419999999999
1970-01-01 00:00:00.000006887,-0.084558
1970-01-01 00:00:00.000006888,-0.084611
1970-01-01 00:00:00.000006889,-0.084726
1970-01-01 00:00:00.000006890,-0.084739
1970-01-01 00:00:00.000006891,-0.084688
1970-01-01 00:00:00.000006892,-0.084587
1970-01-01 00:00:00.000006893,-0.0843899999999999
1970-01-01 00:00:00.000006894,-0.084132
1970-01-01 00:00:00.000006895,-0.083877
1970-01-01 00:00:00.000006896,-0.083564
1970-01-01 00:00:00.000006897,-0.083226
1970-01-01 00:00:00.000006898,-0.0829309999999999
1970-01-01 00:00:00.000006899,-0.082715
1970-01-01 00:00:00.000006900,-0.0825549999999999
1970-01-01 00:00:00.000006901,-0.082487
1970-01-01 00:00:00.000006902,-0.082471
1970-01-01 00:00:00.000006903,-0.08263
1970-01-01 00:00:00.000006904,-0.083116
1970-01-01 00:00:00.000006905,-0.083893
1970-01-01 00:00:00.000006906,-0.084722
1970-01-01 00:00:00.000006907,-0.085353
1970-01-01 00:00:00.000006908,-0.085862
1970-01-01 00:00:00.000006909,-0.086263
1970-01-01 00:00:00.000006910,-0.086373
1970-01-01 00:00:00.000006911,-0.0862899999999999
1970-01-01 00:00:00.000006912,-0.086138
1970-01-01 00:00:00.000006913,-0.086008
1970-01-01 00:00:00.000006914,-0.0859419999999999
1970-01-01 00:00:00.000006915,-0.085822
1970-01-01 00:00:00.000006916,-0.08562
1970-01-01 00:00:00.000006917,-0.085372
1970-01-01 00:00:00.000006918,-0.085195
1970-01-01 00:00:00.000006919,-0.085059
1970-01-01 00:00:00.000006920,-0.084877
1970-01-01 00:00:00.000006921,-0.084646
1970-01-01 00:00:00.000006922,-0.08438
1970-01-01 00:00:00.000006923,-0.084182
1970-01-01 00:00:00.000006924,-0.084066
1970-01-01 00:00:00.000006925,-0.084004
1970-01-01 00:00:00.000006926,-0.083888
1970-01-01 00:00:00.000006927,-0.083622
1970-01-01 00:00:00.000006928,-0.083143
1970-01-01 00:00:00.000006929,-0.082447
1970-01-01 00:00:00.000006930,-0.081715
1970-01-01 00:00:00.000006931,-0.081026
1970-01-01 00:00:00.000006932,-0.080483
1970-01-01 00:00:00.000006933,-0.080112
1970-01-01 00:00:00.000006934,-0.079844
1970-01-01 00:00:00.000006935,-0.079581
1970-01-01 00:00:00.000006936,-0.079262
1970-01-01 00:00:00.000006937,-0.07893
1970-01-01 00:00:00.000006938,-0.078661
1970-01-01 00:00:00.000006939,-0.078494
1970-01-01 00:00:00.000006940,-0.078371
1970-01-01 00:00:00.000006941,-0.07821
1970-01-01 00:00:00.000006942,-0.077996
1970-01-01 00:00:00.000006943,-0.07778
1970-01-01 00:00:00.000006944,-0.077551
1970-01-01 00:00:00.000006945,-0.077333
1970-01-01 00:00:00.000006946,-0.077134
1970-01-01 00:00:00.000006947,-0.076926
1970-01-01 00:00:00.000006948,-0.0766169999999999
1970-01-01 00:00:00.000006949,-0.076286
1970-01-01 00:00:00.000006950,-0.075889
1970-01-01 00:00:00.000006951,-0.075562
1970-01-01 00:00:00.000006952,-0.075348
1970-01-01 00:00:00.000006953,-0.0751759999999999
1970-01-01 00:00:00.000006954,-0.075024
1970-01-01 00:00:00.000006955,-0.074872
1970-01-01 00:00:00.000006956,-0.074714
1970-01-01 00:00:00.000006957,-0.074584
1970-01-01 00:00:00.000006958,-0.074539
1970-01-01 00:00:00.000006959,-0.074562
1970-01-01 00:00:00.000006960,-0.0745789999999999
1970-01-01 00:00:00.000006961,-0.074568
1970-01-01 00:00:00.000006962,-0.074574
1970-01-01 00:00:00.000006963,-0.074557
1970-01-01 00:00:00.000006964,-0.074533
1970-01-01 00:00:00.000006965,-0.074486
1970-01-01 00:00:00.000006966,-0.074415
1970-01-01 00:00:00.000006967,-0.0743549999999999
1970-01-01 00:00:00.000006968,-0.074285
1970-01-01 00:00:00.000006969,-0.07422
1970-01-01 00:00:00.000006970,-0.074135
1970-01-01 00:00:00.000006971,-0.073997
1970-01-01 00:00:00.000006972,-0.073769
1970-01-01 00:00:00.000006973,-0.073541
1970-01-01 00:00:00.000006974,-0.073361
1970-01-01 00:00:00.000006975,-0.0731769999999999
1970-01-01 00:00:00.000006976,-0.072953
1970-01-01 00:00:00.000006977,-0.072732
1970-01-01 00:00:00.000006978,-0.072577
1970-01-01 00:00:00.000006979,-0.072413
1970-01-01 00:00:00.000006980,-0.072219
1970-01-01 00:00:00.000006981,-0.07207
1970-01-01 00:00:00.000006982,-0.0719669999999999
1970-01-01 00:00:00.000006983,-0.071971
1970-01-01 00:00:00.000006984,-0.072117
1970-01-01 00:00:00.000006985,-0.072482
1970-01-01 00:00:00.000006986,-0.073034
1970-01-01 00:00:00.000006987,-0.073625
1970-01-01 00:00:00.000006988,-0.074143
1970-01-01 00:00:00.000006989,-0.074666
1970-01-01 00:00:00.000006990,-0.075127
1970-01-01 00:00:00.000006991,-0.075573
1970-01-01 00:00:00.000006992,-0.075971
1970-01-01 00:00:00.000006993,-0.076305
1970-01-01 00:00:00.000006994,-0.076645
1970-01-01 00:00:00.000006995,-0.076902
1970-01-01 00:00:00.000006996,-0.0770909999999999
1970-01-01 00:00:00.000006997,-0.077278
1970-01-01 00:00:00.000006998,-0.0774929999999999
1970-01-01 00:00:00.000006999,-0.077688
1970-01-01 00:00:00.000007000,-0.077929
1970-01-01 00:00:00.000007001,-0.078173
1970-01-01 00:00:00.000007002,-0.078394
1970-01-01 00:00:00.000007003,-0.0786429999999999
1970-01-01 00:00:00.000007004,-0.07896
1970-01-01 00:00:00.000007005,-0.079258
1970-01-01 00:00:00.000007006,-0.079582
1970-01-01 00:00:00.000007007,-0.079963
1970-01-01 00:00:00.000007008,-0.080271
1970-01-01 00:00:00.000007009,-0.080587
1970-01-01 00:00:00.000007010,-0.080858
1970-01-01 00:00:00.000007011,-0.0811289999999999
1970-01-01 00:00:00.000007012,-0.081395
1970-01-01 00:00:00.000007013,-0.081635
1970-01-01 00:00:00.000007014,-0.081849
1970-01-01 00:00:00.000007015,-0.082047
1970-01-01 00:00:00.000007016,-0.0822529999999999
1970-01-01 00:00:00.000007017,-0.082415
1970-01-01 00:00:00.000007018,-0.082551
1970-01-01 00:00:00.000007019,-0.082631
1970-01-01 00:00:00.000007020,-0.082628
1970-01-01 00:00:00.000007021,-0.082629
1970-01-01 00:00:00.000007022,-0.0826
1970-01-01 00:00:00.000007023,-0.08256
1970-01-01 00:00:00.000007024,-0.082482
1970-01-01 00:00:00.000007025,-0.082362
1970-01-01 00:00:00.000007026,-0.08231
1970-01-01 00:00:00.000007027,-0.0823179999999999
1970-01-01 00:00:00.000007028,-0.082372
1970-01-01 00:00:00.000007029,-0.082445
1970-01-01 00:00:00.000007030,-0.082473
1970-01-01 00:00:00.000007031,-0.082494
1970-01-01 00:00:00.000007032,-0.082476
1970-01-01 00:00:00.000007033,-0.0824169999999999
1970-01-01 00:00:00.000007034,-0.082304
1970-01-01 00:00:00.000007035,-0.082246
1970-01-01 00:00:00.000007036,-0.082231
1970-01-01 00:00:00.000007037,-0.0821929999999999
1970-01-01 00:00:00.000007038,-0.082165
1970-01-01 00:00:00.000007039,-0.082046
1970-01-01 00:00:00.000007040,-0.081896
1970-01-01 00:00:00.000007041,-0.081803
1970-01-01 00:00:00.000007042,-0.0817799999999999
1970-01-01 00:00:00.000007043,-0.081726
1970-01-01 00:00:00.000007044,-0.081646
1970-01-01 00:00:00.000007045,-0.081597
1970-01-01 00:00:00.000007046,-0.081618
1970-01-01 00:00:00.000007047,-0.081821
1970-01-01 00:00:00.000007048,-0.082149
1970-01-01 00:00:00.000007049,-0.0825159999999999
1970-01-01 00:00:00.000007050,-0.082846
1970-01-01 00:00:00.000007051,-0.083072
1970-01-01 00:00:00.000007052,-0.0832789999999999
1970-01-01 00:00:00.000007053,-0.083421
1970-01-01 00:00:00.000007054,-0.083536
1970-01-01 00:00:00.000007055,-0.083674
1970-01-01 00:00:00.000007056,-0.083759
1970-01-01 00:00:00.000007057,-0.083752
1970-01-01 00:00:00.000007058,-0.083721
1970-01-01 00:00:00.000007059,-0.083709
1970-01-01 00:00:00.000007060,-0.083719
1970-01-01 00:00:00.000007061,-0.0836809999999999
1970-01-01 00:00:00.000007062,-0.083576
1970-01-01 00:00:00.000007063,-0.0834039999999999
1970-01-01 00:00:00.000007064,-0.083236
1970-01-01 00:00:00.000007065,-0.0830159999999999
1970-01-01 00:00:00.000007066,-0.082811
1970-01-01 00:00:00.000007067,-0.0825679999999999
1970-01-01 00:00:00.000007068,-0.082238
1970-01-01 00:00:00.000007069,-0.081837
1970-01-01 00:00:00.000007070,-0.081439
1970-01-01 00:00:00.000007071,-0.08097
1970-01-01 00:00:00.000007072,-0.080494
1970-01-01 00:00:00.000007073,-0.079935
1970-01-01 00:00:00.000007074,-0.079314
1970-01-01 00:00:00.000007075,-0.078834
1970-01-01 00:00:00.000007076,-0.0786159999999999
1970-01-01 00:00:00.000007077,-0.078684
1970-01-01 00:00:00.000007078,-0.079057
1970-01-01 00:00:00.000007079,-0.0797529999999999
1970-01-01 00:00:00.000007080,-0.080623
1970-01-01 00:00:00.000007081,-0.081356
1970-01-01 00:00:00.000007082,-0.0819
1970-01-01 00:00:00.000007083,-0.082294
1970-01-01 00:00:00.000007084,-0.082686
1970-01-01 00:00:00.000007085,-0.083176
1970-01-01 00:00:00.000007086,-0.083663
1970-01-01 00:00:00.000007087,-0.08406
1970-01-01 00:00:00.000007088,-0.084398
1970-01-01 00:00:00.000007089,-0.084624
1970-01-01 00:00:00.000007090,-0.084747
1970-01-01 00:00:00.000007091,-0.08489
1970-01-01 00:00:00.000007092,-0.085154
1970-01-01 00:00:00.000007093,-0.085469
1970-01-01 00:00:00.000007094,-0.085671
1970-01-01 00:00:00.000007095,-0.085773
1970-01-01 00:00:00.000007096,-0.085986
1970-01-01 00:00:00.000007097,-0.086354
1970-01-01 00:00:00.000007098,-0.0867769999999999
1970-01-01 00:00:00.000007099,-0.087209
1970-01-01 00:00:00.000007100,-0.087562
1970-01-01 00:00:00.000007101,-0.0878549999999999
1970-01-01 00:00:00.000007102,-0.0881779999999999
1970-01-01 00:00:00.000007103,-0.088542
1970-01-01 00:00:00.000007104,-0.088878
1970-01-01 00:00:00.000007105,-0.089141
1970-01-01 00:00:00.000007106,-0.0892299999999999
1970-01-01 00:00:00.000007107,-0.089134
1970-01-01 00:00:00.000007108,-0.088996
1970-01-01 00:00:00.000007109,-0.088834
1970-01-01 00:00:00.000007110,-0.088703
1970-01-01 00:00:00.000007111,-0.0885929999999999
1970-01-01 00:00:00.000007112,-0.0885919999999999
1970-01-01 00:00:00.000007113,-0.088735
1970-01-01 00:00:00.000007114,-0.088861
1970-01-01 00:00:00.000007115,-0.088882
1970-01-01 00:00:00.000007116,-0.088837
1970-01-01 00:00:00.000007117,-0.08886
1970-01-01 00:00:00.000007118,-0.089124
1970-01-01 00:00:00.000007119,-0.0895649999999999
1970-01-01 00:00:00.000007120,-0.090095
1970-01-01 00:00:00.000007121,-0.09055
1970-01-01 00:00:00.000007122,-0.0907039999999999
1970-01-01 00:00:00.000007123,-0.090549
1970-01-01 00:00:00.000007124,-0.090375
1970-01-01 00:00:00.000007125,-0.090348
1970-01-01 00:00:00.000007126,-0.090543
1970-01-01 00:00:00.000007127,-0.090859
1970-01-01 00:00:00.000007128,-0.091321
1970-01-01 00:00:00.000007129,-0.092052
1970-01-01 00:00:00.000007130,-0.092782
1970-01-01 00:00:00.000007131,-0.0933789999999999
1970-01-01 00:00:00.000007132,-0.093987
1970-01-01 00:00:00.000007133,-0.094338
1970-01-01 00:00:00.000007134,-0.094399
1970-01-01 00:00:00.000007135,-0.09418
1970-01-01 00:00:00.000007136,-0.093782
1970-01-01 00:00:00.000007137,-0.09337
1970-01-01 00:00:00.000007138,-0.092876
1970-01-01 00:00:00.000007139,-0.092165
1970-01-01 00:00:00.000007140,-0.091301
1970-01-01 00:00:00.000007141,-0.090306
1970-01-01 00:00:00.000007142,-0.089221
1970-01-01 00:00:00.000007143,-0.088148
1970-01-01 00:00:00.000007144,-0.087097
1970-01-01 00:00:00.000007145,-0.086046
1970-01-01 00:00:00.000007146,-0.085005
1970-01-01 00:00:00.000007147,-0.08419
1970-01-01 00:00:00.000007148,-0.083788
1970-01-01 00:00:00.000007149,-0.08372
1970-01-01 00:00:00.000007150,-0.083768
1970-01-01 00:00:00.000007151,-0.083933
1970-01-01 00:00:00.000007152,-0.084308
1970-01-01 00:00:00.000007153,-0.084855
1970-01-01 00:00:00.000007154,-0.085448
1970-01-01 00:00:00.000007155,-0.0858309999999999
1970-01-01 00:00:00.000007156,-0.086038
1970-01-01 00:00:00.000007157,-0.086002
1970-01-01 00:00:00.000007158,-0.085934
1970-01-01 00:00:00.000007159,-0.085867
1970-01-01 00:00:00.000007160,-0.085808
1970-01-01 00:00:00.000007161,-0.085717
1970-01-01 00:00:00.000007162,-0.0855679999999999
1970-01-01 00:00:00.000007163,-0.085522
1970-01-01 00:00:00.000007164,-0.085551
1970-01-01 00:00:00.000007165,-0.085646
1970-01-01 00:00:00.000007166,-0.085697
1970-01-01 00:00:00.000007167,-0.0856389999999999
1970-01-01 00:00:00.000007168,-0.085512
1970-01-01 00:00:00.000007169,-0.08539
1970-01-01 00:00:00.000007170,-0.085394
1970-01-01 00:00:00.000007171,-0.085457
1970-01-01 00:00:00.000007172,-0.085463
1970-01-01 00:00:00.000007173,-0.08537
1970-01-01 00:00:00.000007174,-0.085238
1970-01-01 00:00:00.000007175,-0.085023
1970-01-01 00:00:00.000007176,-0.084784
1970-01-01 00:00:00.000007177,-0.084601
1970-01-01 00:00:00.000007178,-0.084402
1970-01-01 00:00:00.000007179,-0.0841529999999999
1970-01-01 00:00:00.000007180,-0.08394
1970-01-01 00:00:00.000007181,-0.083712
1970-01-01 00:00:00.000007182,-0.083272
1970-01-01 00:00:00.000007183,-0.082858
1970-01-01 00:00:00.000007184,-0.082527
1970-01-01 00:00:00.000007185,-0.082158
1970-01-01 00:00:00.000007186,-0.081862
1970-01-01 00:00:00.000007187,-0.081658
1970-01-01 00:00:00.000007188,-0.0815549999999999
1970-01-01 00:00:00.000007189,-0.081603
1970-01-01 00:00:00.000007190,-0.081795
1970-01-01 00:00:00.000007191,-0.081938
1970-01-01 00:00:00.000007192,-0.082038
1970-01-01 00:00:00.000007193,-0.082129
1970-01-01 00:00:00.000007194,-0.082165
1970-01-01 00:00:00.000007195,-0.082172
1970-01-01 00:00:00.000007196,-0.0820419999999999
1970-01-01 00:00:00.000007197,-0.081853
1970-01-01 00:00:00.000007198,-0.081734
1970-01-01 00:00:00.000007199,-0.081778
1970-01-01 00:00:00.000007200,-0.081798
1970-01-01 00:00:00.000007201,-0.081803
1970-01-01 00:00:00.000007202,-0.081751
1970-01-01 00:00:00.000007203,-0.081575
1970-01-01 00:00:00.000007204,-0.081408
1970-01-01 00:00:00.000007205,-0.081203
1970-01-01 00:00:00.000007206,-0.080883
1970-01-01 00:00:00.000007207,-0.0804899999999999
1970-01-01 00:00:00.000007208,-0.0800039999999999
1970-01-01 00:00:00.000007209,-0.079454
1970-01-01 00:00:00.000007210,-0.078975
1970-01-01 00:00:00.000007211,-0.078646
1970-01-01 00:00:00.000007212,-0.078384
1970-01-01 00:00:00.000007213,-0.078039
1970-01-01 00:00:00.000007214,-0.07756
1970-01-01 00:00:00.000007215,-0.077008
1970-01-01 00:00:00.000007216,-0.076336
1970-01-01 00:00:00.000007217,-0.075766
1970-01-01 00:00:00.000007218,-0.075396
1970-01-01 00:00:00.000007219,-0.0751
1970-01-01 00:00:00.000007220,-0.074901
1970-01-01 00:00:00.000007221,-0.074599
1970-01-01 00:00:00.000007222,-0.0741899999999999
1970-01-01 00:00:00.000007223,-0.07397
1970-01-01 00:00:00.000007224,-0.073791
1970-01-01 00:00:00.000007225,-0.073602
1970-01-01 00:00:00.000007226,-0.073457
1970-01-01 00:00:00.000007227,-0.0732299999999999
1970-01-01 00:00:00.000007228,-0.073101
1970-01-01 00:00:00.000007229,-0.0729399999999999
1970-01-01 00:00:00.000007230,-0.072783
1970-01-01 00:00:00.000007231,-0.072694
1970-01-01 00:00:00.000007232,-0.072576
1970-01-01 00:00:00.000007233,-0.072466
1970-01-01 00:00:00.000007234,-0.0724549999999999
1970-01-01 00:00:00.000007235,-0.072482
1970-01-01 00:00:00.000007236,-0.072571
1970-01-01 00:00:00.000007237,-0.072616
1970-01-01 00:00:00.000007238,-0.072631
1970-01-01 00:00:00.000007239,-0.072644
1970-01-01 00:00:00.000007240,-0.07278
1970-01-01 00:00:00.000007241,-0.072965
1970-01-01 00:00:00.000007242,-0.073166
1970-01-01 00:00:00.000007243,-0.073415
1970-01-01 00:00:00.000007244,-0.07379
1970-01-01 00:00:00.000007245,-0.074311
1970-01-01 00:00:00.000007246,-0.074964
1970-01-01 00:00:00.000007247,-0.075586
1970-01-01 00:00:00.000007248,-0.076163
1970-01-01 00:00:00.000007249,-0.076736
1970-01-01 00:00:00.000007250,-0.077042
1970-01-01 00:00:00.000007251,-0.077119
1970-01-01 00:00:00.000007252,-0.07715
1970-01-01 00:00:00.000007253,-0.077056
1970-01-01 00:00:00.000007254,-0.076856
1970-01-01 00:00:00.000007255,-0.076678
1970-01-01 00:00:00.000007256,-0.076585
1970-01-01 00:00:00.000007257,-0.076527
1970-01-01 00:00:00.000007258,-0.076526
1970-01-01 00:00:00.000007259,-0.076652
1970-01-01 00:00:00.000007260,-0.076891
1970-01-01 00:00:00.000007261,-0.077209
1970-01-01 00:00:00.000007262,-0.0774909999999999
1970-01-01 00:00:00.000007263,-0.0777149999999999
1970-01-01 00:00:00.000007264,-0.077871
1970-01-01 00:00:00.000007265,-0.0778809999999999
1970-01-01 00:00:00.000007266,-0.07786
1970-01-01 00:00:00.000007267,-0.077683
1970-01-01 00:00:00.000007268,-0.077454
1970-01-01 00:00:00.000007269,-0.077282
1970-01-01 00:00:00.000007270,-0.077206
1970-01-01 00:00:00.000007271,-0.077182
1970-01-01 00:00:00.000007272,-0.07708
1970-01-01 00:00:00.000007273,-0.076859
1970-01-01 00:00:00.000007274,-0.076522
1970-01-01 00:00:00.000007275,-0.076087
1970-01-01 00:00:00.000007276,-0.075721
1970-01-01 00:00:00.000007277,-0.0753679999999999
1970-01-01 00:00:00.000007278,-0.075047
1970-01-01 00:00:00.000007279,-0.074793
1970-01-01 00:00:00.000007280,-0.074561
1970-01-01 00:00:00.000007281,-0.074299
1970-01-01 00:00:00.000007282,-0.073921
1970-01-01 00:00:00.000007283,-0.073551
1970-01-01 00:00:00.000007284,-0.073262
1970-01-01 00:00:00.000007285,-0.0729809999999999
1970-01-01 00:00:00.000007286,-0.072693
1970-01-01 00:00:00.000007287,-0.072469
1970-01-01 00:00:00.000007288,-0.0723289999999999
1970-01-01 00:00:00.000007289,-0.072298
1970-01-01 00:00:00.000007290,-0.0723159999999999
1970-01-01 00:00:00.000007291,-0.0723299999999999
1970-01-01 00:00:00.000007292,-0.072367
1970-01-01 00:00:00.000007293,-0.072418
1970-01-01 00:00:00.000007294,-0.072447
1970-01-01 00:00:00.000007295,-0.072362
1970-01-01 00:00:00.000007296,-0.072209
1970-01-01 00:00:00.000007297,-0.072044
1970-01-01 00:00:00.000007298,-0.071911
1970-01-01 00:00:00.000007299,-0.071838
1970-01-01 00:00:00.000007300,-0.071885
1970-01-01 00:00:00.000007301,-0.0719289999999999
1970-01-01 00:00:00.000007302,-0.071939
1970-01-01 00:00:00.000007303,-0.071952
1970-01-01 00:00:00.000007304,-0.072043
1970-01-01 00:00:00.000007305,-0.0721049999999999
1970-01-01 00:00:00.000007306,-0.072197
1970-01-01 00:00:00.000007307,-0.072369
1970-01-01 00:00:00.000007308,-0.072519
1970-01-01 00:00:00.000007309,-0.072637
1970-01-01 00:00:00.000007310,-0.072715
1970-01-01 00:00:00.000007311,-0.072783
1970-01-01 00:00:00.000007312,-0.072924
1970-01-01 00:00:00.000007313,-0.073112
1970-01-01 00:00:00.000007314,-0.07329
1970-01-01 00:00:00.000007315,-0.073352
1970-01-01 00:00:00.000007316,-0.073284
1970-01-01 00:00:00.000007317,-0.0732169999999999
1970-01-01 00:00:00.000007318,-0.073107
1970-01-01 00:00:00.000007319,-0.072974
1970-01-01 00:00:00.000007320,-0.072839
1970-01-01 00:00:00.000007321,-0.072682
1970-01-01 00:00:00.000007322,-0.072449
1970-01-01 00:00:00.000007323,-0.072203
1970-01-01 00:00:00.000007324,-0.071944
1970-01-01 00:00:00.000007325,-0.0716929999999999
1970-01-01 00:00:00.000007326,-0.071447
1970-01-01 00:00:00.000007327,-0.071213
1970-01-01 00:00:00.000007328,-0.070938
1970-01-01 00:00:00.000007329,-0.070649
1970-01-01 00:00:00.000007330,-0.070376
1970-01-01 00:00:00.000007331,-0.0701059999999999
1970-01-01 00:00:00.000007332,-0.0698059999999999
1970-01-01 00:00:00.000007333,-0.0695139999999999
1970-01-01 00:00:00.000007334,-0.069177
1970-01-01 00:00:00.000007335,-0.0687919999999999
1970-01-01 00:00:00.000007336,-0.068385
1970-01-01 00:00:00.000007337,-0.06792
1970-01-01 00:00:00.000007338,-0.067504
1970-01-01 00:00:00.000007339,-0.06717
1970-01-01 00:00:00.000007340,-0.066926
1970-01-01 00:00:00.000007341,-0.066726
1970-01-01 00:00:00.000007342,-0.0665029999999999
1970-01-01 00:00:00.000007343,-0.066275
1970-01-01 00:00:00.000007344,-0.066048
1970-01-01 00:00:00.000007345,-0.065877
1970-01-01 00:00:00.000007346,-0.06568
1970-01-01 00:00:00.000007347,-0.065456
1970-01-01 00:00:00.000007348,-0.065308
1970-01-01 00:00:00.000007349,-0.065215
1970-01-01 00:00:00.000007350,-0.065229
1970-01-01 00:00:00.000007351,-0.065303
1970-01-01 00:00:00.000007352,-0.065369
1970-01-01 00:00:00.000007353,-0.065349
1970-01-01 00:00:00.000007354,-0.065355
1970-01-01 00:00:00.000007355,-0.0654
1970-01-01 00:00:00.000007356,-0.065466
1970-01-01 00:00:00.000007357,-0.065574
1970-01-01 00:00:00.000007358,-0.065612
1970-01-01 00:00:00.000007359,-0.065609
1970-01-01 00:00:00.000007360,-0.065604
1970-01-01 00:00:00.000007361,-0.065575
1970-01-01 00:00:00.000007362,-0.065546
1970-01-01 00:00:00.000007363,-0.065584
1970-01-01 00:00:00.000007364,-0.065616
1970-01-01 00:00:00.000007365,-0.065663
1970-01-01 00:00:00.000007366,-0.065693
1970-01-01 00:00:00.000007367,-0.065645
1970-01-01 00:00:00.000007368,-0.065562
1970-01-01 00:00:00.000007369,-0.065436
1970-01-01 00:00:00.000007370,-0.065322
1970-01-01 00:00:00.000007371,-0.065214
1970-01-01 00:00:00.000007372,-0.065102
1970-01-01 00:00:00.000007373,-0.064951
1970-01-01 00:00:00.000007374,-0.064815
1970-01-01 00:00:00.000007375,-0.064694
1970-01-01 00:00:00.000007376,-0.064555
1970-01-01 00:00:00.000007377,-0.064374
1970-01-01 00:00:00.000007378,-0.064251
1970-01-01 00:00:00.000007379,-0.064224
1970-01-01 00:00:00.000007380,-0.064311
1970-01-01 00:00:00.000007381,-0.064453
1970-01-01 00:00:00.000007382,-0.064558
1970-01-01 00:00:00.000007383,-0.064554
1970-01-01 00:00:00.000007384,-0.064476
1970-01-01 00:00:00.000007385,-0.064147
1970-01-01 00:00:00.000007386,-0.0637139999999999
1970-01-01 00:00:00.000007387,-0.063333
1970-01-01 00:00:00.000007388,-0.063021
1970-01-01 00:00:00.000007389,-0.0628389999999999
1970-01-01 00:00:00.000007390,-0.062735
1970-01-01 00:00:00.000007391,-0.062614
1970-01-01 00:00:00.000007392,-0.062426
1970-01-01 00:00:00.000007393,-0.062224
1970-01-01 00:00:00.000007394,-0.062004
1970-01-01 00:00:00.000007395,-0.061727
1970-01-01 00:00:00.000007396,-0.061537
1970-01-01 00:00:00.000007397,-0.0612539999999999
1970-01-01 00:00:00.000007398,-0.060909
1970-01-01 00:00:00.000007399,-0.060549
1970-01-01 00:00:00.000007400,-0.060202
1970-01-01 00:00:00.000007401,-0.05992
1970-01-01 00:00:00.000007402,-0.059792
1970-01-01 00:00:00.000007403,-0.059779
1970-01-01 00:00:00.000007404,-0.0598159999999999
1970-01-01 00:00:00.000007405,-0.059927
1970-01-01 00:00:00.000007406,-0.0600259999999999
1970-01-01 00:00:00.000007407,-0.0601509999999999
1970-01-01 00:00:00.000007408,-0.060323
1970-01-01 00:00:00.000007409,-0.060458
1970-01-01 00:00:00.000007410,-0.060501
1970-01-01 00:00:00.000007411,-0.060382
1970-01-01 00:00:00.000007412,-0.06016
1970-01-01 00:00:00.000007413,-0.059887
1970-01-01 00:00:00.000007414,-0.059657
1970-01-01 00:00:00.000007415,-0.05947
1970-01-01 00:00:00.000007416,-0.059271
1970-01-01 00:00:00.000007417,-0.058952
1970-01-01 00:00:00.000007418,-0.0586059999999999
1970-01-01 00:00:00.000007419,-0.058313
1970-01-01 00:00:00.000007420,-0.0582049999999999
1970-01-01 00:00:00.000007421,-0.058187
1970-01-01 00:00:00.000007422,-0.058145
1970-01-01 00:00:00.000007423,-0.058113
1970-01-01 00:00:00.000007424,-0.058007
1970-01-01 00:00:00.000007425,-0.057826
1970-01-01 00:00:00.000007426,-0.057676
1970-01-01 00:00:00.000007427,-0.057468
1970-01-01 00:00:00.000007428,-0.057222
1970-01-01 00:00:00.000007429,-0.056934
1970-01-01 00:00:00.000007430,-0.0567
1970-01-01 00:00:00.000007431,-0.056455
1970-01-01 00:00:00.000007432,-0.056142
1970-01-01 00:00:00.000007433,-0.055821
1970-01-01 00:00:00.000007434,-0.0554259999999999
1970-01-01 00:00:00.000007435,-0.054944
1970-01-01 00:00:00.000007436,-0.054407
1970-01-01 00:00:00.000007437,-0.0537539999999999
1970-01-01 00:00:00.000007438,-0.0530179999999999
1970-01-01 00:00:00.000007439,-0.05248
1970-01-01 00:00:00.000007440,-0.052042
1970-01-01 00:00:00.000007441,-0.0516
1970-01-01 00:00:00.000007442,-0.051123
1970-01-01 00:00:00.000007443,-0.050667
1970-01-01 00:00:00.000007444,-0.050339
1970-01-01 00:00:00.000007445,-0.050072
1970-01-01 00:00:00.000007446,-0.049769
1970-01-01 00:00:00.000007447,-0.049416
1970-01-01 00:00:00.000007448,-0.0491329999999999
1970-01-01 00:00:00.000007449,-0.048904
1970-01-01 00:00:00.000007450,-0.048676
1970-01-01 00:00:00.000007451,-0.048425
1970-01-01 00:00:00.000007452,-0.048217
1970-01-01 00:00:00.000007453,-0.048066
1970-01-01 00:00:00.000007454,-0.047957
1970-01-01 00:00:00.000007455,-0.047898
1970-01-01 00:00:00.000007456,-0.047859
1970-01-01 00:00:00.000007457,-0.047806
1970-01-01 00:00:00.000007458,-0.047617
1970-01-01 00:00:00.000007459,-0.047403
1970-01-01 00:00:00.000007460,-0.047168
1970-01-01 00:00:00.000007461,-0.04726
1970-01-01 00:00:00.000007462,-0.048112
1970-01-01 00:00:00.000007463,-0.049068
1970-01-01 00:00:00.000007464,-0.049148
1970-01-01 00:00:00.000007465,-0.0485279999999999
1970-01-01 00:00:00.000007466,-0.04823
1970-01-01 00:00:00.000007467,-0.048206
1970-01-01 00:00:00.000007468,-0.0480769999999999
1970-01-01 00:00:00.000007469,-0.047969
1970-01-01 00:00:00.000007470,-0.0478149999999999
1970-01-01 00:00:00.000007471,-0.047547
1970-01-01 00:00:00.000007472,-0.047447
1970-01-01 00:00:00.000007473,-0.047623
1970-01-01 00:00:00.000007474,-0.047776
1970-01-01 00:00:00.000007475,-0.048
1970-01-01 00:00:00.000007476,-0.048592
1970-01-01 00:00:00.000007477,-0.049539
1970-01-01 00:00:00.000007478,-0.050626
1970-01-01 00:00:00.000007479,-0.051645
1970-01-01 00:00:00.000007480,-0.0525309999999999
1970-01-01 00:00:00.000007481,-0.05319
1970-01-01 00:00:00.000007482,-0.053581
1970-01-01 00:00:00.000007483,-0.05376
1970-01-01 00:00:00.000007484,-0.053926
1970-01-01 00:00:00.000007485,-0.054011
1970-01-01 00:00:00.000007486,-0.053916
1970-01-01 00:00:00.000007487,-0.053559
1970-01-01 00:00:00.000007488,-0.053119
1970-01-01 00:00:00.000007489,-0.052823
1970-01-01 00:00:00.000007490,-0.052721
1970-01-01 00:00:00.000007491,-0.052841
1970-01-01 00:00:00.000007492,-0.052965
1970-01-01 00:00:00.000007493,-0.052935
1970-01-01 00:00:00.000007494,-0.052703
1970-01-01 00:00:00.000007495,-0.052446
1970-01-01 00:00:00.000007496,-0.052283
1970-01-01 00:00:00.000007497,-0.0520919999999999
1970-01-01 00:00:00.000007498,-0.051823
1970-01-01 00:00:00.000007499,-0.051536
1970-01-01 00:00:00.000007500,-0.051328
1970-01-01 00:00:00.000007501,-0.051181
1970-01-01 00:00:00.000007502,-0.051021
1970-01-01 00:00:00.000007503,-0.050903
1970-01-01 00:00:00.000007504,-0.050885
1970-01-01 00:00:00.000007505,-0.050908
1970-01-01 00:00:00.000007506,-0.050985
1970-01-01 00:00:00.000007507,-0.051108
1970-01-01 00:00:00.000007508,-0.051223
1970-01-01 00:00:00.000007509,-0.051359
1970-01-01 00:00:00.000007510,-0.051484
1970-01-01 00:00:00.000007511,-0.05167
1970-01-01 00:00:00.000007512,-0.051994
1970-01-01 00:00:00.000007513,-0.05244
1970-01-01 00:00:00.000007514,-0.052972
1970-01-01 00:00:00.000007515,-0.053545
1970-01-01 00:00:00.000007516,-0.054068
1970-01-01 00:00:00.000007517,-0.054549
1970-01-01 00:00:00.000007518,-0.055039
1970-01-01 00:00:00.000007519,-0.0554929999999999
1970-01-01 00:00:00.000007520,-0.05576
1970-01-01 00:00:00.000007521,-0.055963
1970-01-01 00:00:00.000007522,-0.056051
1970-01-01 00:00:00.000007523,-0.056208
1970-01-01 00:00:00.000007524,-0.056461
1970-01-01 00:00:00.000007525,-0.056651
1970-01-01 00:00:00.000007526,-0.056857
1970-01-01 00:00:00.000007527,-0.057026
1970-01-01 00:00:00.000007528,-0.057075
1970-01-01 00:00:00.000007529,-0.0570289999999999
1970-01-01 00:00:00.000007530,-0.057059
1970-01-01 00:00:00.000007531,-0.0571299999999999
1970-01-01 00:00:00.000007532,-0.05717
1970-01-01 00:00:00.000007533,-0.0571309999999999
1970-01-01 00:00:00.000007534,-0.0570149999999999
1970-01-01 00:00:00.000007535,-0.056786
1970-01-01 00:00:00.000007536,-0.056602
1970-01-01 00:00:00.000007537,-0.056427
1970-01-01 00:00:00.000007538,-0.0562519999999999
1970-01-01 00:00:00.000007539,-0.05611
1970-01-01 00:00:00.000007540,-0.0560419999999999
1970-01-01 00:00:00.000007541,-0.056089
1970-01-01 00:00:00.000007542,-0.056218
1970-01-01 00:00:00.000007543,-0.05641
1970-01-01 00:00:00.000007544,-0.056658
1970-01-01 00:00:00.000007545,-0.056994
1970-01-01 00:00:00.000007546,-0.057365
1970-01-01 00:00:00.000007547,-0.0577429999999999
1970-01-01 00:00:00.000007548,-0.0580809999999999
1970-01-01 00:00:00.000007549,-0.0584779999999999
1970-01-01 00:00:00.000007550,-0.058859
1970-01-01 00:00:00.000007551,-0.059287
1970-01-01 00:00:00.000007552,-0.059749
1970-01-01 00:00:00.000007553,-0.060209
1970-01-01 00:00:00.000007554,-0.060703
1970-01-01 00:00:00.000007555,-0.061259
1970-01-01 00:00:00.000007556,-0.061778
1970-01-01 00:00:00.000007557,-0.062241
1970-01-01 00:00:00.000007558,-0.062664
1970-01-01 00:00:00.000007559,-0.063144
1970-01-01 00:00:00.000007560,-0.063679
1970-01-01 00:00:00.000007561,-0.064251
1970-01-01 00:00:00.000007562,-0.064817
1970-01-01 00:00:00.000007563,-0.0653
1970-01-01 00:00:00.000007564,-0.065832
1970-01-01 00:00:00.000007565,-0.066394
1970-01-01 00:00:00.000007566,-0.066863
1970-01-01 00:00:00.000007567,-0.0672919999999999
1970-01-01 00:00:00.000007568,-0.067799
1970-01-01 00:00:00.000007569,-0.068271
1970-01-01 00:00:00.000007570,-0.068669
1970-01-01 00:00:00.000007571,-0.069176
1970-01-01 00:00:00.000007572,-0.06962
1970-01-01 00:00:00.000007573,-0.0699149999999999
1970-01-01 00:00:00.000007574,-0.070136
1970-01-01 00:00:00.000007575,-0.070279
1970-01-01 00:00:00.000007576,-0.070275
1970-01-01 00:00:00.000007577,-0.070366
1970-01-01 00:00:00.000007578,-0.070594
1970-01-01 00:00:00.000007579,-0.070879
1970-01-01 00:00:00.000007580,-0.0711929999999999
1970-01-01 00:00:00.000007581,-0.071479
1970-01-01 00:00:00.000007582,-0.071808
1970-01-01 00:00:00.000007583,-0.0720259999999999
1970-01-01 00:00:00.000007584,-0.072045
1970-01-01 00:00:00.000007585,-0.072041
1970-01-01 00:00:00.000007586,-0.072176
1970-01-01 00:00:00.000007587,-0.072321
1970-01-01 00:00:00.000007588,-0.072423
1970-01-01 00:00:00.000007589,-0.072521
1970-01-01 00:00:00.000007590,-0.072668
1970-01-01 00:00:00.000007591,-0.072918
1970-01-01 00:00:00.000007592,-0.073207
1970-01-01 00:00:00.000007593,-0.073509
1970-01-01 00:00:00.000007594,-0.073805
1970-01-01 00:00:00.000007595,-0.074031
1970-01-01 00:00:00.000007596,-0.074193
1970-01-01 00:00:00.000007597,-0.074295
1970-01-01 00:00:00.000007598,-0.074335
1970-01-01 00:00:00.000007599,-0.074321
1970-01-01 00:00:00.000007600,-0.074237
1970-01-01 00:00:00.000007601,-0.074075
1970-01-01 00:00:00.000007602,-0.07386
1970-01-01 00:00:00.000007603,-0.073621
1970-01-01 00:00:00.000007604,-0.07334
1970-01-01 00:00:00.000007605,-0.0729679999999999
1970-01-01 00:00:00.000007606,-0.072597
1970-01-01 00:00:00.000007607,-0.0723159999999999
1970-01-01 00:00:00.000007608,-0.071958
1970-01-01 00:00:00.000007609,-0.071586
1970-01-01 00:00:00.000007610,-0.071422
1970-01-01 00:00:00.000007611,-0.071473
1970-01-01 00:00:00.000007612,-0.071711
1970-01-01 00:00:00.000007613,-0.072089
1970-01-01 00:00:00.000007614,-0.072509
1970-01-01 00:00:00.000007615,-0.072949
1970-01-01 00:00:00.000007616,-0.073255
1970-01-01 00:00:00.000007617,-0.0734409999999999
1970-01-01 00:00:00.000007618,-0.073509
1970-01-01 00:00:00.000007619,-0.073375
1970-01-01 00:00:00.000007620,-0.073085
1970-01-01 00:00:00.000007621,-0.072796
1970-01-01 00:00:00.000007622,-0.072452
1970-01-01 00:00:00.000007623,-0.071976
1970-01-01 00:00:00.000007624,-0.071312
1970-01-01 00:00:00.000007625,-0.07067
1970-01-01 00:00:00.000007626,-0.070135
1970-01-01 00:00:00.000007627,-0.0696799999999999
1970-01-01 00:00:00.000007628,-0.069243
1970-01-01 00:00:00.000007629,-0.0688309999999999
1970-01-01 00:00:00.000007630,-0.068462
1970-01-01 00:00:00.000007631,-0.068127
1970-01-01 00:00:00.000007632,-0.06788
1970-01-01 00:00:00.000007633,-0.0676809999999999
1970-01-01 00:00:00.000007634,-0.067497
1970-01-01 00:00:00.000007635,-0.067297
1970-01-01 00:00:00.000007636,-0.067051
1970-01-01 00:00:00.000007637,-0.066841
1970-01-01 00:00:00.000007638,-0.0666279999999999
1970-01-01 00:00:00.000007639,-0.066333
1970-01-01 00:00:00.000007640,-0.066044
1970-01-01 00:00:00.000007641,-0.065738
1970-01-01 00:00:00.000007642,-0.065496
1970-01-01 00:00:00.000007643,-0.065335
1970-01-01 00:00:00.000007644,-0.065239
1970-01-01 00:00:00.000007645,-0.065213
1970-01-01 00:00:00.000007646,-0.06523
1970-01-01 00:00:00.000007647,-0.065255
1970-01-01 00:00:00.000007648,-0.065243
1970-01-01 00:00:00.000007649,-0.065225
1970-01-01 00:00:00.000007650,-0.065227
1970-01-01 00:00:00.000007651,-0.065247
1970-01-01 00:00:00.000007652,-0.065191
1970-01-01 00:00:00.000007653,-0.065027
1970-01-01 00:00:00.000007654,-0.0648379999999999
1970-01-01 00:00:00.000007655,-0.064613
1970-01-01 00:00:00.000007656,-0.064383
1970-01-01 00:00:00.000007657,-0.064101
1970-01-01 00:00:00.000007658,-0.063803
1970-01-01 00:00:00.000007659,-0.063476
1970-01-01 00:00:00.000007660,-0.063097
1970-01-01 00:00:00.000007661,-0.062751
1970-01-01 00:00:00.000007662,-0.062449
1970-01-01 00:00:00.000007663,-0.062103
1970-01-01 00:00:00.000007664,-0.061783
1970-01-01 00:00:00.000007665,-0.0614679999999999
1970-01-01 00:00:00.000007666,-0.0611809999999999
1970-01-01 00:00:00.000007667,-0.060859
1970-01-01 00:00:00.000007668,-0.060575
1970-01-01 00:00:00.000007669,-0.060345
1970-01-01 00:00:00.000007670,-0.060108
1970-01-01 00:00:00.000007671,-0.059823
1970-01-01 00:00:00.000007672,-0.059564
1970-01-01 00:00:00.000007673,-0.059335
1970-01-01 00:00:00.000007674,-0.059064
1970-01-01 00:00:00.000007675,-0.058842
1970-01-01 00:00:00.000007676,-0.058633
1970-01-01 00:00:00.000007677,-0.058421
1970-01-01 00:00:00.000007678,-0.058224
1970-01-01 00:00:00.000007679,-0.058069
1970-01-01 00:00:00.000007680,-0.057948
1970-01-01 00:00:00.000007681,-0.057838
1970-01-01 00:00:00.000007682,-0.057717
1970-01-01 00:00:00.000007683,-0.057625
1970-01-01 00:00:00.000007684,-0.057593
1970-01-01 00:00:00.000007685,-0.057576
1970-01-01 00:00:00.000007686,-0.0575679999999999
1970-01-01 00:00:00.000007687,-0.0575309999999999
1970-01-01 00:00:00.000007688,-0.057408
1970-01-01 00:00:00.000007689,-0.057235
1970-01-01 00:00:00.000007690,-0.057076
1970-01-01 00:00:00.000007691,-0.056898
1970-01-01 00:00:00.000007692,-0.0567679999999999
1970-01-01 00:00:00.000007693,-0.056628
1970-01-01 00:00:00.000007694,-0.05647
1970-01-01 00:00:00.000007695,-0.056321
1970-01-01 00:00:00.000007696,-0.056232
1970-01-01 00:00:00.000007697,-0.0561809999999999
1970-01-01 00:00:00.000007698,-0.056139
1970-01-01 00:00:00.000007699,-0.056135
1970-01-01 00:00:00.000007700,-0.0561399999999999
1970-01-01 00:00:00.000007701,-0.056129
1970-01-01 00:00:00.000007702,-0.055997
1970-01-01 00:00:00.000007703,-0.055747
1970-01-01 00:00:00.000007704,-0.055408
1970-01-01 00:00:00.000007705,-0.05504
1970-01-01 00:00:00.000007706,-0.054719
1970-01-01 00:00:00.000007707,-0.0544409999999999
1970-01-01 00:00:00.000007708,-0.054214
1970-01-01 00:00:00.000007709,-0.05405
1970-01-01 00:00:00.000007710,-0.053824
1970-01-01 00:00:00.000007711,-0.05347
1970-01-01 00:00:00.000007712,-0.0530919999999999
1970-01-01 00:00:00.000007713,-0.052724
1970-01-01 00:00:00.000007714,-0.052369
1970-01-01 00:00:00.000007715,-0.052041
1970-01-01 00:00:00.000007716,-0.051796
1970-01-01 00:00:00.000007717,-0.0517179999999999
1970-01-01 00:00:00.000007718,-0.051775
1970-01-01 00:00:00.000007719,-0.0519059999999999
1970-01-01 00:00:00.000007720,-0.052101
1970-01-01 00:00:00.000007721,-0.052344
1970-01-01 00:00:00.000007722,-0.052523
1970-01-01 00:00:00.000007723,-0.052619
1970-01-01 00:00:00.000007724,-0.05264
1970-01-01 00:00:00.000007725,-0.052596
1970-01-01 00:00:00.000007726,-0.052574
1970-01-01 00:00:00.000007727,-0.052609
1970-01-01 00:00:00.000007728,-0.0526
1970-01-01 00:00:00.000007729,-0.0525299999999999
1970-01-01 00:00:00.000007730,-0.0524049999999999
1970-01-01 00:00:00.000007731,-0.052296
1970-01-01 00:00:00.000007732,-0.052201
1970-01-01 00:00:00.000007733,-0.052153
1970-01-01 00:00:00.000007734,-0.052166
1970-01-01 00:00:00.000007735,-0.0521149999999999
1970-01-01 00:00:00.000007736,-0.0520049999999999
1970-01-01 00:00:00.000007737,-0.051859
1970-01-01 00:00:00.000007738,-0.051685
1970-01-01 00:00:00.000007739,-0.051583
1970-01-01 00:00:00.000007740,-0.051582
1970-01-01 00:00:00.000007741,-0.051588
1970-01-01 00:00:00.000007742,-0.051626
1970-01-01 00:00:00.000007743,-0.0518039999999999
1970-01-01 00:00:00.000007744,-0.052147
1970-01-01 00:00:00.000007745,-0.052645
1970-01-01 00:00:00.000007746,-0.053174
1970-01-01 00:00:00.000007747,-0.053675
1970-01-01 00:00:00.000007748,-0.05417
1970-01-01 00:00:00.000007749,-0.054652
1970-01-01 00:00:00.000007750,-0.055098
1970-01-01 00:00:00.000007751,-0.055485
1970-01-01 00:00:00.000007752,-0.055847
1970-01-01 00:00:00.000007753,-0.056159
1970-01-01 00:00:00.000007754,-0.056451
1970-01-01 00:00:00.000007755,-0.0567
1970-01-01 00:00:00.000007756,-0.056954
1970-01-01 00:00:00.000007757,-0.057227
1970-01-01 00:00:00.000007758,-0.057438
1970-01-01 00:00:00.000007759,-0.057619
1970-01-01 00:00:00.000007760,-0.0577909999999999
1970-01-01 00:00:00.000007761,-0.057935
1970-01-01 00:00:00.000007762,-0.0580179999999999
1970-01-01 00:00:00.000007763,-0.0580309999999999
1970-01-01 00:00:00.000007764,-0.057986
1970-01-01 00:00:00.000007765,-0.057945
1970-01-01 00:00:00.000007766,-0.057896
1970-01-01 00:00:00.000007767,-0.057784
1970-01-01 00:00:00.000007768,-0.057647
1970-01-01 00:00:00.000007769,-0.05749
1970-01-01 00:00:00.000007770,-0.057383
1970-01-01 00:00:00.000007771,-0.057334
1970-01-01 00:00:00.000007772,-0.057252
1970-01-01 00:00:00.000007773,-0.057158
1970-01-01 00:00:00.000007774,-0.057123
1970-01-01 00:00:00.000007775,-0.057147
1970-01-01 00:00:00.000007776,-0.057163
1970-01-01 00:00:00.000007777,-0.057204
1970-01-01 00:00:00.000007778,-0.057261
1970-01-01 00:00:00.000007779,-0.057319
1970-01-01 00:00:00.000007780,-0.057424
1970-01-01 00:00:00.000007781,-0.057494
1970-01-01 00:00:00.000007782,-0.057485
1970-01-01 00:00:00.000007783,-0.0574659999999999
1970-01-01 00:00:00.000007784,-0.057503
1970-01-01 00:00:00.000007785,-0.057572
1970-01-01 00:00:00.000007786,-0.057657
1970-01-01 00:00:00.000007787,-0.057744
1970-01-01 00:00:00.000007788,-0.057763
1970-01-01 00:00:00.000007789,-0.057722
1970-01-01 00:00:00.000007790,-0.0576879999999999
1970-01-01 00:00:00.000007791,-0.057669
1970-01-01 00:00:00.000007792,-0.057649
1970-01-01 00:00:00.000007793,-0.057615
1970-01-01 00:00:00.000007794,-0.05746
1970-01-01 00:00:00.000007795,-0.057191
1970-01-01 00:00:00.000007796,-0.056833
1970-01-01 00:00:00.000007797,-0.0564919999999999
1970-01-01 00:00:00.000007798,-0.056237
1970-01-01 00:00:00.000007799,-0.056114
1970-01-01 00:00:00.000007800,-0.056019
1970-01-01 00:00:00.000007801,-0.0560429999999999
1970-01-01 00:00:00.000007802,-0.0562019999999999
1970-01-01 00:00:00.000007803,-0.056459
1970-01-01 00:00:00.000007804,-0.056736
1970-01-01 00:00:00.000007805,-0.05701
1970-01-01 00:00:00.000007806,-0.05724
1970-01-01 00:00:00.000007807,-0.0574549999999999
1970-01-01 00:00:00.000007808,-0.057722
1970-01-01 00:00:00.000007809,-0.057972
1970-01-01 00:00:00.000007810,-0.058238
1970-01-01 00:00:00.000007811,-0.058509
1970-01-01 00:00:00.000007812,-0.0587679999999999
1970-01-01 00:00:00.000007813,-0.058971
1970-01-01 00:00:00.000007814,-0.059196
1970-01-01 00:00:00.000007815,-0.059458
1970-01-01 00:00:00.000007816,-0.059736
1970-01-01 00:00:00.000007817,-0.060021
1970-01-01 00:00:00.000007818,-0.060296
1970-01-01 00:00:00.000007819,-0.060568
1970-01-01 00:00:00.000007820,-0.0608059999999999
1970-01-01 00:00:00.000007821,-0.061045
1970-01-01 00:00:00.000007822,-0.061188
1970-01-01 00:00:00.000007823,-0.0612659999999999
1970-01-01 00:00:00.000007824,-0.06135
1970-01-01 00:00:00.000007825,-0.0614759999999999
1970-01-01 00:00:00.000007826,-0.061636
1970-01-01 00:00:00.000007827,-0.061736
1970-01-01 00:00:00.000007828,-0.061773
1970-01-01 00:00:00.000007829,-0.06176
1970-01-01 00:00:00.000007830,-0.061702
1970-01-01 00:00:00.000007831,-0.061622
1970-01-01 00:00:00.000007832,-0.061469
1970-01-01 00:00:00.000007833,-0.06131
1970-01-01 00:00:00.000007834,-0.061209
1970-01-01 00:00:00.000007835,-0.061094
1970-01-01 00:00:00.000007836,-0.0609629999999999
1970-01-01 00:00:00.000007837,-0.0608549999999999
1970-01-01 00:00:00.000007838,-0.060813
1970-01-01 00:00:00.000007839,-0.060808
1970-01-01 00:00:00.000007840,-0.060814
1970-01-01 00:00:00.000007841,-0.060822
1970-01-01 00:00:00.000007842,-0.060825
1970-01-01 00:00:00.000007843,-0.060795
1970-01-01 00:00:00.000007844,-0.06072
1970-01-01 00:00:00.000007845,-0.0606149999999999
1970-01-01 00:00:00.000007846,-0.06043
1970-01-01 00:00:00.000007847,-0.060249
1970-01-01 00:00:00.000007848,-0.060091
1970-01-01 00:00:00.000007849,-0.059947
1970-01-01 00:00:00.000007850,-0.0598169999999999
1970-01-01 00:00:00.000007851,-0.059675
1970-01-01 00:00:00.000007852,-0.0594779999999999
1970-01-01 00:00:00.000007853,-0.05932
1970-01-01 00:00:00.000007854,-0.05919
1970-01-01 00:00:00.000007855,-0.059092
1970-01-01 00:00:00.000007856,-0.059072
1970-01-01 00:00:00.000007857,-0.059042
1970-01-01 00:00:00.000007858,-0.058947
1970-01-01 00:00:00.000007859,-0.0588799999999999
1970-01-01 00:00:00.000007860,-0.058809
1970-01-01 00:00:00.000007861,-0.058778
1970-01-01 00:00:00.000007862,-0.05875
1970-01-01 00:00:00.000007863,-0.058671
1970-01-01 00:00:00.000007864,-0.058587
1970-01-01 00:00:00.000007865,-0.0585059999999999
1970-01-01 00:00:00.000007866,-0.0585039999999999
1970-01-01 00:00:00.000007867,-0.058562
1970-01-01 00:00:00.000007868,-0.058608
1970-01-01 00:00:00.000007869,-0.0585899999999999
1970-01-01 00:00:00.000007870,-0.058489
1970-01-01 00:00:00.000007871,-0.058399
1970-01-01 00:00:00.000007872,-0.0583299999999999
1970-01-01 00:00:00.000007873,-0.0582909999999999
1970-01-01 00:00:00.000007874,-0.058309
1970-01-01 00:00:00.000007875,-0.058312
1970-01-01 00:00:00.000007876,-0.058337
1970-01-01 00:00:00.000007877,-0.058323
1970-01-01 00:00:00.000007878,-0.058311
1970-01-01 00:00:00.000007879,-0.0583429999999999
1970-01-01 00:00:00.000007880,-0.058396
1970-01-01 00:00:00.000007881,-0.05844
1970-01-01 00:00:00.000007882,-0.05849
1970-01-01 00:00:00.000007883,-0.058534
1970-01-01 00:00:00.000007884,-0.0585399999999999
1970-01-01 00:00:00.000007885,-0.0584929999999999
1970-01-01 00:00:00.000007886,-0.05842
1970-01-01 00:00:00.000007887,-0.058395
1970-01-01 00:00:00.000007888,-0.058345
1970-01-01 00:00:00.000007889,-0.058286
1970-01-01 00:00:00.000007890,-0.05819
1970-01-01 00:00:00.000007891,-0.057994
1970-01-01 00:00:00.000007892,-0.057821
1970-01-01 00:00:00.000007893,-0.057622
1970-01-01 00:00:00.000007894,-0.057409
1970-01-01 00:00:00.000007895,-0.057171
1970-01-01 00:00:00.000007896,-0.056914
1970-01-01 00:00:00.000007897,-0.056691
1970-01-01 00:00:00.000007898,-0.056536
1970-01-01 00:00:00.000007899,-0.056399
1970-01-01 00:00:00.000007900,-0.056321
1970-01-01 00:00:00.000007901,-0.056317
1970-01-01 00:00:00.000007902,-0.0563059999999999
1970-01-01 00:00:00.000007903,-0.056161
1970-01-01 00:00:00.000007904,-0.055861
1970-01-01 00:00:00.000007905,-0.055451
1970-01-01 00:00:00.000007906,-0.055059
1970-01-01 00:00:00.000007907,-0.054795
1970-01-01 00:00:00.000007908,-0.05458
1970-01-01 00:00:00.000007909,-0.054399
1970-01-01 00:00:00.000007910,-0.054153
1970-01-01 00:00:00.000007911,-0.0539059999999999
1970-01-01 00:00:00.000007912,-0.053616
1970-01-01 00:00:00.000007913,-0.053264
1970-01-01 00:00:00.000007914,-0.052976
1970-01-01 00:00:00.000007915,-0.052777
1970-01-01 00:00:00.000007916,-0.0526779999999999
1970-01-01 00:00:00.000007917,-0.052667
1970-01-01 00:00:00.000007918,-0.052758
1970-01-01 00:00:00.000007919,-0.052915
1970-01-01 00:00:00.000007920,-0.053022
1970-01-01 00:00:00.000007921,-0.053041
1970-01-01 00:00:00.000007922,-0.05296
1970-01-01 00:00:00.000007923,-0.052795
1970-01-01 00:00:00.000007924,-0.052603
1970-01-01 00:00:00.000007925,-0.052354
1970-01-01 00:00:00.000007926,-0.052058
1970-01-01 00:00:00.000007927,-0.051708
1970-01-01 00:00:00.000007928,-0.051357
1970-01-01 00:00:00.000007929,-0.0510529999999999
1970-01-01 00:00:00.000007930,-0.0507769999999999
1970-01-01 00:00:00.000007931,-0.05053
1970-01-01 00:00:00.000007932,-0.05031
1970-01-01 00:00:00.000007933,-0.0500699999999999
1970-01-01 00:00:00.000007934,-0.049852
1970-01-01 00:00:00.000007935,-0.049671
1970-01-01 00:00:00.000007936,-0.049565
1970-01-01 00:00:00.000007937,-0.049483
1970-01-01 00:00:00.000007938,-0.0493899999999999
1970-01-01 00:00:00.000007939,-0.049282
1970-01-01 00:00:00.000007940,-0.049157
1970-01-01 00:00:00.000007941,-0.048911
1970-01-01 00:00:00.000007942,-0.0485899999999999
1970-01-01 00:00:00.000007943,-0.048348
1970-01-01 00:00:00.000007944,-0.04821
1970-01-01 00:00:00.000007945,-0.048249
1970-01-01 00:00:00.000007946,-0.048457
1970-01-01 00:00:00.000007947,-0.048764
1970-01-01 00:00:00.000007948,-0.049161
1970-01-01 00:00:00.000007949,-0.0496259999999999
1970-01-01 00:00:00.000007950,-0.050131
1970-01-01 00:00:00.000007951,-0.050599
1970-01-01 00:00:00.000007952,-0.050934
1970-01-01 00:00:00.000007953,-0.051107
1970-01-01 00:00:00.000007954,-0.05121
1970-01-01 00:00:00.000007955,-0.0512799999999999
1970-01-01 00:00:00.000007956,-0.0512909999999999
1970-01-01 00:00:00.000007957,-0.051187
1970-01-01 00:00:00.000007958,-0.05107
1970-01-01 00:00:00.000007959,-0.050981
1970-01-01 00:00:00.000007960,-0.050885
1970-01-01 00:00:00.000007961,-0.050778
1970-01-01 00:00:00.000007962,-0.050667
1970-01-01 00:00:00.000007963,-0.050575
1970-01-01 00:00:00.000007964,-0.050462
1970-01-01 00:00:00.000007965,-0.050301
1970-01-01 00:00:00.000007966,-0.050164
1970-01-01 00:00:00.000007967,-0.050086
1970-01-01 00:00:00.000007968,-0.0500699999999999
1970-01-01 00:00:00.000007969,-0.050182
1970-01-01 00:00:00.000007970,-0.050622
1970-01-01 00:00:00.000007971,-0.051383
1970-01-01 00:00:00.000007972,-0.052309
1970-01-01 00:00:00.000007973,-0.053283
1970-01-01 00:00:00.000007974,-0.054102
1970-01-01 00:00:00.000007975,-0.05462
1970-01-01 00:00:00.000007976,-0.054787
1970-01-01 00:00:00.000007977,-0.054653
1970-01-01 00:00:00.000007978,-0.054613
1970-01-01 00:00:00.000007979,-0.054688
1970-01-01 00:00:00.000007980,-0.054736
1970-01-01 00:00:00.000007981,-0.054799
1970-01-01 00:00:00.000007982,-0.054749
1970-01-01 00:00:00.000007983,-0.054523
1970-01-01 00:00:00.000007984,-0.0542
1970-01-01 00:00:00.000007985,-0.053801
1970-01-01 00:00:00.000007986,-0.05342
1970-01-01 00:00:00.000007987,-0.053312
1970-01-01 00:00:00.000007988,-0.0533649999999999
1970-01-01 00:00:00.000007989,-0.053382
1970-01-01 00:00:00.000007990,-0.053308
1970-01-01 00:00:00.000007991,-0.053086
1970-01-01 00:00:00.000007992,-0.052835
1970-01-01 00:00:00.000007993,-0.052675
1970-01-01 00:00:00.000007994,-0.052609
1970-01-01 00:00:00.000007995,-0.052513
1970-01-01 00:00:00.000007996,-0.052348
1970-01-01 00:00:00.000007997,-0.0522679999999999
1970-01-01 00:00:00.000007998,-0.052272
1970-01-01 00:00:00.000007999,-0.052263
1970-01-01 00:00:00.000008000,-0.0522399999999999
1970-01-01 00:00:00.000008001,-0.052183
1970-01-01 00:00:00.000008002,-0.052063
1970-01-01 00:00:00.000008003,-0.0519549999999999
1970-01-01 00:00:00.000008004,-0.051934
1970-01-01 00:00:00.000008005,-0.0519279999999999
1970-01-01 00:00:00.000008006,-0.05191
1970-01-01 00:00:00.000008007,-0.051789
1970-01-01 00:00:00.000008008,-0.051653
1970-01-01 00:00:00.000008009,-0.051487
1970-01-01 00:00:00.000008010,-0.051275
1970-01-01 00:00:00.000008011,-0.051084
1970-01-01 00:00:00.000008012,-0.05093
1970-01-01 00:00:00.000008013,-0.05075
1970-01-01 00:00:00.000008014,-0.050557
1970-01-01 00:00:00.000008015,-0.050328
1970-01-01 00:00:00.000008016,-0.05012
1970-01-01 00:00:00.000008017,-0.049993
1970-01-01 00:00:00.000008018,-0.049912
1970-01-01 00:00:00.000008019,-0.049872
1970-01-01 00:00:00.000008020,-0.049885
1970-01-01 00:00:00.000008021,-0.0499519999999999
1970-01-01 00:00:00.000008022,-0.050171
1970-01-01 00:00:00.000008023,-0.05048
1970-01-01 00:00:00.000008024,-0.050786
1970-01-01 00:00:00.000008025,-0.0510689999999999
1970-01-01 00:00:00.000008026,-0.051286
1970-01-01 00:00:00.000008027,-0.051612
1970-01-01 00:00:00.000008028,-0.0522
1970-01-01 00:00:00.000008029,-0.053435
1970-01-01 00:00:00.000008030,-0.055195
1970-01-01 00:00:00.000008031,-0.056991
1970-01-01 00:00:00.000008032,-0.058463
1970-01-01 00:00:00.000008033,-0.059672
1970-01-01 00:00:00.000008034,-0.060624
1970-01-01 00:00:00.000008035,-0.061619
1970-01-01 00:00:00.000008036,-0.062924
1970-01-01 00:00:00.000008037,-0.064495
1970-01-01 00:00:00.000008038,-0.066138
1970-01-01 00:00:00.000008039,-0.06746
1970-01-01 00:00:00.000008040,-0.0678909999999999
1970-01-01 00:00:00.000008041,-0.067221
1970-01-01 00:00:00.000008042,-0.065757
1970-01-01 00:00:00.000008043,-0.064173
1970-01-01 00:00:00.000008044,-0.063201
1970-01-01 00:00:00.000008045,-0.063009
1970-01-01 00:00:00.000008046,-0.063165
1970-01-01 00:00:00.000008047,-0.063612
1970-01-01 00:00:00.000008048,-0.064686
1970-01-01 00:00:00.000008049,-0.0663919999999999
1970-01-01 00:00:00.000008050,-0.068231
1970-01-01 00:00:00.000008051,-0.069626
1970-01-01 00:00:00.000008052,-0.070427
1970-01-01 00:00:00.000008053,-0.070711
1970-01-01 00:00:00.000008054,-0.070798
1970-01-01 00:00:00.000008055,-0.070925
1970-01-01 00:00:00.000008056,-0.070927
1970-01-01 00:00:00.000008057,-0.070715
1970-01-01 00:00:00.000008058,-0.069983
1970-01-01 00:00:00.000008059,-0.068652
1970-01-01 00:00:00.000008060,-0.066919
1970-01-01 00:00:00.000008061,-0.064827
1970-01-01 00:00:00.000008062,-0.062452
1970-01-01 00:00:00.000008063,-0.06036
1970-01-01 00:00:00.000008064,-0.058676
1970-01-01 00:00:00.000008065,-0.05726
1970-01-01 00:00:00.000008066,-0.056213
1970-01-01 00:00:00.000008067,-0.055612
1970-01-01 00:00:00.000008068,-0.0551929999999999
1970-01-01 00:00:00.000008069,-0.0552919999999999
1970-01-01 00:00:00.000008070,-0.0555919999999999
1970-01-01 00:00:00.000008071,-0.05627
1970-01-01 00:00:00.000008072,-0.057638
1970-01-01 00:00:00.000008073,-0.0594289999999999
1970-01-01 00:00:00.000008074,-0.061078
1970-01-01 00:00:00.000008075,-0.062372
1970-01-01 00:00:00.000008076,-0.063271
1970-01-01 00:00:00.000008077,-0.0640049999999999
1970-01-01 00:00:00.000008078,-0.064647
1970-01-01 00:00:00.000008079,-0.065127
1970-01-01 00:00:00.000008080,-0.065646
1970-01-01 00:00:00.000008081,-0.066209
1970-01-01 00:00:00.000008082,-0.066457
1970-01-01 00:00:00.000008083,-0.065942
1970-01-01 00:00:00.000008084,-0.064988
1970-01-01 00:00:00.000008085,-0.063941
1970-01-01 00:00:00.000008086,-0.063
1970-01-01 00:00:00.000008087,-0.062179
1970-01-01 00:00:00.000008088,-0.061224
1970-01-01 00:00:00.000008089,-0.059993
1970-01-01 00:00:00.000008090,-0.0585309999999999
1970-01-01 00:00:00.000008091,-0.0571389999999999
1970-01-01 00:00:00.000008092,-0.055913
1970-01-01 00:00:00.000008093,-0.054594
1970-01-01 00:00:00.000008094,-0.053084
1970-01-01 00:00:00.000008095,-0.05159
1970-01-01 00:00:00.000008096,-0.050223
1970-01-01 00:00:00.000008097,-0.04897
1970-01-01 00:00:00.000008098,-0.04792
1970-01-01 00:00:00.000008099,-0.0470709999999999
1970-01-01 00:00:00.000008100,-0.046153
1970-01-01 00:00:00.000008101,-0.045049
1970-01-01 00:00:00.000008102,-0.044079
1970-01-01 00:00:00.000008103,-0.043654
1970-01-01 00:00:00.000008104,-0.043926
1970-01-01 00:00:00.000008105,-0.044564
1970-01-01 00:00:00.000008106,-0.045387
1970-01-01 00:00:00.000008107,-0.046141
1970-01-01 00:00:00.000008108,-0.04698
1970-01-01 00:00:00.000008109,-0.047924
1970-01-01 00:00:00.000008110,-0.048916
1970-01-01 00:00:00.000008111,-0.050016
1970-01-01 00:00:00.000008112,-0.051081
1970-01-01 00:00:00.000008113,-0.052023
1970-01-01 00:00:00.000008114,-0.052775
1970-01-01 00:00:00.000008115,-0.053515
1970-01-01 00:00:00.000008116,-0.054207
1970-01-01 00:00:00.000008117,-0.054608
1970-01-01 00:00:00.000008118,-0.054589
1970-01-01 00:00:00.000008119,-0.05436
1970-01-01 00:00:00.000008120,-0.0542049999999999
1970-01-01 00:00:00.000008121,-0.054276
1970-01-01 00:00:00.000008122,-0.0545019999999999
1970-01-01 00:00:00.000008123,-0.054886
1970-01-01 00:00:00.000008124,-0.055219
1970-01-01 00:00:00.000008125,-0.05526
1970-01-01 00:00:00.000008126,-0.0552649999999999
1970-01-01 00:00:00.000008127,-0.055339
1970-01-01 00:00:00.000008128,-0.055497
1970-01-01 00:00:00.000008129,-0.0557
1970-01-01 00:00:00.000008130,-0.05591
1970-01-01 00:00:00.000008131,-0.055865
1970-01-01 00:00:00.000008132,-0.055448
1970-01-01 00:00:00.000008133,-0.05472
1970-01-01 00:00:00.000008134,-0.0538429999999999
1970-01-01 00:00:00.000008135,-0.0529179999999999
1970-01-01 00:00:00.000008136,-0.052
1970-01-01 00:00:00.000008137,-0.051039
1970-01-01 00:00:00.000008138,-0.050019
1970-01-01 00:00:00.000008139,-0.049094
1970-01-01 00:00:00.000008140,-0.048256
1970-01-01 00:00:00.000008141,-0.047389
1970-01-01 00:00:00.000008142,-0.046537
1970-01-01 00:00:00.000008143,-0.045831
1970-01-01 00:00:00.000008144,-0.045248
1970-01-01 00:00:00.000008145,-0.044721
1970-01-01 00:00:00.000008146,-0.044308
1970-01-01 00:00:00.000008147,-0.044098
1970-01-01 00:00:00.000008148,-0.044071
1970-01-01 00:00:00.000008149,-0.0441839999999999
1970-01-01 00:00:00.000008150,-0.044319
1970-01-01 00:00:00.000008151,-0.0444209999999999
1970-01-01 00:00:00.000008152,-0.0446639999999999
1970-01-01 00:00:00.000008153,-0.045098
1970-01-01 00:00:00.000008154,-0.045508
1970-01-01 00:00:00.000008155,-0.0456899999999999
1970-01-01 00:00:00.000008156,-0.045715
1970-01-01 00:00:00.000008157,-0.04556
1970-01-01 00:00:00.000008158,-0.045237
1970-01-01 00:00:00.000008159,-0.044815
1970-01-01 00:00:00.000008160,-0.044468
1970-01-01 00:00:00.000008161,-0.044403
1970-01-01 00:00:00.000008162,-0.044723
1970-01-01 00:00:00.000008163,-0.045172
1970-01-01 00:00:00.000008164,-0.045462
1970-01-01 00:00:00.000008165,-0.045516
1970-01-01 00:00:00.000008166,-0.045405
1970-01-01 00:00:00.000008167,-0.0452889999999999
1970-01-01 00:00:00.000008168,-0.045152
1970-01-01 00:00:00.000008169,-0.044946
1970-01-01 00:00:00.000008170,-0.044675
1970-01-01 00:00:00.000008171,-0.044376
1970-01-01 00:00:00.000008172,-0.043997
1970-01-01 00:00:00.000008173,-0.043418
1970-01-01 00:00:00.000008174,-0.0427279999999999
1970-01-01 00:00:00.000008175,-0.042094
1970-01-01 00:00:00.000008176,-0.04155
1970-01-01 00:00:00.000008177,-0.041118
1970-01-01 00:00:00.000008178,-0.040727
1970-01-01 00:00:00.000008179,-0.0404879999999999
1970-01-01 00:00:00.000008180,-0.0404879999999999
1970-01-01 00:00:00.000008181,-0.040971
1970-01-01 00:00:00.000008182,-0.04154
1970-01-01 00:00:00.000008183,-0.041818
1970-01-01 00:00:00.000008184,-0.04206
1970-01-01 00:00:00.000008185,-0.0422709999999999
1970-01-01 00:00:00.000008186,-0.042408
1970-01-01 00:00:00.000008187,-0.04278
1970-01-01 00:00:00.000008188,-0.043361
1970-01-01 00:00:00.000008189,-0.043924
1970-01-01 00:00:00.000008190,-0.044442
1970-01-01 00:00:00.000008191,-0.044797
1970-01-01 00:00:00.000008192,-0.045036
1970-01-01 00:00:00.000008193,-0.045114
1970-01-01 00:00:00.000008194,-0.045009
1970-01-01 00:00:00.000008195,-0.044818
1970-01-01 00:00:00.000008196,-0.044654
1970-01-01 00:00:00.000008197,-0.044501
1970-01-01 00:00:00.000008198,-0.044215
1970-01-01 00:00:00.000008199,-0.043709
1970-01-01 00:00:00.000008200,-0.042949
1970-01-01 00:00:00.000008201,-0.042019
1970-01-01 00:00:00.000008202,-0.041296
1970-01-01 00:00:00.000008203,-0.040893
1970-01-01 00:00:00.000008204,-0.040649
1970-01-01 00:00:00.000008205,-0.040573
1970-01-01 00:00:00.000008206,-0.040587
1970-01-01 00:00:00.000008207,-0.040615
1970-01-01 00:00:00.000008208,-0.040625
1970-01-01 00:00:00.000008209,-0.040701
1970-01-01 00:00:00.000008210,-0.040793
1970-01-01 00:00:00.000008211,-0.040735
1970-01-01 00:00:00.000008212,-0.04052
1970-01-01 00:00:00.000008213,-0.040193
1970-01-01 00:00:00.000008214,-0.039792
1970-01-01 00:00:00.000008215,-0.039368
1970-01-01 00:00:00.000008216,-0.038955
1970-01-01 00:00:00.000008217,-0.038574
1970-01-01 00:00:00.000008218,-0.038199
1970-01-01 00:00:00.000008219,-0.037799
1970-01-01 00:00:00.000008220,-0.0374339999999999
1970-01-01 00:00:00.000008221,-0.037246
1970-01-01 00:00:00.000008222,-0.037341
1970-01-01 00:00:00.000008223,-0.037623
1970-01-01 00:00:00.000008224,-0.037959
1970-01-01 00:00:00.000008225,-0.038368
1970-01-01 00:00:00.000008226,-0.038835
1970-01-01 00:00:00.000008227,-0.0393639999999999
1970-01-01 00:00:00.000008228,-0.039783
1970-01-01 00:00:00.000008229,-0.04016
1970-01-01 00:00:00.000008230,-0.040511
1970-01-01 00:00:00.000008231,-0.040837
1970-01-01 00:00:00.000008232,-0.041103
1970-01-01 00:00:00.000008233,-0.0413
1970-01-01 00:00:00.000008234,-0.041496
1970-01-01 00:00:00.000008235,-0.041687
1970-01-01 00:00:00.000008236,-0.041866
1970-01-01 00:00:00.000008237,-0.042033
1970-01-01 00:00:00.000008238,-0.042219
1970-01-01 00:00:00.000008239,-0.042387
1970-01-01 00:00:00.000008240,-0.042541
1970-01-01 00:00:00.000008241,-0.042744
1970-01-01 00:00:00.000008242,-0.043057
1970-01-01 00:00:00.000008243,-0.043388
1970-01-01 00:00:00.000008244,-0.043722
1970-01-01 00:00:00.000008245,-0.044055
1970-01-01 00:00:00.000008246,-0.044361
1970-01-01 00:00:00.000008247,-0.044677
1970-01-01 00:00:00.000008248,-0.044957
1970-01-01 00:00:00.000008249,-0.045175
1970-01-01 00:00:00.000008250,-0.045295
1970-01-01 00:00:00.000008251,-0.045409
1970-01-01 00:00:00.000008252,-0.045518
1970-01-01 00:00:00.000008253,-0.045589
1970-01-01 00:00:00.000008254,-0.045723
1970-01-01 00:00:00.000008255,-0.045944
1970-01-01 00:00:00.000008256,-0.04616
1970-01-01 00:00:00.000008257,-0.046283
1970-01-01 00:00:00.000008258,-0.046313
1970-01-01 00:00:00.000008259,-0.046357
1970-01-01 00:00:00.000008260,-0.046504
1970-01-01 00:00:00.000008261,-0.0466839999999999
1970-01-01 00:00:00.000008262,-0.046851
1970-01-01 00:00:00.000008263,-0.046959
1970-01-01 00:00:00.000008264,-0.047019
1970-01-01 00:00:00.000008265,-0.047039
1970-01-01 00:00:00.000008266,-0.047093
1970-01-01 00:00:00.000008267,-0.047194
1970-01-01 00:00:00.000008268,-0.047326
1970-01-01 00:00:00.000008269,-0.047424
1970-01-01 00:00:00.000008270,-0.04747
1970-01-01 00:00:00.000008271,-0.047451
1970-01-01 00:00:00.000008272,-0.047455
1970-01-01 00:00:00.000008273,-0.047411
1970-01-01 00:00:00.000008274,-0.047244
1970-01-01 00:00:00.000008275,-0.04702
1970-01-01 00:00:00.000008276,-0.046641
1970-01-01 00:00:00.000008277,-0.046168
1970-01-01 00:00:00.000008278,-0.045585
1970-01-01 00:00:00.000008279,-0.04493
1970-01-01 00:00:00.000008280,-0.044299
1970-01-01 00:00:00.000008281,-0.043889
1970-01-01 00:00:00.000008282,-0.043539
1970-01-01 00:00:00.000008283,-0.04308
1970-01-01 00:00:00.000008284,-0.042543
1970-01-01 00:00:00.000008285,-0.041844
1970-01-01 00:00:00.000008286,-0.040986
1970-01-01 00:00:00.000008287,-0.0398149999999999
1970-01-01 00:00:00.000008288,-0.037942
1970-01-01 00:00:00.000008289,-0.035673
1970-01-01 00:00:00.000008290,-0.033545
1970-01-01 00:00:00.000008291,-0.031592
1970-01-01 00:00:00.000008292,-0.029832
1970-01-01 00:00:00.000008293,-0.0285069999999999
1970-01-01 00:00:00.000008294,-0.027556
1970-01-01 00:00:00.000008295,-0.026962
1970-01-01 00:00:00.000008296,-0.026469
1970-01-01 00:00:00.000008297,-0.0261379999999999
1970-01-01 00:00:00.000008298,-0.0260839999999999
1970-01-01 00:00:00.000008299,-0.026268
1970-01-01 00:00:00.000008300,-0.0263699999999999
1970-01-01 00:00:00.000008301,-0.025532
1970-01-01 00:00:00.000008302,-0.02293
1970-01-01 00:00:00.000008303,-0.019225
1970-01-01 00:00:00.000008304,-0.015884
1970-01-01 00:00:00.000008305,-0.0133699999999999
1970-01-01 00:00:00.000008306,-0.011649
1970-01-01 00:00:00.000008307,-0.010551
1970-01-01 00:00:00.000008308,-0.009506
1970-01-01 00:00:00.000008309,-0.008185
1970-01-01 00:00:00.000008310,-0.006622
1970-01-01 00:00:00.000008311,-0.0049479999999999
1970-01-01 00:00:00.000008312,-0.003377
1970-01-01 00:00:00.000008313,-0.002101
1970-01-01 00:00:00.000008314,-0.000992
1970-01-01 00:00:00.000008315,-0.000254
1970-01-01 00:00:00.000008316,-2e-05
1970-01-01 00:00:00.000008317,-0.000244
1970-01-01 00:00:00.000008318,-0.000692
1970-01-01 00:00:00.000008319,-0.001209
1970-01-01 00:00:00.000008320,-0.001942
1970-01-01 00:00:00.000008321,-0.002605
1970-01-01 00:00:00.000008322,-0.002777
1970-01-01 00:00:00.000008323,-0.00307
1970-01-01 00:00:00.000008324,-0.00399
1970-01-01 00:00:00.000008325,-0.005438
1970-01-01 00:00:00.000008326,-0.007273
1970-01-01 00:00:00.000008327,-0.009487
1970-01-01 00:00:00.000008328,-0.011934
1970-01-01 00:00:00.000008329,-0.01458
1970-01-01 00:00:00.000008330,-0.017662
1970-01-01 00:00:00.000008331,-0.021211
1970-01-01 00:00:00.000008332,-0.0248919999999999
1970-01-01 00:00:00.000008333,-0.028533
1970-01-01 00:00:00.000008334,-0.032123
1970-01-01 00:00:00.000008335,-0.035875
1970-01-01 00:00:00.000008336,-0.038645
1970-01-01 00:00:00.000008337,-0.04078
1970-01-01 00:00:00.000008338,-0.043305
1970-01-01 00:00:00.000008339,-0.04728
1970-01-01 00:00:00.000008340,-0.052887
1970-01-01 00:00:00.000008341,-0.0596429999999999
1970-01-01 00:00:00.000008342,-0.066827
1970-01-01 00:00:00.000008343,-0.073406
1970-01-01 00:00:00.000008344,-0.078783
1970-01-01 00:00:00.000008345,-0.083794
1970-01-01 00:00:00.000008346,-0.08925
1970-01-01 00:00:00.000008347,-0.093638
1970-01-01 00:00:00.000008348,-0.095078
1970-01-01 00:00:00.000008349,-0.0966429999999999
1970-01-01 00:00:00.000008350,-0.09957
1970-01-01 00:00:00.000008351,-0.102384
1970-01-01 00:00:00.000008352,-0.105505
1970-01-01 00:00:00.000008353,-0.109472
1970-01-01 00:00:00.000008354,-0.114014
1970-01-01 00:00:00.000008355,-0.118213
1970-01-01 00:00:00.000008356,-0.122319
1970-01-01 00:00:00.000008357,-0.126171
1970-01-01 00:00:00.000008358,-0.129538
1970-01-01 00:00:00.000008359,-0.132904
1970-01-01 00:00:00.000008360,-0.136759
1970-01-01 00:00:00.000008361,-0.141013
1970-01-01 00:00:00.000008362,-0.144336
1970-01-01 00:00:00.000008363,-0.145476
1970-01-01 00:00:00.000008364,-0.145886
1970-01-01 00:00:00.000008365,-0.147378
1970-01-01 00:00:00.000008366,-0.148774
1970-01-01 00:00:00.000008367,-0.1488529999999999
1970-01-01 00:00:00.000008368,-0.149243
1970-01-01 00:00:00.000008369,-0.150134
1970-01-01 00:00:00.000008370,-0.1507099999999999
1970-01-01 00:00:00.000008371,-0.150546
1970-01-01 00:00:00.000008372,-0.1506019999999999
1970-01-01 00:00:00.000008373,-0.151442
1970-01-01 00:00:00.000008374,-0.152295
1970-01-01 00:00:00.000008375,-0.153156
1970-01-01 00:00:00.000008376,-0.155142
1970-01-01 00:00:00.000008377,-0.158147
1970-01-01 00:00:00.000008378,-0.160099
1970-01-01 00:00:00.000008379,-0.160018
1970-01-01 00:00:00.000008380,-0.159155
1970-01-01 00:00:00.000008381,-0.158158
1970-01-01 00:00:00.000008382,-0.156393
1970-01-01 00:00:00.000008383,-0.154682
1970-01-01 00:00:00.000008384,-0.154249
1970-01-01 00:00:00.000008385,-0.154501
1970-01-01 00:00:00.000008386,-0.154602
1970-01-01 00:00:00.000008387,-0.154655
1970-01-01 00:00:00.000008388,-0.155049
1970-01-01 00:00:00.000008389,-0.155426
1970-01-01 00:00:00.000008390,-0.155337
1970-01-01 00:00:00.000008391,-0.155692
1970-01-01 00:00:00.000008392,-0.156931
1970-01-01 00:00:00.000008393,-0.157082
1970-01-01 00:00:00.000008394,-0.1556529999999999
1970-01-01 00:00:00.000008395,-0.155297
1970-01-01 00:00:00.000008396,-0.155305
1970-01-01 00:00:00.000008397,-0.154109
1970-01-01 00:00:00.000008398,-0.153201
1970-01-01 00:00:00.000008399,-0.153544
1970-01-01 00:00:00.000008400,-0.154587
1970-01-01 00:00:00.000008401,-0.155133
1970-01-01 00:00:00.000008402,-0.154802
1970-01-01 00:00:00.000008403,-0.1544849999999999
1970-01-01 00:00:00.000008404,-0.154414
1970-01-01 00:00:00.000008405,-0.154134
1970-01-01 00:00:00.000008406,-0.153315
1970-01-01 00:00:00.000008407,-0.152125
1970-01-01 00:00:00.000008408,-0.151393
1970-01-01 00:00:00.000008409,-0.150821
1970-01-01 00:00:00.000008410,-0.149534
1970-01-01 00:00:00.000008411,-0.147356
1970-01-01 00:00:00.000008412,-0.145144
1970-01-01 00:00:00.000008413,-0.143304
1970-01-01 00:00:00.000008414,-0.141522
1970-01-01 00:00:00.000008415,-0.139446
1970-01-01 00:00:00.000008416,-0.137181
1970-01-01 00:00:00.000008417,-0.134927
1970-01-01 00:00:00.000008418,-0.132877
1970-01-01 00:00:00.000008419,-0.1310839999999999
1970-01-01 00:00:00.000008420,-0.129413
1970-01-01 00:00:00.000008421,-0.127601
1970-01-01 00:00:00.000008422,-0.125616
1970-01-01 00:00:00.000008423,-0.123567
1970-01-01 00:00:00.000008424,-0.121637
1970-01-01 00:00:00.000008425,-0.119881
1970-01-01 00:00:00.000008426,-0.11798
1970-01-01 00:00:00.000008427,-0.1160269999999999
1970-01-01 00:00:00.000008428,-0.114315
1970-01-01 00:00:00.000008429,-0.112597
1970-01-01 00:00:00.000008430,-0.110718
1970-01-01 00:00:00.000008431,-0.1090059999999999
1970-01-01 00:00:00.000008432,-0.107482
1970-01-01 00:00:00.000008433,-0.106101
1970-01-01 00:00:00.000008434,-0.104977
1970-01-01 00:00:00.000008435,-0.104113
1970-01-01 00:00:00.000008436,-0.103434
1970-01-01 00:00:00.000008437,-0.102691
1970-01-01 00:00:00.000008438,-0.101609
1970-01-01 00:00:00.000008439,-0.100186
1970-01-01 00:00:00.000008440,-0.098172
1970-01-01 00:00:00.000008441,-0.095699
1970-01-01 00:00:00.000008442,-0.092968
1970-01-01 00:00:00.000008443,-0.090025
1970-01-01 00:00:00.000008444,-0.086528
1970-01-01 00:00:00.000008445,-0.082414
1970-01-01 00:00:00.000008446,-0.078237
1970-01-01 00:00:00.000008447,-0.074235
1970-01-01 00:00:00.000008448,-0.070664
1970-01-01 00:00:00.000008449,-0.067672
1970-01-01 00:00:00.000008450,-0.065269
1970-01-01 00:00:00.000008451,-0.0632539999999999
1970-01-01 00:00:00.000008452,-0.061357
1970-01-01 00:00:00.000008453,-0.0593559999999999
1970-01-01 00:00:00.000008454,-0.057147
1970-01-01 00:00:00.000008455,-0.054755
1970-01-01 00:00:00.000008456,-0.052183
1970-01-01 00:00:00.000008457,-0.049503
1970-01-01 00:00:00.000008458,-0.046773
1970-01-01 00:00:00.000008459,-0.044136
1970-01-01 00:00:00.000008460,-0.041818
1970-01-01 00:00:00.000008461,-0.039843
1970-01-01 00:00:00.000008462,-0.03807
1970-01-01 00:00:00.000008463,-0.03631
1970-01-01 00:00:00.000008464,-0.03449
1970-01-01 00:00:00.000008465,-0.0325149999999999
1970-01-01 00:00:00.000008466,-0.0305439999999999
1970-01-01 00:00:00.000008467,-0.028623
1970-01-01 00:00:00.000008468,-0.0267959999999999
1970-01-01 00:00:00.000008469,-0.0250479999999999
1970-01-01 00:00:00.000008470,-0.0234599999999999
1970-01-01 00:00:00.000008471,-0.022293
1970-01-01 00:00:00.000008472,-0.021406
1970-01-01 00:00:00.000008473,-0.020618
1970-01-01 00:00:00.000008474,-0.020056
1970-01-01 00:00:00.000008475,-0.019801
1970-01-01 00:00:00.000008476,-0.019992
1970-01-01 00:00:00.000008477,-0.0205169999999999
1970-01-01 00:00:00.000008478,-0.021315
1970-01-01 00:00:00.000008479,-0.022276
1970-01-01 00:00:00.000008480,-0.023259
1970-01-01 00:00:00.000008481,-0.024184
1970-01-01 00:00:00.000008482,-0.024835
1970-01-01 00:00:00.000008483,-0.025432
1970-01-01 00:00:00.000008484,-0.026205
1970-01-01 00:00:00.000008485,-0.027056
1970-01-01 00:00:00.000008486,-0.027777
1970-01-01 00:00:00.000008487,-0.02837
1970-01-01 00:00:00.000008488,-0.0290779999999999
1970-01-01 00:00:00.000008489,-0.029925
1970-01-01 00:00:00.000008490,-0.030835
1970-01-01 00:00:00.000008491,-0.031783
1970-01-01 00:00:00.000008492,-0.032782
1970-01-01 00:00:00.000008493,-0.033891
1970-01-01 00:00:00.000008494,-0.035037
1970-01-01 00:00:00.000008495,-0.036091
1970-01-01 00:00:00.000008496,-0.03681
1970-01-01 00:00:00.000008497,-0.037248
1970-01-01 00:00:00.000008498,-0.037509
1970-01-01 00:00:00.000008499,-0.03768
1970-01-01 00:00:00.000008500,-0.0379399999999999
1970-01-01 00:00:00.000008501,-0.038417
1970-01-01 00:00:00.000008502,-0.0389959999999999
1970-01-01 00:00:00.000008503,-0.039585
1970-01-01 00:00:00.000008504,-0.0401689999999999
1970-01-01 00:00:00.000008505,-0.040781
1970-01-01 00:00:00.000008506,-0.041394
1970-01-01 00:00:00.000008507,-0.042044
1970-01-01 00:00:00.000008508,-0.04261
1970-01-01 00:00:00.000008509,-0.043056
1970-01-01 00:00:00.000008510,-0.043493
1970-01-01 00:00:00.000008511,-0.043979
1970-01-01 00:00:00.000008512,-0.044549
1970-01-01 00:00:00.000008513,-0.0451709999999999
1970-01-01 00:00:00.000008514,-0.045875
1970-01-01 00:00:00.000008515,-0.046676
1970-01-01 00:00:00.000008516,-0.047442
1970-01-01 00:00:00.000008517,-0.048184
1970-01-01 00:00:00.000008518,-0.048919
1970-01-01 00:00:00.000008519,-0.049561
1970-01-01 00:00:00.000008520,-0.050189
1970-01-01 00:00:00.000008521,-0.050944
1970-01-01 00:00:00.000008522,-0.0519909999999999
1970-01-01 00:00:00.000008523,-0.053202
1970-01-01 00:00:00.000008524,-0.05434
1970-01-01 00:00:00.000008525,-0.0552519999999999
1970-01-01 00:00:00.000008526,-0.055872
1970-01-01 00:00:00.000008527,-0.0562909999999999
1970-01-01 00:00:00.000008528,-0.056478
1970-01-01 00:00:00.000008529,-0.0566299999999999
1970-01-01 00:00:00.000008530,-0.056879
1970-01-01 00:00:00.000008531,-0.057224
1970-01-01 00:00:00.000008532,-0.057689
1970-01-01 00:00:00.000008533,-0.058189
1970-01-01 00:00:00.000008534,-0.058752
1970-01-01 00:00:00.000008535,-0.059409
1970-01-01 00:00:00.000008536,-0.060134
1970-01-01 00:00:00.000008537,-0.060847
1970-01-01 00:00:00.000008538,-0.0614
1970-01-01 00:00:00.000008539,-0.061836
1970-01-01 00:00:00.000008540,-0.062351
1970-01-01 00:00:00.000008541,-0.062967
1970-01-01 00:00:00.000008542,-0.0636419999999999
1970-01-01 00:00:00.000008543,-0.064417
1970-01-01 00:00:00.000008544,-0.065246
1970-01-01 00:00:00.000008545,-0.066041
1970-01-01 00:00:00.000008546,-0.066942
1970-01-01 00:00:00.000008547,-0.067888
1970-01-01 00:00:00.000008548,-0.068858
1970-01-01 00:00:00.000008549,-0.069925
1970-01-01 00:00:00.000008550,-0.070947
1970-01-01 00:00:00.000008551,-0.071893
1970-01-01 00:00:00.000008552,-0.072727
1970-01-01 00:00:00.000008553,-0.073408
1970-01-01 00:00:00.000008554,-0.073796
1970-01-01 00:00:00.000008555,-0.073992
1970-01-01 00:00:00.000008556,-0.074039
1970-01-01 00:00:00.000008557,-0.074094
1970-01-01 00:00:00.000008558,-0.0742159999999999
1970-01-01 00:00:00.000008559,-0.074359
1970-01-01 00:00:00.000008560,-0.07443
1970-01-01 00:00:00.000008561,-0.074278
1970-01-01 00:00:00.000008562,-0.073798
1970-01-01 00:00:00.000008563,-0.073003
1970-01-01 00:00:00.000008564,-0.072004
1970-01-01 00:00:00.000008565,-0.070957
1970-01-01 00:00:00.000008566,-0.069882
1970-01-01 00:00:00.000008567,-0.068769
1970-01-01 00:00:00.000008568,-0.06774
1970-01-01 00:00:00.000008569,-0.066888
1970-01-01 00:00:00.000008570,-0.066162
1970-01-01 00:00:00.000008571,-0.065407
1970-01-01 00:00:00.000008572,-0.064605
1970-01-01 00:00:00.000008573,-0.063844
1970-01-01 00:00:00.000008574,-0.063223
1970-01-01 00:00:00.000008575,-0.06273
1970-01-01 00:00:00.000008576,-0.062223
1970-01-01 00:00:00.000008577,-0.061698
1970-01-01 00:00:00.000008578,-0.061172
1970-01-01 00:00:00.000008579,-0.060583
1970-01-01 00:00:00.000008580,-0.059976
1970-01-01 00:00:00.000008581,-0.059377
1970-01-01 00:00:00.000008582,-0.0588399999999999
1970-01-01 00:00:00.000008583,-0.058303
1970-01-01 00:00:00.000008584,-0.057676
1970-01-01 00:00:00.000008585,-0.056936
1970-01-01 00:00:00.000008586,-0.056269
1970-01-01 00:00:00.000008587,-0.055834
1970-01-01 00:00:00.000008588,-0.055563
1970-01-01 00:00:00.000008589,-0.055395
1970-01-01 00:00:00.000008590,-0.055429
1970-01-01 00:00:00.000008591,-0.0556
1970-01-01 00:00:00.000008592,-0.055871
1970-01-01 00:00:00.000008593,-0.056208
1970-01-01 00:00:00.000008594,-0.056483
1970-01-01 00:00:00.000008595,-0.056594
1970-01-01 00:00:00.000008596,-0.0566259999999999
1970-01-01 00:00:00.000008597,-0.056582
1970-01-01 00:00:00.000008598,-0.056434
1970-01-01 00:00:00.000008599,-0.056207
1970-01-01 00:00:00.000008600,-0.055783
1970-01-01 00:00:00.000008601,-0.055222
1970-01-01 00:00:00.000008602,-0.054616
1970-01-01 00:00:00.000008603,-0.0541549999999999
1970-01-01 00:00:00.000008604,-0.053836
1970-01-01 00:00:00.000008605,-0.053591
1970-01-01 00:00:00.000008606,-0.053271
1970-01-01 00:00:00.000008607,-0.052847
1970-01-01 00:00:00.000008608,-0.052295
1970-01-01 00:00:00.000008609,-0.051612
1970-01-01 00:00:00.000008610,-0.050759
1970-01-01 00:00:00.000008611,-0.049573
1970-01-01 00:00:00.000008612,-0.04828
1970-01-01 00:00:00.000008613,-0.047085
1970-01-01 00:00:00.000008614,-0.045915
1970-01-01 00:00:00.000008615,-0.044643
1970-01-01 00:00:00.000008616,-0.043418
1970-01-01 00:00:00.000008617,-0.042338
1970-01-01 00:00:00.000008618,-0.041318
1970-01-01 00:00:00.000008619,-0.040372
1970-01-01 00:00:00.000008620,-0.039501
1970-01-01 00:00:00.000008621,-0.038736
1970-01-01 00:00:00.000008622,-0.038106
1970-01-01 00:00:00.000008623,-0.037441
1970-01-01 00:00:00.000008624,-0.036713
1970-01-01 00:00:00.000008625,-0.035952
1970-01-01 00:00:00.000008626,-0.035384
1970-01-01 00:00:00.000008627,-0.03516
1970-01-01 00:00:00.000008628,-0.035282
1970-01-01 00:00:00.000008629,-0.035737
1970-01-01 00:00:00.000008630,-0.0363589999999999
1970-01-01 00:00:00.000008631,-0.0369839999999999
1970-01-01 00:00:00.000008632,-0.037557
1970-01-01 00:00:00.000008633,-0.038086
1970-01-01 00:00:00.000008634,-0.038631
1970-01-01 00:00:00.000008635,-0.039155
1970-01-01 00:00:00.000008636,-0.0396199999999999
1970-01-01 00:00:00.000008637,-0.0400509999999999
1970-01-01 00:00:00.000008638,-0.040428
1970-01-01 00:00:00.000008639,-0.040736
1970-01-01 00:00:00.000008640,-0.040892
1970-01-01 00:00:00.000008641,-0.0409
1970-01-01 00:00:00.000008642,-0.040863
1970-01-01 00:00:00.000008643,-0.040868
1970-01-01 00:00:00.000008644,-0.040944
1970-01-01 00:00:00.000008645,-0.041095
1970-01-01 00:00:00.000008646,-0.041214
1970-01-01 00:00:00.000008647,-0.041288
1970-01-01 00:00:00.000008648,-0.041494
1970-01-01 00:00:00.000008649,-0.041716
1970-01-01 00:00:00.000008650,-0.0418269999999999
1970-01-01 00:00:00.000008651,-0.041772
1970-01-01 00:00:00.000008652,-0.041628
1970-01-01 00:00:00.000008653,-0.041484
1970-01-01 00:00:00.000008654,-0.041458
1970-01-01 00:00:00.000008655,-0.041504
1970-01-01 00:00:00.000008656,-0.041592
1970-01-01 00:00:00.000008657,-0.041749
1970-01-01 00:00:00.000008658,-0.041987
1970-01-01 00:00:00.000008659,-0.042265
1970-01-01 00:00:00.000008660,-0.0425279999999999
1970-01-01 00:00:00.000008661,-0.0427149999999999
1970-01-01 00:00:00.000008662,-0.042832
1970-01-01 00:00:00.000008663,-0.042828
1970-01-01 00:00:00.000008664,-0.042668
1970-01-01 00:00:00.000008665,-0.042324
1970-01-01 00:00:00.000008666,-0.041915
1970-01-01 00:00:00.000008667,-0.0415339999999999
1970-01-01 00:00:00.000008668,-0.041411
1970-01-01 00:00:00.000008669,-0.041446
1970-01-01 00:00:00.000008670,-0.04154
1970-01-01 00:00:00.000008671,-0.041789
1970-01-01 00:00:00.000008672,-0.042093
1970-01-01 00:00:00.000008673,-0.042326
1970-01-01 00:00:00.000008674,-0.042526
1970-01-01 00:00:00.000008675,-0.04268
1970-01-01 00:00:00.000008676,-0.042695
1970-01-01 00:00:00.000008677,-0.042575
1970-01-01 00:00:00.000008678,-0.042421
1970-01-01 00:00:00.000008679,-0.042282
1970-01-01 00:00:00.000008680,-0.042111
1970-01-01 00:00:00.000008681,-0.041936
1970-01-01 00:00:00.000008682,-0.041838
1970-01-01 00:00:00.000008683,-0.0417579999999999
1970-01-01 00:00:00.000008684,-0.041662
1970-01-01 00:00:00.000008685,-0.0415769999999999
1970-01-01 00:00:00.000008686,-0.04145
1970-01-01 00:00:00.000008687,-0.04133
1970-01-01 00:00:00.000008688,-0.041264
1970-01-01 00:00:00.000008689,-0.04123
1970-01-01 00:00:00.000008690,-0.041235
1970-01-01 00:00:00.000008691,-0.041205
1970-01-01 00:00:00.000008692,-0.041214
1970-01-01 00:00:00.000008693,-0.041255
1970-01-01 00:00:00.000008694,-0.041356
1970-01-01 00:00:00.000008695,-0.041387
1970-01-01 00:00:00.000008696,-0.04125
1970-01-01 00:00:00.000008697,-0.041051
1970-01-01 00:00:00.000008698,-0.040693
1970-01-01 00:00:00.000008699,-0.040301
1970-01-01 00:00:00.000008700,-0.039914
1970-01-01 00:00:00.000008701,-0.03956
1970-01-01 00:00:00.000008702,-0.039261
1970-01-01 00:00:00.000008703,-0.038981
1970-01-01 00:00:00.000008704,-0.038816
1970-01-01 00:00:00.000008705,-0.038838
1970-01-01 00:00:00.000008706,-0.039129
1970-01-01 00:00:00.000008707,-0.039629
1970-01-01 00:00:00.000008708,-0.040292
1970-01-01 00:00:00.000008709,-0.040899
1970-01-01 00:00:00.000008710,-0.041552
1970-01-01 00:00:00.000008711,-0.0421519999999999
1970-01-01 00:00:00.000008712,-0.042758
1970-01-01 00:00:00.000008713,-0.043356
1970-01-01 00:00:00.000008714,-0.04393
1970-01-01 00:00:00.000008715,-0.044404
1970-01-01 00:00:00.000008716,-0.044759
1970-01-01 00:00:00.000008717,-0.0450189999999999
1970-01-01 00:00:00.000008718,-0.045106
1970-01-01 00:00:00.000008719,-0.045086
1970-01-01 00:00:00.000008720,-0.044956
1970-01-01 00:00:00.000008721,-0.04486
1970-01-01 00:00:00.000008722,-0.0448779999999999
1970-01-01 00:00:00.000008723,-0.045084
1970-01-01 00:00:00.000008724,-0.045517
1970-01-01 00:00:00.000008725,-0.046139
1970-01-01 00:00:00.000008726,-0.0468769999999999
1970-01-01 00:00:00.000008727,-0.047654
1970-01-01 00:00:00.000008728,-0.0484589999999999
1970-01-01 00:00:00.000008729,-0.049273
1970-01-01 00:00:00.000008730,-0.050145
1970-01-01 00:00:00.000008731,-0.050952
1970-01-01 00:00:00.000008732,-0.051569
1970-01-01 00:00:00.000008733,-0.05196
1970-01-01 00:00:00.000008734,-0.052127
1970-01-01 00:00:00.000008735,-0.0521559999999999
1970-01-01 00:00:00.000008736,-0.052085
1970-01-01 00:00:00.000008737,-0.052023
1970-01-01 00:00:00.000008738,-0.052027
1970-01-01 00:00:00.000008739,-0.051972
1970-01-01 00:00:00.000008740,-0.051785
1970-01-01 00:00:00.000008741,-0.051599
1970-01-01 00:00:00.000008742,-0.051409
1970-01-01 00:00:00.000008743,-0.051287
1970-01-01 00:00:00.000008744,-0.051288
1970-01-01 00:00:00.000008745,-0.0514279999999999
1970-01-01 00:00:00.000008746,-0.051615
1970-01-01 00:00:00.000008747,-0.051833
1970-01-01 00:00:00.000008748,-0.051996
1970-01-01 00:00:00.000008749,-0.052062
1970-01-01 00:00:00.000008750,-0.0521809999999999
1970-01-01 00:00:00.000008751,-0.0523429999999999
1970-01-01 00:00:00.000008752,-0.052509
1970-01-01 00:00:00.000008753,-0.052682
1970-01-01 00:00:00.000008754,-0.052862
1970-01-01 00:00:00.000008755,-0.053065
1970-01-01 00:00:00.000008756,-0.053327
1970-01-01 00:00:00.000008757,-0.0537169999999999
1970-01-01 00:00:00.000008758,-0.054184
1970-01-01 00:00:00.000008759,-0.0546179999999999
1970-01-01 00:00:00.000008760,-0.055021
1970-01-01 00:00:00.000008761,-0.055392
1970-01-01 00:00:00.000008762,-0.0556799999999999
1970-01-01 00:00:00.000008763,-0.055878
1970-01-01 00:00:00.000008764,-0.056095
1970-01-01 00:00:00.000008765,-0.056326
1970-01-01 00:00:00.000008766,-0.056623
1970-01-01 00:00:00.000008767,-0.0570149999999999
1970-01-01 00:00:00.000008768,-0.0575
1970-01-01 00:00:00.000008769,-0.0580039999999999
1970-01-01 00:00:00.000008770,-0.058536
1970-01-01 00:00:00.000008771,-0.059063
1970-01-01 00:00:00.000008772,-0.059583
1970-01-01 00:00:00.000008773,-0.0600809999999999
1970-01-01 00:00:00.000008774,-0.060573
1970-01-01 00:00:00.000008775,-0.061
1970-01-01 00:00:00.000008776,-0.0613149999999999
1970-01-01 00:00:00.000008777,-0.061484
1970-01-01 00:00:00.000008778,-0.061501
1970-01-01 00:00:00.000008779,-0.061394
1970-01-01 00:00:00.000008780,-0.061175
1970-01-01 00:00:00.000008781,-0.060869
1970-01-01 00:00:00.000008782,-0.060573
1970-01-01 00:00:00.000008783,-0.060225
1970-01-01 00:00:00.000008784,-0.059909
1970-01-01 00:00:00.000008785,-0.059588
1970-01-01 00:00:00.000008786,-0.059302
1970-01-01 00:00:00.000008787,-0.0591649999999999
1970-01-01 00:00:00.000008788,-0.059048
1970-01-01 00:00:00.000008789,-0.0589779999999999
1970-01-01 00:00:00.000008790,-0.058869
1970-01-01 00:00:00.000008791,-0.058614
1970-01-01 00:00:00.000008792,-0.058327
1970-01-01 00:00:00.000008793,-0.058101
1970-01-01 00:00:00.000008794,-0.057798
1970-01-01 00:00:00.000008795,-0.05749
1970-01-01 00:00:00.000008796,-0.057211
1970-01-01 00:00:00.000008797,-0.056997
1970-01-01 00:00:00.000008798,-0.0567429999999999
1970-01-01 00:00:00.000008799,-0.056463
1970-01-01 00:00:00.000008800,-0.056246
1970-01-01 00:00:00.000008801,-0.05617
1970-01-01 00:00:00.000008802,-0.0561299999999999
1970-01-01 00:00:00.000008803,-0.056083
1970-01-01 00:00:00.000008804,-0.056034
1970-01-01 00:00:00.000008805,-0.055923
1970-01-01 00:00:00.000008806,-0.055832
1970-01-01 00:00:00.000008807,-0.055774
1970-01-01 00:00:00.000008808,-0.055845
1970-01-01 00:00:00.000008809,-0.056097
1970-01-01 00:00:00.000008810,-0.0563539999999999
1970-01-01 00:00:00.000008811,-0.056535
1970-01-01 00:00:00.000008812,-0.0566809999999999
1970-01-01 00:00:00.000008813,-0.05679
1970-01-01 00:00:00.000008814,-0.056923
1970-01-01 00:00:00.000008815,-0.057047
1970-01-01 00:00:00.000008816,-0.057133
1970-01-01 00:00:00.000008817,-0.057221
1970-01-01 00:00:00.000008818,-0.057298
1970-01-01 00:00:00.000008819,-0.057383
1970-01-01 00:00:00.000008820,-0.057436
1970-01-01 00:00:00.000008821,-0.057364
1970-01-01 00:00:00.000008822,-0.057186
1970-01-01 00:00:00.000008823,-0.056938
1970-01-01 00:00:00.000008824,-0.056708
1970-01-01 00:00:00.000008825,-0.056421
1970-01-01 00:00:00.000008826,-0.05612
1970-01-01 00:00:00.000008827,-0.05587
1970-01-01 00:00:00.000008828,-0.055597
1970-01-01 00:00:00.000008829,-0.055263
1970-01-01 00:00:00.000008830,-0.054896
1970-01-01 00:00:00.000008831,-0.0545159999999999
1970-01-01 00:00:00.000008832,-0.0541139999999999
1970-01-01 00:00:00.000008833,-0.053688
1970-01-01 00:00:00.000008834,-0.053258
1970-01-01 00:00:00.000008835,-0.0528919999999999
1970-01-01 00:00:00.000008836,-0.052665
1970-01-01 00:00:00.000008837,-0.052598
1970-01-01 00:00:00.000008838,-0.052627
1970-01-01 00:00:00.000008839,-0.052699
1970-01-01 00:00:00.000008840,-0.052832
1970-01-01 00:00:00.000008841,-0.05281
1970-01-01 00:00:00.000008842,-0.052577
1970-01-01 00:00:00.000008843,-0.052224
1970-01-01 00:00:00.000008844,-0.051935
1970-01-01 00:00:00.000008845,-0.05171
1970-01-01 00:00:00.000008846,-0.051466
1970-01-01 00:00:00.000008847,-0.051226
1970-01-01 00:00:00.000008848,-0.051003
1970-01-01 00:00:00.000008849,-0.050772
1970-01-01 00:00:00.000008850,-0.050544
1970-01-01 00:00:00.000008851,-0.05032
1970-01-01 00:00:00.000008852,-0.050145
1970-01-01 00:00:00.000008853,-0.050047
1970-01-01 00:00:00.000008854,-0.049913
1970-01-01 00:00:00.000008855,-0.049743
1970-01-01 00:00:00.000008856,-0.049541
1970-01-01 00:00:00.000008857,-0.049286
1970-01-01 00:00:00.000008858,-0.049076
1970-01-01 00:00:00.000008859,-0.0489459999999999
1970-01-01 00:00:00.000008860,-0.048817
1970-01-01 00:00:00.000008861,-0.04865
1970-01-01 00:00:00.000008862,-0.048372
1970-01-01 00:00:00.000008863,-0.047993
1970-01-01 00:00:00.000008864,-0.04763
1970-01-01 00:00:00.000008865,-0.047296
1970-01-01 00:00:00.000008866,-0.0469459999999999
1970-01-01 00:00:00.000008867,-0.046584
1970-01-01 00:00:00.000008868,-0.046215
1970-01-01 00:00:00.000008869,-0.045867
1970-01-01 00:00:00.000008870,-0.045586
1970-01-01 00:00:00.000008871,-0.045362
1970-01-01 00:00:00.000008872,-0.045126
1970-01-01 00:00:00.000008873,-0.044887
1970-01-01 00:00:00.000008874,-0.044641
1970-01-01 00:00:00.000008875,-0.044396
1970-01-01 00:00:00.000008876,-0.044148
1970-01-01 00:00:00.000008877,-0.043891
1970-01-01 00:00:00.000008878,-0.04362
1970-01-01 00:00:00.000008879,-0.043385
1970-01-01 00:00:00.000008880,-0.043123
1970-01-01 00:00:00.000008881,-0.042809
1970-01-01 00:00:00.000008882,-0.042492
1970-01-01 00:00:00.000008883,-0.042186
1970-01-01 00:00:00.000008884,-0.041811
1970-01-01 00:00:00.000008885,-0.041483
1970-01-01 00:00:00.000008886,-0.04118
1970-01-01 00:00:00.000008887,-0.040897
1970-01-01 00:00:00.000008888,-0.0407
1970-01-01 00:00:00.000008889,-0.0404949999999999
1970-01-01 00:00:00.000008890,-0.040346
1970-01-01 00:00:00.000008891,-0.040156
1970-01-01 00:00:00.000008892,-0.0399589999999999
1970-01-01 00:00:00.000008893,-0.039762
1970-01-01 00:00:00.000008894,-0.039526
1970-01-01 00:00:00.000008895,-0.0393209999999999
1970-01-01 00:00:00.000008896,-0.039185
1970-01-01 00:00:00.000008897,-0.0390379999999999
1970-01-01 00:00:00.000008898,-0.038917
1970-01-01 00:00:00.000008899,-0.038818
1970-01-01 00:00:00.000008900,-0.038696
1970-01-01 00:00:00.000008901,-0.038576
1970-01-01 00:00:00.000008902,-0.038462
1970-01-01 00:00:00.000008903,-0.038354
1970-01-01 00:00:00.000008904,-0.038243
1970-01-01 00:00:00.000008905,-0.0381149999999999
1970-01-01 00:00:00.000008906,-0.0380029999999999
1970-01-01 00:00:00.000008907,-0.03795
1970-01-01 00:00:00.000008908,-0.037885
1970-01-01 00:00:00.000008909,-0.037793
1970-01-01 00:00:00.000008910,-0.037721
1970-01-01 00:00:00.000008911,-0.0377129999999999
1970-01-01 00:00:00.000008912,-0.037788
1970-01-01 00:00:00.000008913,-0.037908
1970-01-01 00:00:00.000008914,-0.038072
1970-01-01 00:00:00.000008915,-0.038197
1970-01-01 00:00:00.000008916,-0.038278
1970-01-01 00:00:00.000008917,-0.038423
1970-01-01 00:00:00.000008918,-0.038648
1970-01-01 00:00:00.000008919,-0.038957
1970-01-01 00:00:00.000008920,-0.039369
1970-01-01 00:00:00.000008921,-0.039803
1970-01-01 00:00:00.000008922,-0.0403269999999999
1970-01-01 00:00:00.000008923,-0.040849
1970-01-01 00:00:00.000008924,-0.041453
1970-01-01 00:00:00.000008925,-0.0421519999999999
1970-01-01 00:00:00.000008926,-0.042745
1970-01-01 00:00:00.000008927,-0.043236
1970-01-01 00:00:00.000008928,-0.043661
1970-01-01 00:00:00.000008929,-0.044034
1970-01-01 00:00:00.000008930,-0.0444769999999999
1970-01-01 00:00:00.000008931,-0.045031
1970-01-01 00:00:00.000008932,-0.045622
1970-01-01 00:00:00.000008933,-0.046228
1970-01-01 00:00:00.000008934,-0.046883
1970-01-01 00:00:00.000008935,-0.047595
1970-01-01 00:00:00.000008936,-0.048397
1970-01-01 00:00:00.000008937,-0.049252
1970-01-01 00:00:00.000008938,-0.0500959999999999
1970-01-01 00:00:00.000008939,-0.050961
1970-01-01 00:00:00.000008940,-0.0517559999999999
1970-01-01 00:00:00.000008941,-0.0524419999999999
1970-01-01 00:00:00.000008942,-0.052953
1970-01-01 00:00:00.000008943,-0.0533
1970-01-01 00:00:00.000008944,-0.0536559999999999
1970-01-01 00:00:00.000008945,-0.0541769999999999
1970-01-01 00:00:00.000008946,-0.054764
1970-01-01 00:00:00.000008947,-0.055296
1970-01-01 00:00:00.000008948,-0.055698
1970-01-01 00:00:00.000008949,-0.055987
1970-01-01 00:00:00.000008950,-0.056299
1970-01-01 00:00:00.000008951,-0.056773
1970-01-01 00:00:00.000008952,-0.057198
1970-01-01 00:00:00.000008953,-0.057267
1970-01-01 00:00:00.000008954,-0.05697
1970-01-01 00:00:00.000008955,-0.056595
1970-01-01 00:00:00.000008956,-0.056102
1970-01-01 00:00:00.000008957,-0.05585
1970-01-01 00:00:00.000008958,-0.056062
1970-01-01 00:00:00.000008959,-0.0564309999999999
1970-01-01 00:00:00.000008960,-0.056037
1970-01-01 00:00:00.000008961,-0.054551
1970-01-01 00:00:00.000008962,-0.052312
1970-01-01 00:00:00.000008963,-0.049836
1970-01-01 00:00:00.000008964,-0.04776
1970-01-01 00:00:00.000008965,-0.046215
1970-01-01 00:00:00.000008966,-0.045121
1970-01-01 00:00:00.000008967,-0.044027
1970-01-01 00:00:00.000008968,-0.042224
1970-01-01 00:00:00.000008969,-0.039501
1970-01-01 00:00:00.000008970,-0.03668
1970-01-01 00:00:00.000008971,-0.034947
1970-01-01 00:00:00.000008972,-0.035287
1970-01-01 00:00:00.000008973,-0.036824
1970-01-01 00:00:00.000008974,-0.03826
1970-01-01 00:00:00.000008975,-0.039465
1970-01-01 00:00:00.000008976,-0.04059
1970-01-01 00:00:00.000008977,-0.041642
1970-01-01 00:00:00.000008978,-0.042071
1970-01-01 00:00:00.000008979,-0.041754
1970-01-01 00:00:00.000008980,-0.041102
1970-01-01 00:00:00.000008981,-0.0402579999999999
1970-01-01 00:00:00.000008982,-0.039413
1970-01-01 00:00:00.000008983,-0.039347
1970-01-01 00:00:00.000008984,-0.040858
1970-01-01 00:00:00.000008985,-0.043855
1970-01-01 00:00:00.000008986,-0.04725
1970-01-01 00:00:00.000008987,-0.050283
1970-01-01 00:00:00.000008988,-0.052778
1970-01-01 00:00:00.000008989,-0.054889
1970-01-01 00:00:00.000008990,-0.056475
1970-01-01 00:00:00.000008991,-0.0573669999999999
1970-01-01 00:00:00.000008992,-0.0576529999999999
1970-01-01 00:00:00.000008993,-0.0574059999999999
1970-01-01 00:00:00.000008994,-0.057112
1970-01-01 00:00:00.000008995,-0.0573659999999999
1970-01-01 00:00:00.000008996,-0.058377
1970-01-01 00:00:00.000008997,-0.059958
1970-01-01 00:00:00.000008998,-0.061699
1970-01-01 00:00:00.000008999,-0.062983
1970-01-01 00:00:00.000009000,-0.063867
1970-01-01 00:00:00.000009001,-0.064701
1970-01-01 00:00:00.000009002,-0.065869
1970-01-01 00:00:00.000009003,-0.067342
1970-01-01 00:00:00.000009004,-0.069102
1970-01-01 00:00:00.000009005,-0.071334
1970-01-01 00:00:00.000009006,-0.073742
1970-01-01 00:00:00.000009007,-0.075916
1970-01-01 00:00:00.000009008,-0.077745
1970-01-01 00:00:00.000009009,-0.079108
1970-01-01 00:00:00.000009010,-0.0799909999999999
1970-01-01 00:00:00.000009011,-0.08073
1970-01-01 00:00:00.000009012,-0.081869
1970-01-01 00:00:00.000009013,-0.083757
1970-01-01 00:00:00.000009014,-0.086494
1970-01-01 00:00:00.000009015,-0.089705
1970-01-01 00:00:00.000009016,-0.0931039999999999
1970-01-01 00:00:00.000009017,-0.096356
1970-01-01 00:00:00.000009018,-0.0995009999999999
1970-01-01 00:00:00.000009019,-0.10262
1970-01-01 00:00:00.000009020,-0.105169
1970-01-01 00:00:00.000009021,-0.107012
1970-01-01 00:00:00.000009022,-0.10853
1970-01-01 00:00:00.000009023,-0.1100859999999999
1970-01-01 00:00:00.000009024,-0.111883
1970-01-01 00:00:00.000009025,-0.1139029999999999
1970-01-01 00:00:00.000009026,-0.115824
1970-01-01 00:00:00.000009027,-0.117533
1970-01-01 00:00:00.000009028,-0.11909
1970-01-01 00:00:00.000009029,-0.120475
1970-01-01 00:00:00.000009030,-0.121649
1970-01-01 00:00:00.000009031,-0.122401
1970-01-01 00:00:00.000009032,-0.122769
1970-01-01 00:00:00.000009033,-0.12295
1970-01-01 00:00:00.000009034,-0.123243
1970-01-01 00:00:00.000009035,-0.124151
1970-01-01 00:00:00.000009036,-0.126381
1970-01-01 00:00:00.000009037,-0.129477
1970-01-01 00:00:00.000009038,-0.131924
1970-01-01 00:00:00.000009039,-0.13284
1970-01-01 00:00:00.000009040,-0.132594
1970-01-01 00:00:00.000009041,-0.1314779999999999
1970-01-01 00:00:00.000009042,-0.129906
1970-01-01 00:00:00.000009043,-0.128187
1970-01-01 00:00:00.000009044,-0.126392
1970-01-01 00:00:00.000009045,-0.124814
1970-01-01 00:00:00.000009046,-0.123474
1970-01-01 00:00:00.000009047,-0.122366
1970-01-01 00:00:00.000009048,-0.12144
1970-01-01 00:00:00.000009049,-0.1205349999999999
1970-01-01 00:00:00.000009050,-0.119999
1970-01-01 00:00:00.000009051,-0.1194559999999999
1970-01-01 00:00:00.000009052,-0.1184289999999999
1970-01-01 00:00:00.000009053,-0.11727
1970-01-01 00:00:00.000009054,-0.1160809999999999
1970-01-01 00:00:00.000009055,-0.11488
1970-01-01 00:00:00.000009056,-0.113746
1970-01-01 00:00:00.000009057,-0.1125819999999999
1970-01-01 00:00:00.000009058,-0.11143
1970-01-01 00:00:00.000009059,-0.1102869999999999
1970-01-01 00:00:00.000009060,-0.1090119999999999
1970-01-01 00:00:00.000009061,-0.107706
1970-01-01 00:00:00.000009062,-0.106468
1970-01-01 00:00:00.000009063,-0.105166
1970-01-01 00:00:00.000009064,-0.103804
1970-01-01 00:00:00.000009065,-0.102236
1970-01-01 00:00:00.000009066,-0.100445
1970-01-01 00:00:00.000009067,-0.098638
1970-01-01 00:00:00.000009068,-0.0969309999999999
1970-01-01 00:00:00.000009069,-0.095469
1970-01-01 00:00:00.000009070,-0.094293
1970-01-01 00:00:00.000009071,-0.0932559999999999
1970-01-01 00:00:00.000009072,-0.092282
1970-01-01 00:00:00.000009073,-0.091334
1970-01-01 00:00:00.000009074,-0.090335
1970-01-01 00:00:00.000009075,-0.089181
1970-01-01 00:00:00.000009076,-0.087894
1970-01-01 00:00:00.000009077,-0.08669
1970-01-01 00:00:00.000009078,-0.085794
1970-01-01 00:00:00.000009079,-0.085327
1970-01-01 00:00:00.000009080,-0.0850539999999999
1970-01-01 00:00:00.000009081,-0.085012
1970-01-01 00:00:00.000009082,-0.0851929999999999
1970-01-01 00:00:00.000009083,-0.0855669999999999
1970-01-01 00:00:00.000009084,-0.086194
1970-01-01 00:00:00.000009085,-0.086918
1970-01-01 00:00:00.000009086,-0.087495
1970-01-01 00:00:00.000009087,-0.087871
1970-01-01 00:00:00.000009088,-0.087912
1970-01-01 00:00:00.000009089,-0.087613
1970-01-01 00:00:00.000009090,-0.0871779999999999
1970-01-01 00:00:00.000009091,-0.086552
1970-01-01 00:00:00.000009092,-0.0858179999999999
1970-01-01 00:00:00.000009093,-0.085184
1970-01-01 00:00:00.000009094,-0.084884
1970-01-01 00:00:00.000009095,-0.084912
1970-01-01 00:00:00.000009096,-0.085163
1970-01-01 00:00:00.000009097,-0.085411
1970-01-01 00:00:00.000009098,-0.085462
1970-01-01 00:00:00.000009099,-0.085592
1970-01-01 00:00:00.000009100,-0.08585
1970-01-01 00:00:00.000009101,-0.085954
1970-01-01 00:00:00.000009102,-0.085728
1970-01-01 00:00:00.000009103,-0.085293
1970-01-01 00:00:00.000009104,-0.08499
1970-01-01 00:00:00.000009105,-0.085128
1970-01-01 00:00:00.000009106,-0.085647
1970-01-01 00:00:00.000009107,-0.086232
1970-01-01 00:00:00.000009108,-0.086707
1970-01-01 00:00:00.000009109,-0.087109
1970-01-01 00:00:00.000009110,-0.087417
1970-01-01 00:00:00.000009111,-0.08772
1970-01-01 00:00:00.000009112,-0.088115
1970-01-01 00:00:00.000009113,-0.08863
1970-01-01 00:00:00.000009114,-0.089258
1970-01-01 00:00:00.000009115,-0.0899929999999999
1970-01-01 00:00:00.000009116,-0.090816
1970-01-01 00:00:00.000009117,-0.091777
1970-01-01 00:00:00.000009118,-0.093144
1970-01-01 00:00:00.000009119,-0.094689
1970-01-01 00:00:00.000009120,-0.096009
1970-01-01 00:00:00.000009121,-0.096961
1970-01-01 00:00:00.000009122,-0.097636
1970-01-01 00:00:00.000009123,-0.098244
1970-01-01 00:00:00.000009124,-0.098753
1970-01-01 00:00:00.000009125,-0.099051
1970-01-01 00:00:00.000009126,-0.099264
1970-01-01 00:00:00.000009127,-0.099422
1970-01-01 00:00:00.000009128,-0.099446
1970-01-01 00:00:00.000009129,-0.0993
1970-01-01 00:00:00.000009130,-0.098967
1970-01-01 00:00:00.000009131,-0.098373
1970-01-01 00:00:00.000009132,-0.097577
1970-01-01 00:00:00.000009133,-0.096686
1970-01-01 00:00:00.000009134,-0.095715
1970-01-01 00:00:00.000009135,-0.094644
1970-01-01 00:00:00.000009136,-0.093502
1970-01-01 00:00:00.000009137,-0.0923929999999999
1970-01-01 00:00:00.000009138,-0.091499
1970-01-01 00:00:00.000009139,-0.090827
1970-01-01 00:00:00.000009140,-0.090159
1970-01-01 00:00:00.000009141,-0.089242
1970-01-01 00:00:00.000009142,-0.088224
1970-01-01 00:00:00.000009143,-0.087234
1970-01-01 00:00:00.000009144,-0.086322
1970-01-01 00:00:00.000009145,-0.085655
1970-01-01 00:00:00.000009146,-0.085339
1970-01-01 00:00:00.000009147,-0.085261
1970-01-01 00:00:00.000009148,-0.085151
1970-01-01 00:00:00.000009149,-0.0849169999999999
1970-01-01 00:00:00.000009150,-0.084538
1970-01-01 00:00:00.000009151,-0.084089
1970-01-01 00:00:00.000009152,-0.0836799999999999
1970-01-01 00:00:00.000009153,-0.083199
1970-01-01 00:00:00.000009154,-0.082573
1970-01-01 00:00:00.000009155,-0.081886
1970-01-01 00:00:00.000009156,-0.081269
1970-01-01 00:00:00.000009157,-0.080819
1970-01-01 00:00:00.000009158,-0.080483
1970-01-01 00:00:00.000009159,-0.080163
1970-01-01 00:00:00.000009160,-0.079797
1970-01-01 00:00:00.000009161,-0.079333
1970-01-01 00:00:00.000009162,-0.07883
1970-01-01 00:00:00.000009163,-0.078285
1970-01-01 00:00:00.000009164,-0.077791
1970-01-01 00:00:00.000009165,-0.07736
1970-01-01 00:00:00.000009166,-0.076994
1970-01-01 00:00:00.000009167,-0.076672
1970-01-01 00:00:00.000009168,-0.076307
1970-01-01 00:00:00.000009169,-0.0758539999999999
1970-01-01 00:00:00.000009170,-0.0753539999999999
1970-01-01 00:00:00.000009171,-0.074866
1970-01-01 00:00:00.000009172,-0.074473
1970-01-01 00:00:00.000009173,-0.074187
1970-01-01 00:00:00.000009174,-0.073813
1970-01-01 00:00:00.000009175,-0.073389
1970-01-01 00:00:00.000009176,-0.072857
1970-01-01 00:00:00.000009177,-0.072175
1970-01-01 00:00:00.000009178,-0.071326
1970-01-01 00:00:00.000009179,-0.070261
1970-01-01 00:00:00.000009180,-0.069017
1970-01-01 00:00:00.000009181,-0.067773
1970-01-01 00:00:00.000009182,-0.066519
1970-01-01 00:00:00.000009183,-0.065305
1970-01-01 00:00:00.000009184,-0.064108
1970-01-01 00:00:00.000009185,-0.06298
1970-01-01 00:00:00.000009186,-0.061849
1970-01-01 00:00:00.000009187,-0.060777
1970-01-01 00:00:00.000009188,-0.059899
1970-01-01 00:00:00.000009189,-0.059208
1970-01-01 00:00:00.000009190,-0.0585889999999999
1970-01-01 00:00:00.000009191,-0.058124
1970-01-01 00:00:00.000009192,-0.05774
1970-01-01 00:00:00.000009193,-0.057586
1970-01-01 00:00:00.000009194,-0.0577059999999999
1970-01-01 00:00:00.000009195,-0.057869
1970-01-01 00:00:00.000009196,-0.057871
1970-01-01 00:00:00.000009197,-0.05778
1970-01-01 00:00:00.000009198,-0.057526
1970-01-01 00:00:00.000009199,-0.057119
1970-01-01 00:00:00.000009200,-0.056615
1970-01-01 00:00:00.000009201,-0.056143
1970-01-01 00:00:00.000009202,-0.055697
1970-01-01 00:00:00.000009203,-0.055321
1970-01-01 00:00:00.000009204,-0.055045
1970-01-01 00:00:00.000009205,-0.054819
1970-01-01 00:00:00.000009206,-0.054638
1970-01-01 00:00:00.000009207,-0.0545289999999999
1970-01-01 00:00:00.000009208,-0.054473
1970-01-01 00:00:00.000009209,-0.054508
1970-01-01 00:00:00.000009210,-0.054701
1970-01-01 00:00:00.000009211,-0.055013
1970-01-01 00:00:00.000009212,-0.055389
1970-01-01 00:00:00.000009213,-0.055761
1970-01-01 00:00:00.000009214,-0.056123
1970-01-01 00:00:00.000009215,-0.056489
1970-01-01 00:00:00.000009216,-0.0569169999999999
1970-01-01 00:00:00.000009217,-0.0574159999999999
1970-01-01 00:00:00.000009218,-0.057977
1970-01-01 00:00:00.000009219,-0.058619
1970-01-01 00:00:00.000009220,-0.059361
1970-01-01 00:00:00.000009221,-0.06017
1970-01-01 00:00:00.000009222,-0.0609809999999999
1970-01-01 00:00:00.000009223,-0.061758
1970-01-01 00:00:00.000009224,-0.062473
1970-01-01 00:00:00.000009225,-0.063187
1970-01-01 00:00:00.000009226,-0.063938
1970-01-01 00:00:00.000009227,-0.064748
1970-01-01 00:00:00.000009228,-0.065567
1970-01-01 00:00:00.000009229,-0.066228
1970-01-01 00:00:00.000009230,-0.066748
1970-01-01 00:00:00.000009231,-0.067067
1970-01-01 00:00:00.000009232,-0.0670429999999999
1970-01-01 00:00:00.000009233,-0.066814
1970-01-01 00:00:00.000009234,-0.066412
1970-01-01 00:00:00.000009235,-0.066068
1970-01-01 00:00:00.000009236,-0.0656139999999999
1970-01-01 00:00:00.000009237,-0.064941
1970-01-01 00:00:00.000009238,-0.064089
1970-01-01 00:00:00.000009239,-0.063249
1970-01-01 00:00:00.000009240,-0.062622
1970-01-01 00:00:00.000009241,-0.062307
1970-01-01 00:00:00.000009242,-0.062145
1970-01-01 00:00:00.000009243,-0.062095
1970-01-01 00:00:00.000009244,-0.0620519999999999
1970-01-01 00:00:00.000009245,-0.062084
1970-01-01 00:00:00.000009246,-0.062148
1970-01-01 00:00:00.000009247,-0.062047
1970-01-01 00:00:00.000009248,-0.061871
1970-01-01 00:00:00.000009249,-0.06171
1970-01-01 00:00:00.000009250,-0.061738
1970-01-01 00:00:00.000009251,-0.061873
1970-01-01 00:00:00.000009252,-0.06209
1970-01-01 00:00:00.000009253,-0.062409
1970-01-01 00:00:00.000009254,-0.062804
1970-01-01 00:00:00.000009255,-0.0631419999999999
1970-01-01 00:00:00.000009256,-0.063403
1970-01-01 00:00:00.000009257,-0.063561
1970-01-01 00:00:00.000009258,-0.063765
1970-01-01 00:00:00.000009259,-0.063974
1970-01-01 00:00:00.000009260,-0.0641679999999999
1970-01-01 00:00:00.000009261,-0.064448
1970-01-01 00:00:00.000009262,-0.064823
1970-01-01 00:00:00.000009263,-0.065219
1970-01-01 00:00:00.000009264,-0.065616
1970-01-01 00:00:00.000009265,-0.066006
1970-01-01 00:00:00.000009266,-0.066453
1970-01-01 00:00:00.000009267,-0.067026
1970-01-01 00:00:00.000009268,-0.067657
1970-01-01 00:00:00.000009269,-0.0683179999999999
1970-01-01 00:00:00.000009270,-0.068977
1970-01-01 00:00:00.000009271,-0.06972
1970-01-01 00:00:00.000009272,-0.070447
1970-01-01 00:00:00.000009273,-0.071137
1970-01-01 00:00:00.000009274,-0.071844
1970-01-01 00:00:00.000009275,-0.072719
1970-01-01 00:00:00.000009276,-0.074059
1970-01-01 00:00:00.000009277,-0.076138
1970-01-01 00:00:00.000009278,-0.078889
1970-01-01 00:00:00.000009279,-0.081676
1970-01-01 00:00:00.000009280,-0.08376
1970-01-01 00:00:00.000009281,-0.084633
1970-01-01 00:00:00.000009282,-0.084766
1970-01-01 00:00:00.000009283,-0.084862
1970-01-01 00:00:00.000009284,-0.085459
1970-01-01 00:00:00.000009285,-0.086632
1970-01-01 00:00:00.000009286,-0.088286
1970-01-01 00:00:00.000009287,-0.0903009999999999
1970-01-01 00:00:00.000009288,-0.092578
1970-01-01 00:00:00.000009289,-0.095161
1970-01-01 00:00:00.000009290,-0.0980149999999999
1970-01-01 00:00:00.000009291,-0.100632
1970-01-01 00:00:00.000009292,-0.102338
1970-01-01 00:00:00.000009293,-0.103222
1970-01-01 00:00:00.000009294,-0.103714
1970-01-01 00:00:00.000009295,-0.104176
1970-01-01 00:00:00.000009296,-0.105095
1970-01-01 00:00:00.000009297,-0.106025
1970-01-01 00:00:00.000009298,-0.106615
1970-01-01 00:00:00.000009299,-0.106789
1970-01-01 00:00:00.000009300,-0.106727
1970-01-01 00:00:00.000009301,-0.1066599999999999
1970-01-01 00:00:00.000009302,-0.106815
1970-01-01 00:00:00.000009303,-0.107223
1970-01-01 00:00:00.000009304,-0.107468
1970-01-01 00:00:00.000009305,-0.107438
1970-01-01 00:00:00.000009306,-0.107501
1970-01-01 00:00:00.000009307,-0.107894
1970-01-01 00:00:00.000009308,-0.108346
1970-01-01 00:00:00.000009309,-0.108723
1970-01-01 00:00:00.000009310,-0.109161
1970-01-01 00:00:00.000009311,-0.109873
1970-01-01 00:00:00.000009312,-0.110413
1970-01-01 00:00:00.000009313,-0.1102349999999999
1970-01-01 00:00:00.000009314,-0.1090859999999999
1970-01-01 00:00:00.000009315,-0.107644
1970-01-01 00:00:00.000009316,-0.1063349999999999
1970-01-01 00:00:00.000009317,-0.10527
1970-01-01 00:00:00.000009318,-0.104325
1970-01-01 00:00:00.000009319,-0.103268
1970-01-01 00:00:00.000009320,-0.10213
1970-01-01 00:00:00.000009321,-0.100977
1970-01-01 00:00:00.000009322,-0.1003039999999999
1970-01-01 00:00:00.000009323,-0.09978
1970-01-01 00:00:00.000009324,-0.099348
1970-01-01 00:00:00.000009325,-0.099098
1970-01-01 00:00:00.000009326,-0.0990429999999999
1970-01-01 00:00:00.000009327,-0.098658
1970-01-01 00:00:00.000009328,-0.097486
1970-01-01 00:00:00.000009329,-0.095356
1970-01-01 00:00:00.000009330,-0.092911
1970-01-01 00:00:00.000009331,-0.0907
1970-01-01 00:00:00.000009332,-0.0888019999999999
1970-01-01 00:00:00.000009333,-0.08686
1970-01-01 00:00:00.000009334,-0.084871
1970-01-01 00:00:00.000009335,-0.082853
1970-01-01 00:00:00.000009336,-0.080492
1970-01-01 00:00:00.000009337,-0.0779649999999999
1970-01-01 00:00:00.000009338,-0.075781
1970-01-01 00:00:00.000009339,-0.0740519999999999
1970-01-01 00:00:00.000009340,-0.072483
1970-01-01 00:00:00.000009341,-0.0707899999999999
1970-01-01 00:00:00.000009342,-0.069202
1970-01-01 00:00:00.000009343,-0.068248
1970-01-01 00:00:00.000009344,-0.068044
1970-01-01 00:00:00.000009345,-0.068032
1970-01-01 00:00:00.000009346,-0.067717
1970-01-01 00:00:00.000009347,-0.067368
1970-01-01 00:00:00.000009348,-0.067009
1970-01-01 00:00:00.000009349,-0.066808
1970-01-01 00:00:00.000009350,-0.066467
1970-01-01 00:00:00.000009351,-0.065929
1970-01-01 00:00:00.000009352,-0.06576
1970-01-01 00:00:00.000009353,-0.065787
1970-01-01 00:00:00.000009354,-0.065539
1970-01-01 00:00:00.000009355,-0.064844
1970-01-01 00:00:00.000009356,-0.063993
1970-01-01 00:00:00.000009357,-0.063264
1970-01-01 00:00:00.000009358,-0.0626559999999999
1970-01-01 00:00:00.000009359,-0.061825
1970-01-01 00:00:00.000009360,-0.0608429999999999
1970-01-01 00:00:00.000009361,-0.059872
1970-01-01 00:00:00.000009362,-0.059127
1970-01-01 00:00:00.000009363,-0.058855
1970-01-01 00:00:00.000009364,-0.058852
1970-01-01 00:00:00.000009365,-0.058788
1970-01-01 00:00:00.000009366,-0.0583799999999999
1970-01-01 00:00:00.000009367,-0.05816
1970-01-01 00:00:00.000009368,-0.058743
1970-01-01 00:00:00.000009369,-0.059737
1970-01-01 00:00:00.000009370,-0.060609
1970-01-01 00:00:00.000009371,-0.060982
1970-01-01 00:00:00.000009372,-0.060973
1970-01-01 00:00:00.000009373,-0.060862
1970-01-01 00:00:00.000009374,-0.060557
1970-01-01 00:00:00.000009375,-0.059848
1970-01-01 00:00:00.000009376,-0.058977
1970-01-01 00:00:00.000009377,-0.058212
1970-01-01 00:00:00.000009378,-0.0574299999999999
1970-01-01 00:00:00.000009379,-0.056675
1970-01-01 00:00:00.000009380,-0.0562649999999999
1970-01-01 00:00:00.000009381,-0.055723
1970-01-01 00:00:00.000009382,-0.054941
1970-01-01 00:00:00.000009383,-0.054494
1970-01-01 00:00:00.000009384,-0.05439
1970-01-01 00:00:00.000009385,-0.054948
1970-01-01 00:00:00.000009386,-0.055887
1970-01-01 00:00:00.000009387,-0.056812
1970-01-01 00:00:00.000009388,-0.057708
1970-01-01 00:00:00.000009389,-0.058658
1970-01-01 00:00:00.000009390,-0.0595809999999999
1970-01-01 00:00:00.000009391,-0.060461
1970-01-01 00:00:00.000009392,-0.061108
1970-01-01 00:00:00.000009393,-0.061858
1970-01-01 00:00:00.000009394,-0.06273
1970-01-01 00:00:00.000009395,-0.063688
1970-01-01 00:00:00.000009396,-0.0646809999999999
1970-01-01 00:00:00.000009397,-0.065206
1970-01-01 00:00:00.000009398,-0.064973
1970-01-01 00:00:00.000009399,-0.064422
1970-01-01 00:00:00.000009400,-0.064174
1970-01-01 00:00:00.000009401,-0.064446
1970-01-01 00:00:00.000009402,-0.065189
1970-01-01 00:00:00.000009403,-0.066083
1970-01-01 00:00:00.000009404,-0.067162
1970-01-01 00:00:00.000009405,-0.068464
1970-01-01 00:00:00.000009406,-0.0700929999999999
1970-01-01 00:00:00.000009407,-0.072019
1970-01-01 00:00:00.000009408,-0.07378
1970-01-01 00:00:00.000009409,-0.07486
1970-01-01 00:00:00.000009410,-0.075321
1970-01-01 00:00:00.000009411,-0.075739
1970-01-01 00:00:00.000009412,-0.07647
1970-01-01 00:00:00.000009413,-0.0769779999999999
1970-01-01 00:00:00.000009414,-0.07693
1970-01-01 00:00:00.000009415,-0.077013
1970-01-01 00:00:00.000009416,-0.077433
1970-01-01 00:00:00.000009417,-0.077901
1970-01-01 00:00:00.000009418,-0.078075
1970-01-01 00:00:00.000009419,-0.078045
1970-01-01 00:00:00.000009420,-0.077998
1970-01-01 00:00:00.000009421,-0.077998
1970-01-01 00:00:00.000009422,-0.077737
1970-01-01 00:00:00.000009423,-0.0771039999999999
1970-01-01 00:00:00.000009424,-0.076283
1970-01-01 00:00:00.000009425,-0.075284
1970-01-01 00:00:00.000009426,-0.074482
1970-01-01 00:00:00.000009427,-0.074049
1970-01-01 00:00:00.000009428,-0.073963
1970-01-01 00:00:00.000009429,-0.074122
1970-01-01 00:00:00.000009430,-0.0742559999999999
1970-01-01 00:00:00.000009431,-0.074235
1970-01-01 00:00:00.000009432,-0.073986
1970-01-01 00:00:00.000009433,-0.073273
1970-01-01 00:00:00.000009434,-0.072575
1970-01-01 00:00:00.000009435,-0.072482
1970-01-01 00:00:00.000009436,-0.072872
1970-01-01 00:00:00.000009437,-0.073384
1970-01-01 00:00:00.000009438,-0.073746
1970-01-01 00:00:00.000009439,-0.073769
1970-01-01 00:00:00.000009440,-0.073446
1970-01-01 00:00:00.000009441,-0.072724
1970-01-01 00:00:00.000009442,-0.071739
1970-01-01 00:00:00.000009443,-0.070965
1970-01-01 00:00:00.000009444,-0.070086
1970-01-01 00:00:00.000009445,-0.0687509999999999
1970-01-01 00:00:00.000009446,-0.067223
1970-01-01 00:00:00.000009447,-0.066353
1970-01-01 00:00:00.000009448,-0.06671
1970-01-01 00:00:00.000009449,-0.067229
1970-01-01 00:00:00.000009450,-0.0670289999999999
1970-01-01 00:00:00.000009451,-0.066743
1970-01-01 00:00:00.000009452,-0.067
1970-01-01 00:00:00.000009453,-0.067437
1970-01-01 00:00:00.000009454,-0.067243
1970-01-01 00:00:00.000009455,-0.066522
1970-01-01 00:00:00.000009456,-0.065652
1970-01-01 00:00:00.000009457,-0.065012
1970-01-01 00:00:00.000009458,-0.064551
1970-01-01 00:00:00.000009459,-0.063996
1970-01-01 00:00:00.000009460,-0.063484
1970-01-01 00:00:00.000009461,-0.0632409999999999
1970-01-01 00:00:00.000009462,-0.06322
1970-01-01 00:00:00.000009463,-0.0632549999999999
1970-01-01 00:00:00.000009464,-0.063275
1970-01-01 00:00:00.000009465,-0.063223
1970-01-01 00:00:00.000009466,-0.063114
1970-01-01 00:00:00.000009467,-0.062902
1970-01-01 00:00:00.000009468,-0.062541
1970-01-01 00:00:00.000009469,-0.0620549999999999
1970-01-01 00:00:00.000009470,-0.061434
1970-01-01 00:00:00.000009471,-0.060608
1970-01-01 00:00:00.000009472,-0.059784
1970-01-01 00:00:00.000009473,-0.059064
1970-01-01 00:00:00.000009474,-0.058327
1970-01-01 00:00:00.000009475,-0.057663
1970-01-01 00:00:00.000009476,-0.057132
1970-01-01 00:00:00.000009477,-0.0568039999999999
1970-01-01 00:00:00.000009478,-0.056572
1970-01-01 00:00:00.000009479,-0.056437
1970-01-01 00:00:00.000009480,-0.056583
1970-01-01 00:00:00.000009481,-0.0568679999999999
1970-01-01 00:00:00.000009482,-0.057211
1970-01-01 00:00:00.000009483,-0.057507
1970-01-01 00:00:00.000009484,-0.057798
1970-01-01 00:00:00.000009485,-0.058091
1970-01-01 00:00:00.000009486,-0.058212
1970-01-01 00:00:00.000009487,-0.058107
1970-01-01 00:00:00.000009488,-0.057885
1970-01-01 00:00:00.000009489,-0.057523
1970-01-01 00:00:00.000009490,-0.056941
1970-01-01 00:00:00.000009491,-0.056251
1970-01-01 00:00:00.000009492,-0.055666
1970-01-01 00:00:00.000009493,-0.055338
1970-01-01 00:00:00.000009494,-0.0552659999999999
1970-01-01 00:00:00.000009495,-0.055268
1970-01-01 00:00:00.000009496,-0.0551669999999999
1970-01-01 00:00:00.000009497,-0.0551
1970-01-01 00:00:00.000009498,-0.055004
1970-01-01 00:00:00.000009499,-0.054876
1970-01-01 00:00:00.000009500,-0.0548179999999999
1970-01-01 00:00:00.000009501,-0.054775
1970-01-01 00:00:00.000009502,-0.054728
1970-01-01 00:00:00.000009503,-0.05465
1970-01-01 00:00:00.000009504,-0.054563
1970-01-01 00:00:00.000009505,-0.054651
1970-01-01 00:00:00.000009506,-0.0549259999999999
1970-01-01 00:00:00.000009507,-0.055316
1970-01-01 00:00:00.000009508,-0.055688
1970-01-01 00:00:00.000009509,-0.0561679999999999
1970-01-01 00:00:00.000009510,-0.056603
1970-01-01 00:00:00.000009511,-0.0571429999999999
1970-01-01 00:00:00.000009512,-0.057814
1970-01-01 00:00:00.000009513,-0.0585179999999999
1970-01-01 00:00:00.000009514,-0.059026
1970-01-01 00:00:00.000009515,-0.059404
1970-01-01 00:00:00.000009516,-0.059805
1970-01-01 00:00:00.000009517,-0.060112
1970-01-01 00:00:00.000009518,-0.0603
1970-01-01 00:00:00.000009519,-0.06046
1970-01-01 00:00:00.000009520,-0.060712
1970-01-01 00:00:00.000009521,-0.0611149999999999
1970-01-01 00:00:00.000009522,-0.0615919999999999
1970-01-01 00:00:00.000009523,-0.062109
1970-01-01 00:00:00.000009524,-0.062541
1970-01-01 00:00:00.000009525,-0.062911
1970-01-01 00:00:00.000009526,-0.063171
1970-01-01 00:00:00.000009527,-0.0633
1970-01-01 00:00:00.000009528,-0.063345
1970-01-01 00:00:00.000009529,-0.063298
1970-01-01 00:00:00.000009530,-0.063251
1970-01-01 00:00:00.000009531,-0.0631029999999999
1970-01-01 00:00:00.000009532,-0.062858
1970-01-01 00:00:00.000009533,-0.062547
1970-01-01 00:00:00.000009534,-0.062264
1970-01-01 00:00:00.000009535,-0.062184
1970-01-01 00:00:00.000009536,-0.0622429999999999
1970-01-01 00:00:00.000009537,-0.062151
1970-01-01 00:00:00.000009538,-0.0618149999999999
1970-01-01 00:00:00.000009539,-0.061332
1970-01-01 00:00:00.000009540,-0.060734
1970-01-01 00:00:00.000009541,-0.0602059999999999
1970-01-01 00:00:00.000009542,-0.059822
1970-01-01 00:00:00.000009543,-0.0595789999999999
1970-01-01 00:00:00.000009544,-0.05936
1970-01-01 00:00:00.000009545,-0.05912
1970-01-01 00:00:00.000009546,-0.058787
1970-01-01 00:00:00.000009547,-0.058399
1970-01-01 00:00:00.000009548,-0.058059
1970-01-01 00:00:00.000009549,-0.057734
1970-01-01 00:00:00.000009550,-0.0574789999999999
1970-01-01 00:00:00.000009551,-0.057302
1970-01-01 00:00:00.000009552,-0.057241
1970-01-01 00:00:00.000009553,-0.05717
1970-01-01 00:00:00.000009554,-0.057011
1970-01-01 00:00:00.000009555,-0.056744
1970-01-01 00:00:00.000009556,-0.05636
1970-01-01 00:00:00.000009557,-0.055983
1970-01-01 00:00:00.000009558,-0.055754
1970-01-01 00:00:00.000009559,-0.055697
1970-01-01 00:00:00.000009560,-0.055699
1970-01-01 00:00:00.000009561,-0.055659
1970-01-01 00:00:00.000009562,-0.055387
1970-01-01 00:00:00.000009563,-0.055095
1970-01-01 00:00:00.000009564,-0.054761
1970-01-01 00:00:00.000009565,-0.0544049999999999
1970-01-01 00:00:00.000009566,-0.0541309999999999
1970-01-01 00:00:00.000009567,-0.053936
1970-01-01 00:00:00.000009568,-0.053839
1970-01-01 00:00:00.000009569,-0.053897
1970-01-01 00:00:00.000009570,-0.053866
1970-01-01 00:00:00.000009571,-0.0538429999999999
1970-01-01 00:00:00.000009572,-0.053813
1970-01-01 00:00:00.000009573,-0.053818
1970-01-01 00:00:00.000009574,-0.053789
1970-01-01 00:00:00.000009575,-0.053741
1970-01-01 00:00:00.000009576,-0.053669
1970-01-01 00:00:00.000009577,-0.053589
1970-01-01 00:00:00.000009578,-0.053389
1970-01-01 00:00:00.000009579,-0.053068
1970-01-01 00:00:00.000009580,-0.05281
1970-01-01 00:00:00.000009581,-0.052661
1970-01-01 00:00:00.000009582,-0.052647
1970-01-01 00:00:00.000009583,-0.052631
1970-01-01 00:00:00.000009584,-0.052612
1970-01-01 00:00:00.000009585,-0.05261
1970-01-01 00:00:00.000009586,-0.0526549999999999
1970-01-01 00:00:00.000009587,-0.05262
1970-01-01 00:00:00.000009588,-0.052575
1970-01-01 00:00:00.000009589,-0.052519
1970-01-01 00:00:00.000009590,-0.052564
1970-01-01 00:00:00.000009591,-0.052662
1970-01-01 00:00:00.000009592,-0.052732
1970-01-01 00:00:00.000009593,-0.052861
1970-01-01 00:00:00.000009594,-0.052913
1970-01-01 00:00:00.000009595,-0.0529669999999999
1970-01-01 00:00:00.000009596,-0.053137
1970-01-01 00:00:00.000009597,-0.053271
1970-01-01 00:00:00.000009598,-0.0534549999999999
1970-01-01 00:00:00.000009599,-0.05367
1970-01-01 00:00:00.000009600,-0.053919
1970-01-01 00:00:00.000009601,-0.054178
1970-01-01 00:00:00.000009602,-0.05445
1970-01-01 00:00:00.000009603,-0.054711
1970-01-01 00:00:00.000009604,-0.054945
1970-01-01 00:00:00.000009605,-0.055205
1970-01-01 00:00:00.000009606,-0.055487
1970-01-01 00:00:00.000009607,-0.0557779999999999
1970-01-01 00:00:00.000009608,-0.056087
1970-01-01 00:00:00.000009609,-0.0564039999999999
1970-01-01 00:00:00.000009610,-0.056685
1970-01-01 00:00:00.000009611,-0.056922
1970-01-01 00:00:00.000009612,-0.057095
1970-01-01 00:00:00.000009613,-0.057274
1970-01-01 00:00:00.000009614,-0.057447
1970-01-01 00:00:00.000009615,-0.057601
1970-01-01 00:00:00.000009616,-0.057814
1970-01-01 00:00:00.000009617,-0.0580409999999999
1970-01-01 00:00:00.000009618,-0.0582539999999999
1970-01-01 00:00:00.000009619,-0.0584779999999999
1970-01-01 00:00:00.000009620,-0.058695
1970-01-01 00:00:00.000009621,-0.058932
1970-01-01 00:00:00.000009622,-0.059162
1970-01-01 00:00:00.000009623,-0.05935
1970-01-01 00:00:00.000009624,-0.059489
1970-01-01 00:00:00.000009625,-0.0596019999999999
1970-01-01 00:00:00.000009626,-0.059675
1970-01-01 00:00:00.000009627,-0.0597669999999999
1970-01-01 00:00:00.000009628,-0.0598289999999999
1970-01-01 00:00:00.000009629,-0.059828
1970-01-01 00:00:00.000009630,-0.059681
1970-01-01 00:00:00.000009631,-0.059483
1970-01-01 00:00:00.000009632,-0.0590889999999999
1970-01-01 00:00:00.000009633,-0.0585759999999999
1970-01-01 00:00:00.000009634,-0.058058
1970-01-01 00:00:00.000009635,-0.057585
1970-01-01 00:00:00.000009636,-0.0572279999999999
1970-01-01 00:00:00.000009637,-0.056927
1970-01-01 00:00:00.000009638,-0.056766
1970-01-01 00:00:00.000009639,-0.056629
1970-01-01 00:00:00.000009640,-0.056531
1970-01-01 00:00:00.000009641,-0.056395
1970-01-01 00:00:00.000009642,-0.056303
1970-01-01 00:00:00.000009643,-0.056406
1970-01-01 00:00:00.000009644,-0.056694
1970-01-01 00:00:00.000009645,-0.057039
1970-01-01 00:00:00.000009646,-0.057404
1970-01-01 00:00:00.000009647,-0.057825
1970-01-01 00:00:00.000009648,-0.058408
1970-01-01 00:00:00.000009649,-0.059225
1970-01-01 00:00:00.000009650,-0.060332
1970-01-01 00:00:00.000009651,-0.061682
1970-01-01 00:00:00.000009652,-0.063136
1970-01-01 00:00:00.000009653,-0.064453
1970-01-01 00:00:00.000009654,-0.065535
1970-01-01 00:00:00.000009655,-0.0665419999999999
1970-01-01 00:00:00.000009656,-0.067212
1970-01-01 00:00:00.000009657,-0.067452
1970-01-01 00:00:00.000009658,-0.067511
1970-01-01 00:00:00.000009659,-0.067496
1970-01-01 00:00:00.000009660,-0.067609
1970-01-01 00:00:00.000009661,-0.067961
1970-01-01 00:00:00.000009662,-0.068188
1970-01-01 00:00:00.000009663,-0.068088
1970-01-01 00:00:00.000009664,-0.068204
1970-01-01 00:00:00.000009665,-0.069095
1970-01-01 00:00:00.000009666,-0.070449
1970-01-01 00:00:00.000009667,-0.0718419999999999
1970-01-01 00:00:00.000009668,-0.07302
1970-01-01 00:00:00.000009669,-0.073922
1970-01-01 00:00:00.000009670,-0.074596
1970-01-01 00:00:00.000009671,-0.075244
1970-01-01 00:00:00.000009672,-0.075999
1970-01-01 00:00:00.000009673,-0.07658
1970-01-01 00:00:00.000009674,-0.076901
1970-01-01 00:00:00.000009675,-0.077042
1970-01-01 00:00:00.000009676,-0.077137
1970-01-01 00:00:00.000009677,-0.077297
1970-01-01 00:00:00.000009678,-0.077416
1970-01-01 00:00:00.000009679,-0.0776179999999999
1970-01-01 00:00:00.000009680,-0.077813
1970-01-01 00:00:00.000009681,-0.078053
1970-01-01 00:00:00.000009682,-0.078293
1970-01-01 00:00:00.000009683,-0.078576
1970-01-01 00:00:00.000009684,-0.079135
1970-01-01 00:00:00.000009685,-0.079902
1970-01-01 00:00:00.000009686,-0.080695
1970-01-01 00:00:00.000009687,-0.081497
1970-01-01 00:00:00.000009688,-0.082103
1970-01-01 00:00:00.000009689,-0.082298
1970-01-01 00:00:00.000009690,-0.082171
1970-01-01 00:00:00.000009691,-0.0818639999999999
1970-01-01 00:00:00.000009692,-0.081492
1970-01-01 00:00:00.000009693,-0.081283
1970-01-01 00:00:00.000009694,-0.081494
1970-01-01 00:00:00.000009695,-0.08216
1970-01-01 00:00:00.000009696,-0.083014
1970-01-01 00:00:00.000009697,-0.083622
1970-01-01 00:00:00.000009698,-0.083857
1970-01-01 00:00:00.000009699,-0.083938
1970-01-01 00:00:00.000009700,-0.0838899999999999
1970-01-01 00:00:00.000009701,-0.083719
1970-01-01 00:00:00.000009702,-0.083309
1970-01-01 00:00:00.000009703,-0.082599
1970-01-01 00:00:00.000009704,-0.081845
1970-01-01 00:00:00.000009705,-0.081106
1970-01-01 00:00:00.000009706,-0.080496
1970-01-01 00:00:00.000009707,-0.080178
1970-01-01 00:00:00.000009708,-0.080105
1970-01-01 00:00:00.000009709,-0.080158
1970-01-01 00:00:00.000009710,-0.080347
1970-01-01 00:00:00.000009711,-0.080633
1970-01-01 00:00:00.000009712,-0.081237
1970-01-01 00:00:00.000009713,-0.081993
1970-01-01 00:00:00.000009714,-0.082645
1970-01-01 00:00:00.000009715,-0.083138
1970-01-01 00:00:00.000009716,-0.083432
1970-01-01 00:00:00.000009717,-0.083526
1970-01-01 00:00:00.000009718,-0.083498
1970-01-01 00:00:00.000009719,-0.0834429999999999
1970-01-01 00:00:00.000009720,-0.083369
1970-01-01 00:00:00.000009721,-0.08338
1970-01-01 00:00:00.000009722,-0.0834309999999999
1970-01-01 00:00:00.000009723,-0.083406
1970-01-01 00:00:00.000009724,-0.083282
1970-01-01 00:00:00.000009725,-0.083005
1970-01-01 00:00:00.000009726,-0.082884
1970-01-01 00:00:00.000009727,-0.082977
1970-01-01 00:00:00.000009728,-0.08319
1970-01-01 00:00:00.000009729,-0.083381
1970-01-01 00:00:00.000009730,-0.083659
1970-01-01 00:00:00.000009731,-0.084097
1970-01-01 00:00:00.000009732,-0.0846669999999999
1970-01-01 00:00:00.000009733,-0.085103
1970-01-01 00:00:00.000009734,-0.085388
1970-01-01 00:00:00.000009735,-0.085543
1970-01-01 00:00:00.000009736,-0.085757
1970-01-01 00:00:00.000009737,-0.0861059999999999
1970-01-01 00:00:00.000009738,-0.086449
1970-01-01 00:00:00.000009739,-0.086696
1970-01-01 00:00:00.000009740,-0.086773
1970-01-01 00:00:00.000009741,-0.086715
1970-01-01 00:00:00.000009742,-0.086547
1970-01-01 00:00:00.000009743,-0.086354
1970-01-01 00:00:00.000009744,-0.086181
1970-01-01 00:00:00.000009745,-0.086116
1970-01-01 00:00:00.000009746,-0.086204
1970-01-01 00:00:00.000009747,-0.086215
1970-01-01 00:00:00.000009748,-0.085997
1970-01-01 00:00:00.000009749,-0.0857059999999999
1970-01-01 00:00:00.000009750,-0.085351
1970-01-01 00:00:00.000009751,-0.085072
1970-01-01 00:00:00.000009752,-0.085004
1970-01-01 00:00:00.000009753,-0.08498
1970-01-01 00:00:00.000009754,-0.0848039999999999
1970-01-01 00:00:00.000009755,-0.084548
1970-01-01 00:00:00.000009756,-0.084261
1970-01-01 00:00:00.000009757,-0.083969
1970-01-01 00:00:00.000009758,-0.083719
1970-01-01 00:00:00.000009759,-0.083474
1970-01-01 00:00:00.000009760,-0.0832779999999999
1970-01-01 00:00:00.000009761,-0.0830419999999999
1970-01-01 00:00:00.000009762,-0.082763
1970-01-01 00:00:00.000009763,-0.0825419999999999
1970-01-01 00:00:00.000009764,-0.082445
1970-01-01 00:00:00.000009765,-0.082339
1970-01-01 00:00:00.000009766,-0.082194
1970-01-01 00:00:00.000009767,-0.081952
1970-01-01 00:00:00.000009768,-0.081615
1970-01-01 00:00:00.000009769,-0.081257
1970-01-01 00:00:00.000009770,-0.08094
1970-01-01 00:00:00.000009771,-0.080584
1970-01-01 00:00:00.000009772,-0.080303
1970-01-01 00:00:00.000009773,-0.0800559999999999
1970-01-01 00:00:00.000009774,-0.079853
1970-01-01 00:00:00.000009775,-0.079699
1970-01-01 00:00:00.000009776,-0.079455
1970-01-01 00:00:00.000009777,-0.079123
1970-01-01 00:00:00.000009778,-0.078708
1970-01-01 00:00:00.000009779,-0.0782419999999999
1970-01-01 00:00:00.000009780,-0.077796
1970-01-01 00:00:00.000009781,-0.077608
1970-01-01 00:00:00.000009782,-0.077638
1970-01-01 00:00:00.000009783,-0.077714
1970-01-01 00:00:00.000009784,-0.077775
1970-01-01 00:00:00.000009785,-0.077794
1970-01-01 00:00:00.000009786,-0.07781
1970-01-01 00:00:00.000009787,-0.0779059999999999
1970-01-01 00:00:00.000009788,-0.0780059999999999
1970-01-01 00:00:00.000009789,-0.078125
1970-01-01 00:00:00.000009790,-0.078426
1970-01-01 00:00:00.000009791,-0.078837
1970-01-01 00:00:00.000009792,-0.0791419999999999
1970-01-01 00:00:00.000009793,-0.079456
1970-01-01 00:00:00.000009794,-0.079709
1970-01-01 00:00:00.000009795,-0.079794
1970-01-01 00:00:00.000009796,-0.079773
1970-01-01 00:00:00.000009797,-0.079828
1970-01-01 00:00:00.000009798,-0.0799909999999999
1970-01-01 00:00:00.000009799,-0.0801149999999999
1970-01-01 00:00:00.000009800,-0.080123
1970-01-01 00:00:00.000009801,-0.079988
1970-01-01 00:00:00.000009802,-0.079966
1970-01-01 00:00:00.000009803,-0.0800429999999999
1970-01-01 00:00:00.000009804,-0.0801159999999999
1970-01-01 00:00:00.000009805,-0.080165
1970-01-01 00:00:00.000009806,-0.080195
1970-01-01 00:00:00.000009807,-0.080277
1970-01-01 00:00:00.000009808,-0.080389
1970-01-01 00:00:00.000009809,-0.0805289999999999
1970-01-01 00:00:00.000009810,-0.0806549999999999
1970-01-01 00:00:00.000009811,-0.080747
1970-01-01 00:00:00.000009812,-0.080758
1970-01-01 00:00:00.000009813,-0.080776
1970-01-01 00:00:00.000009814,-0.080769
1970-01-01 00:00:00.000009815,-0.0806429999999999
1970-01-01 00:00:00.000009816,-0.080351
1970-01-01 00:00:00.000009817,-0.080035
1970-01-01 00:00:00.000009818,-0.079773
1970-01-01 00:00:00.000009819,-0.07958
1970-01-01 00:00:00.000009820,-0.079398
1970-01-01 00:00:00.000009821,-0.079197
1970-01-01 00:00:00.000009822,-0.078884
1970-01-01 00:00:00.000009823,-0.07847
1970-01-01 00:00:00.000009824,-0.078011
1970-01-01 00:00:00.000009825,-0.077621
1970-01-01 00:00:00.000009826,-0.077293
1970-01-01 00:00:00.000009827,-0.077044
1970-01-01 00:00:00.000009828,-0.07686
1970-01-01 00:00:00.000009829,-0.076639
1970-01-01 00:00:00.000009830,-0.076458
1970-01-01 00:00:00.000009831,-0.076246
1970-01-01 00:00:00.000009832,-0.076124
1970-01-01 00:00:00.000009833,-0.076153
1970-01-01 00:00:00.000009834,-0.076362
1970-01-01 00:00:00.000009835,-0.07658
1970-01-01 00:00:00.000009836,-0.076683
1970-01-01 00:00:00.000009837,-0.076804
1970-01-01 00:00:00.000009838,-0.076996
1970-01-01 00:00:00.000009839,-0.077345
1970-01-01 00:00:00.000009840,-0.07786
1970-01-01 00:00:00.000009841,-0.078475
1970-01-01 00:00:00.000009842,-0.079132
1970-01-01 00:00:00.000009843,-0.079799
1970-01-01 00:00:00.000009844,-0.080507
1970-01-01 00:00:00.000009845,-0.081247
1970-01-01 00:00:00.000009846,-0.0819049999999999
1970-01-01 00:00:00.000009847,-0.082368
1970-01-01 00:00:00.000009848,-0.082618
1970-01-01 00:00:00.000009849,-0.082788
1970-01-01 00:00:00.000009850,-0.082933
1970-01-01 00:00:00.000009851,-0.0830299999999999
1970-01-01 00:00:00.000009852,-0.083137
1970-01-01 00:00:00.000009853,-0.083301
1970-01-01 00:00:00.000009854,-0.083453
1970-01-01 00:00:00.000009855,-0.083561
1970-01-01 00:00:00.000009856,-0.083603
1970-01-01 00:00:00.000009857,-0.083625
1970-01-01 00:00:00.000009858,-0.08359
1970-01-01 00:00:00.000009859,-0.083512
1970-01-01 00:00:00.000009860,-0.083298
1970-01-01 00:00:00.000009861,-0.08307
1970-01-01 00:00:00.000009862,-0.08283
1970-01-01 00:00:00.000009863,-0.08254
1970-01-01 00:00:00.000009864,-0.082255
1970-01-01 00:00:00.000009865,-0.082009
1970-01-01 00:00:00.000009866,-0.0818059999999999
1970-01-01 00:00:00.000009867,-0.081596
1970-01-01 00:00:00.000009868,-0.081432
1970-01-01 00:00:00.000009869,-0.081345
1970-01-01 00:00:00.000009870,-0.081234
1970-01-01 00:00:00.000009871,-0.081113
1970-01-01 00:00:00.000009872,-0.080997
1970-01-01 00:00:00.000009873,-0.0808929999999999
1970-01-01 00:00:00.000009874,-0.080837
1970-01-01 00:00:00.000009875,-0.080761
1970-01-01 00:00:00.000009876,-0.0806419999999999
1970-01-01 00:00:00.000009877,-0.080525
1970-01-01 00:00:00.000009878,-0.080485
1970-01-01 00:00:00.000009879,-0.080464
1970-01-01 00:00:00.000009880,-0.080457
1970-01-01 00:00:00.000009881,-0.080487
1970-01-01 00:00:00.000009882,-0.080633
1970-01-01 00:00:00.000009883,-0.080799
1970-01-01 00:00:00.000009884,-0.080911
1970-01-01 00:00:00.000009885,-0.08094
1970-01-01 00:00:00.000009886,-0.080929
1970-01-01 00:00:00.000009887,-0.080962
1970-01-01 00:00:00.000009888,-0.08102
1970-01-01 00:00:00.000009889,-0.081063
1970-01-01 00:00:00.000009890,-0.08113
1970-01-01 00:00:00.000009891,-0.081189
1970-01-01 00:00:00.000009892,-0.08114
1970-01-01 00:00:00.000009893,-0.081034
1970-01-01 00:00:00.000009894,-0.0808789999999999
1970-01-01 00:00:00.000009895,-0.080666
1970-01-01 00:00:00.000009896,-0.080482
1970-01-01 00:00:00.000009897,-0.080299
1970-01-01 00:00:00.000009898,-0.0800559999999999
1970-01-01 00:00:00.000009899,-0.079829
1970-01-01 00:00:00.000009900,-0.079609
1970-01-01 00:00:00.000009901,-0.079349
1970-01-01 00:00:00.000009902,-0.079091
1970-01-01 00:00:00.000009903,-0.078786
1970-01-01 00:00:00.000009904,-0.078335
1970-01-01 00:00:00.000009905,-0.077901
1970-01-01 00:00:00.000009906,-0.077508
1970-01-01 00:00:00.000009907,-0.077264
1970-01-01 00:00:00.000009908,-0.077141
1970-01-01 00:00:00.000009909,-0.077154
1970-01-01 00:00:00.000009910,-0.077254
1970-01-01 00:00:00.000009911,-0.077477
1970-01-01 00:00:00.000009912,-0.077496
1970-01-01 00:00:00.000009913,-0.077468
1970-01-01 00:00:00.000009914,-0.077409
1970-01-01 00:00:00.000009915,-0.077174
1970-01-01 00:00:00.000009916,-0.076845
1970-01-01 00:00:00.000009917,-0.076487
1970-01-01 00:00:00.000009918,-0.076123
1970-01-01 00:00:00.000009919,-0.07583
1970-01-01 00:00:00.000009920,-0.075525
1970-01-01 00:00:00.000009921,-0.075158
1970-01-01 00:00:00.000009922,-0.074792
1970-01-01 00:00:00.000009923,-0.074382
1970-01-01 00:00:00.000009924,-0.073959
1970-01-01 00:00:00.000009925,-0.073741
1970-01-01 00:00:00.000009926,-0.073611
1970-01-01 00:00:00.000009927,-0.073546
1970-01-01 00:00:00.000009928,-0.073547
1970-01-01 00:00:00.000009929,-0.073621
1970-01-01 00:00:00.000009930,-0.073736
1970-01-01 00:00:00.000009931,-0.073919
1970-01-01 00:00:00.000009932,-0.074046
1970-01-01 00:00:00.000009933,-0.074004
1970-01-01 00:00:00.000009934,-0.073904
1970-01-01 00:00:00.000009935,-0.073832
1970-01-01 00:00:00.000009936,-0.0736059999999999
1970-01-01 00:00:00.000009937,-0.0732889999999999
1970-01-01 00:00:00.000009938,-0.073144
1970-01-01 00:00:00.000009939,-0.073111
1970-01-01 00:00:00.000009940,-0.073156
1970-01-01 00:00:00.000009941,-0.073196
1970-01-01 00:00:00.000009942,-0.073192
1970-01-01 00:00:00.000009943,-0.0731309999999999
1970-01-01 00:00:00.000009944,-0.073108
1970-01-01 00:00:00.000009945,-0.073153
1970-01-01 00:00:00.000009946,-0.07326
1970-01-01 00:00:00.000009947,-0.073424
1970-01-01 00:00:00.000009948,-0.073611
1970-01-01 00:00:00.000009949,-0.073761
1970-01-01 00:00:00.000009950,-0.0739399999999999
1970-01-01 00:00:00.000009951,-0.07416
1970-01-01 00:00:00.000009952,-0.074377
1970-01-01 00:00:00.000009953,-0.0746059999999999
1970-01-01 00:00:00.000009954,-0.074724
1970-01-01 00:00:00.000009955,-0.074825
1970-01-01 00:00:00.000009956,-0.074877
1970-01-01 00:00:00.000009957,-0.074869
1970-01-01 00:00:00.000009958,-0.0748429999999999
1970-01-01 00:00:00.000009959,-0.0748419999999999
1970-01-01 00:00:00.000009960,-0.074776
1970-01-01 00:00:00.000009961,-0.074675
1970-01-01 00:00:00.000009962,-0.074597
1970-01-01 00:00:00.000009963,-0.074509
1970-01-01 00:00:00.000009964,-0.074455
1970-01-01 00:00:00.000009965,-0.074502
1970-01-01 00:00:00.000009966,-0.074477
1970-01-01 00:00:00.000009967,-0.074308
1970-01-01 00:00:00.000009968,-0.074121
1970-01-01 00:00:00.000009969,-0.0739539999999999
1970-01-01 00:00:00.000009970,-0.073836
1970-01-01 00:00:00.000009971,-0.073778
1970-01-01 00:00:00.000009972,-0.073786
1970-01-01 00:00:00.000009973,-0.073814
1970-01-01 00:00:00.000009974,-0.073821
1970-01-01 00:00:00.000009975,-0.073917
1970-01-01 00:00:00.000009976,-0.074145
1970-01-01 00:00:00.000009977,-0.074707
1970-01-01 00:00:00.000009978,-0.075572
1970-01-01 00:00:00.000009979,-0.076413
1970-01-01 00:00:00.000009980,-0.077124
1970-01-01 00:00:00.000009981,-0.077813
1970-01-01 00:00:00.000009982,-0.078569
1970-01-01 00:00:00.000009983,-0.0792409999999999
1970-01-01 00:00:00.000009984,-0.079735
1970-01-01 00:00:00.000009985,-0.080107
1970-01-01 00:00:00.000009986,-0.080429
1970-01-01 00:00:00.000009987,-0.08079
1970-01-01 00:00:00.000009988,-0.081191
1970-01-01 00:00:00.000009989,-0.081506
1970-01-01 00:00:00.000009990,-0.081613
1970-01-01 00:00:00.000009991,-0.081635
1970-01-01 00:00:00.000009992,-0.08169
1970-01-01 00:00:00.000009993,-0.081836
1970-01-01 00:00:00.000009994,-0.082037
1970-01-01 00:00:00.000009995,-0.082199
1970-01-01 00:00:00.000009996,-0.082289
1970-01-01 00:00:00.000009997,-0.0822659999999999
1970-01-01 00:00:00.000009998,-0.082249
1970-01-01 00:00:00.000009999,-0.082202
1970-01-01 00:00:00.000010000,-0.082121
1970-01-01 00:00:00.000010001,-0.082012
1970-01-01 00:00:00.000010002,-0.0819299999999999
1970-01-01 00:00:00.000010003,-0.081846
1970-01-01 00:00:00.000010004,-0.081775
1970-01-01 00:00:00.000010005,-0.081712
1970-01-01 00:00:00.000010006,-0.081684
1970-01-01 00:00:00.000010007,-0.081786
1970-01-01 00:00:00.000010008,-0.081951
1970-01-01 00:00:00.000010009,-0.0821
1970-01-01 00:00:00.000010010,-0.082347
1970-01-01 00:00:00.000010011,-0.082863
1970-01-01 00:00:00.000010012,-0.08358
1970-01-01 00:00:00.000010013,-0.084314
1970-01-01 00:00:00.000010014,-0.085035
1970-01-01 00:00:00.000010015,-0.085766
1970-01-01 00:00:00.000010016,-0.086552
1970-01-01 00:00:00.000010017,-0.087398
1970-01-01 00:00:00.000010018,-0.088262
1970-01-01 00:00:00.000010019,-0.089032
1970-01-01 00:00:00.000010020,-0.0897559999999999
1970-01-01 00:00:00.000010021,-0.0903809999999999
1970-01-01 00:00:00.000010022,-0.091028
1970-01-01 00:00:00.000010023,-0.0916049999999999
1970-01-01 00:00:00.000010024,-0.092273
1970-01-01 00:00:00.000010025,-0.093072
1970-01-01 00:00:00.000010026,-0.0938799999999999
1970-01-01 00:00:00.000010027,-0.09449
1970-01-01 00:00:00.000010028,-0.094984
1970-01-01 00:00:00.000010029,-0.09532
1970-01-01 00:00:00.000010030,-0.0955
1970-01-01 00:00:00.000010031,-0.095653
1970-01-01 00:00:00.000010032,-0.095763
1970-01-01 00:00:00.000010033,-0.0958909999999999
1970-01-01 00:00:00.000010034,-0.09612
1970-01-01 00:00:00.000010035,-0.096337
1970-01-01 00:00:00.000010036,-0.096423
1970-01-01 00:00:00.000010037,-0.09632
1970-01-01 00:00:00.000010038,-0.096047
1970-01-01 00:00:00.000010039,-0.095689
1970-01-01 00:00:00.000010040,-0.095191
1970-01-01 00:00:00.000010041,-0.094581
1970-01-01 00:00:00.000010042,-0.094029
1970-01-01 00:00:00.000010043,-0.0934919999999999
1970-01-01 00:00:00.000010044,-0.092996
1970-01-01 00:00:00.000010045,-0.092606
1970-01-01 00:00:00.000010046,-0.092237
1970-01-01 00:00:00.000010047,-0.0919
1970-01-01 00:00:00.000010048,-0.0915059999999999
1970-01-01 00:00:00.000010049,-0.0910769999999999
1970-01-01 00:00:00.000010050,-0.090686
1970-01-01 00:00:00.000010051,-0.090416
1970-01-01 00:00:00.000010052,-0.090125
1970-01-01 00:00:00.000010053,-0.089775
1970-01-01 00:00:00.000010054,-0.089484
1970-01-01 00:00:00.000010055,-0.0893159999999999
1970-01-01 00:00:00.000010056,-0.089209
1970-01-01 00:00:00.000010057,-0.089178
1970-01-01 00:00:00.000010058,-0.089184
1970-01-01 00:00:00.000010059,-0.089175
1970-01-01 00:00:00.000010060,-0.0892039999999999
1970-01-01 00:00:00.000010061,-0.089158
1970-01-01 00:00:00.000010062,-0.089134
1970-01-01 00:00:00.000010063,-0.089173
1970-01-01 00:00:00.000010064,-0.089195
1970-01-01 00:00:00.000010065,-0.089195
1970-01-01 00:00:00.000010066,-0.089252
1970-01-01 00:00:00.000010067,-0.08947
1970-01-01 00:00:00.000010068,-0.089816
1970-01-01 00:00:00.000010069,-0.090296
1970-01-01 00:00:00.000010070,-0.0908679999999999
1970-01-01 00:00:00.000010071,-0.091539
1970-01-01 00:00:00.000010072,-0.092211
1970-01-01 00:00:00.000010073,-0.092815
1970-01-01 00:00:00.000010074,-0.0933259999999999
1970-01-01 00:00:00.000010075,-0.093747
1970-01-01 00:00:00.000010076,-0.0942
1970-01-01 00:00:00.000010077,-0.094488
1970-01-01 00:00:00.000010078,-0.094614
1970-01-01 00:00:00.000010079,-0.094776
1970-01-01 00:00:00.000010080,-0.094868
1970-01-01 00:00:00.000010081,-0.094864
1970-01-01 00:00:00.000010082,-0.094971
1970-01-01 00:00:00.000010083,-0.0950559999999999
1970-01-01 00:00:00.000010084,-0.095198
1970-01-01 00:00:00.000010085,-0.095376
1970-01-01 00:00:00.000010086,-0.095578
1970-01-01 00:00:00.000010087,-0.095796
1970-01-01 00:00:00.000010088,-0.096013
1970-01-01 00:00:00.000010089,-0.096247
1970-01-01 00:00:00.000010090,-0.096483
1970-01-01 00:00:00.000010091,-0.096731
1970-01-01 00:00:00.000010092,-0.096981
1970-01-01 00:00:00.000010093,-0.097162
1970-01-01 00:00:00.000010094,-0.09733
1970-01-01 00:00:00.000010095,-0.097421
1970-01-01 00:00:00.000010096,-0.097432
1970-01-01 00:00:00.000010097,-0.0974039999999999
1970-01-01 00:00:00.000010098,-0.097255
1970-01-01 00:00:00.000010099,-0.0970429999999999
1970-01-01 00:00:00.000010100,-0.096775
1970-01-01 00:00:00.000010101,-0.096523
1970-01-01 00:00:00.000010102,-0.096211
1970-01-01 00:00:00.000010103,-0.095796
1970-01-01 00:00:00.000010104,-0.095336
1970-01-01 00:00:00.000010105,-0.094843
1970-01-01 00:00:00.000010106,-0.094348
1970-01-01 00:00:00.000010107,-0.093894
1970-01-01 00:00:00.000010108,-0.0934909999999999
1970-01-01 00:00:00.000010109,-0.093145
1970-01-01 00:00:00.000010110,-0.092825
1970-01-01 00:00:00.000010111,-0.092546
1970-01-01 00:00:00.000010112,-0.092315
1970-01-01 00:00:00.000010113,-0.092181
1970-01-01 00:00:00.000010114,-0.092109
1970-01-01 00:00:00.000010115,-0.092088
1970-01-01 00:00:00.000010116,-0.092065
1970-01-01 00:00:00.000010117,-0.0920309999999999
1970-01-01 00:00:00.000010118,-0.092033
1970-01-01 00:00:00.000010119,-0.092055
1970-01-01 00:00:00.000010120,-0.092051
1970-01-01 00:00:00.000010121,-0.092029
1970-01-01 00:00:00.000010122,-0.091957
1970-01-01 00:00:00.000010123,-0.091795
1970-01-01 00:00:00.000010124,-0.0916299999999999
1970-01-01 00:00:00.000010125,-0.091465
1970-01-01 00:00:00.000010126,-0.091223
1970-01-01 00:00:00.000010127,-0.09099
1970-01-01 00:00:00.000010128,-0.090686
1970-01-01 00:00:00.000010129,-0.090312
1970-01-01 00:00:00.000010130,-0.089997
1970-01-01 00:00:00.000010131,-0.089707
1970-01-01 00:00:00.000010132,-0.089363
1970-01-01 00:00:00.000010133,-0.089069
1970-01-01 00:00:00.000010134,-0.088739
1970-01-01 00:00:00.000010135,-0.08843
1970-01-01 00:00:00.000010136,-0.088153
1970-01-01 00:00:00.000010137,-0.087922
1970-01-01 00:00:00.000010138,-0.08775
1970-01-01 00:00:00.000010139,-0.087608
1970-01-01 00:00:00.000010140,-0.087492
1970-01-01 00:00:00.000010141,-0.087501
1970-01-01 00:00:00.000010142,-0.087555
1970-01-01 00:00:00.000010143,-0.087519
1970-01-01 00:00:00.000010144,-0.087394
1970-01-01 00:00:00.000010145,-0.087175
1970-01-01 00:00:00.000010146,-0.086791
1970-01-01 00:00:00.000010147,-0.086434
1970-01-01 00:00:00.000010148,-0.086058
1970-01-01 00:00:00.000010149,-0.085716
1970-01-01 00:00:00.000010150,-0.085428
1970-01-01 00:00:00.000010151,-0.08515
1970-01-01 00:00:00.000010152,-0.08487
1970-01-01 00:00:00.000010153,-0.084614
1970-01-01 00:00:00.000010154,-0.084325
1970-01-01 00:00:00.000010155,-0.084129
1970-01-01 00:00:00.000010156,-0.083992
1970-01-01 00:00:00.000010157,-0.083959
1970-01-01 00:00:00.000010158,-0.084004
1970-01-01 00:00:00.000010159,-0.084084
1970-01-01 00:00:00.000010160,-0.0841799999999999
1970-01-01 00:00:00.000010161,-0.0842789999999999
1970-01-01 00:00:00.000010162,-0.0843759999999999
1970-01-01 00:00:00.000010163,-0.084464
1970-01-01 00:00:00.000010164,-0.084436
1970-01-01 00:00:00.000010165,-0.084218
1970-01-01 00:00:00.000010166,-0.083832
1970-01-01 00:00:00.000010167,-0.083336
1970-01-01 00:00:00.000010168,-0.082812
1970-01-01 00:00:00.000010169,-0.0823049999999999
1970-01-01 00:00:00.000010170,-0.081775
1970-01-01 00:00:00.000010171,-0.081303
1970-01-01 00:00:00.000010172,-0.080926
1970-01-01 00:00:00.000010173,-0.080618
1970-01-01 00:00:00.000010174,-0.080347
1970-01-01 00:00:00.000010175,-0.080178
1970-01-01 00:00:00.000010176,-0.080194
1970-01-01 00:00:00.000010177,-0.080342
1970-01-01 00:00:00.000010178,-0.08054
1970-01-01 00:00:00.000010179,-0.080687
1970-01-01 00:00:00.000010180,-0.080725
1970-01-01 00:00:00.000010181,-0.08084
1970-01-01 00:00:00.000010182,-0.081091
1970-01-01 00:00:00.000010183,-0.08136
1970-01-01 00:00:00.000010184,-0.081754
1970-01-01 00:00:00.000010185,-0.08216
1970-01-01 00:00:00.000010186,-0.082589
1970-01-01 00:00:00.000010187,-0.08304
1970-01-01 00:00:00.000010188,-0.0834429999999999
1970-01-01 00:00:00.000010189,-0.0838309999999999
1970-01-01 00:00:00.000010190,-0.084115
1970-01-01 00:00:00.000010191,-0.0843059999999999
1970-01-01 00:00:00.000010192,-0.084365
1970-01-01 00:00:00.000010193,-0.084393
1970-01-01 00:00:00.000010194,-0.084345
1970-01-01 00:00:00.000010195,-0.084316
1970-01-01 00:00:00.000010196,-0.084445
1970-01-01 00:00:00.000010197,-0.084612
1970-01-01 00:00:00.000010198,-0.084732
1970-01-01 00:00:00.000010199,-0.084841
1970-01-01 00:00:00.000010200,-0.084971
1970-01-01 00:00:00.000010201,-0.085051
1970-01-01 00:00:00.000010202,-0.085138
1970-01-01 00:00:00.000010203,-0.085194
1970-01-01 00:00:00.000010204,-0.0852
1970-01-01 00:00:00.000010205,-0.085248
1970-01-01 00:00:00.000010206,-0.0852899999999999
1970-01-01 00:00:00.000010207,-0.085273
1970-01-01 00:00:00.000010208,-0.0851809999999999
1970-01-01 00:00:00.000010209,-0.085053
1970-01-01 00:00:00.000010210,-0.084933
1970-01-01 00:00:00.000010211,-0.084747
1970-01-01 00:00:00.000010212,-0.084475
1970-01-01 00:00:00.000010213,-0.084165
1970-01-01 00:00:00.000010214,-0.083834
1970-01-01 00:00:00.000010215,-0.083519
1970-01-01 00:00:00.000010216,-0.083185
1970-01-01 00:00:00.000010217,-0.082841
1970-01-01 00:00:00.000010218,-0.082595
1970-01-01 00:00:00.000010219,-0.082313
1970-01-01 00:00:00.000010220,-0.082069
1970-01-01 00:00:00.000010221,-0.081862
1970-01-01 00:00:00.000010222,-0.081677
1970-01-01 00:00:00.000010223,-0.081581
1970-01-01 00:00:00.000010224,-0.081527
1970-01-01 00:00:00.000010225,-0.081402
1970-01-01 00:00:00.000010226,-0.0812789999999999
1970-01-01 00:00:00.000010227,-0.081246
1970-01-01 00:00:00.000010228,-0.081236
1970-01-01 00:00:00.000010229,-0.081305
1970-01-01 00:00:00.000010230,-0.081313
1970-01-01 00:00:00.000010231,-0.081352
1970-01-01 00:00:00.000010232,-0.081446
1970-01-01 00:00:00.000010233,-0.081472
1970-01-01 00:00:00.000010234,-0.081454
1970-01-01 00:00:00.000010235,-0.081491
1970-01-01 00:00:00.000010236,-0.081584
1970-01-01 00:00:00.000010237,-0.081636
1970-01-01 00:00:00.000010238,-0.081799
1970-01-01 00:00:00.000010239,-0.081995
1970-01-01 00:00:00.000010240,-0.0820679999999999
1970-01-01 00:00:00.000010241,-0.0821799999999999
1970-01-01 00:00:00.000010242,-0.082331
1970-01-01 00:00:00.000010243,-0.082505
1970-01-01 00:00:00.000010244,-0.082764
1970-01-01 00:00:00.000010245,-0.083048
1970-01-01 00:00:00.000010246,-0.0832919999999999
1970-01-01 00:00:00.000010247,-0.083573
1970-01-01 00:00:00.000010248,-0.083875
1970-01-01 00:00:00.000010249,-0.084202
1970-01-01 00:00:00.000010250,-0.084602
1970-01-01 00:00:00.000010251,-0.084919
1970-01-01 00:00:00.000010252,-0.085225
1970-01-01 00:00:00.000010253,-0.085479
1970-01-01 00:00:00.000010254,-0.0856789999999999
1970-01-01 00:00:00.000010255,-0.085864
1970-01-01 00:00:00.000010256,-0.086066
1970-01-01 00:00:00.000010257,-0.086216
1970-01-01 00:00:00.000010258,-0.086376
1970-01-01 00:00:00.000010259,-0.086578
1970-01-01 00:00:00.000010260,-0.086745
1970-01-01 00:00:00.000010261,-0.08688
1970-01-01 00:00:00.000010262,-0.0869679999999999
1970-01-01 00:00:00.000010263,-0.087036
1970-01-01 00:00:00.000010264,-0.087084
1970-01-01 00:00:00.000010265,-0.087161
1970-01-01 00:00:00.000010266,-0.08727
1970-01-01 00:00:00.000010267,-0.087389
1970-01-01 00:00:00.000010268,-0.087517
1970-01-01 00:00:00.000010269,-0.087656
1970-01-01 00:00:00.000010270,-0.087813
1970-01-01 00:00:00.000010271,-0.0879539999999999
1970-01-01 00:00:00.000010272,-0.08814
1970-01-01 00:00:00.000010273,-0.088312
1970-01-01 00:00:00.000010274,-0.088492
1970-01-01 00:00:00.000010275,-0.08863
1970-01-01 00:00:00.000010276,-0.088714
1970-01-01 00:00:00.000010277,-0.0887169999999999
1970-01-01 00:00:00.000010278,-0.088663
1970-01-01 00:00:00.000010279,-0.088583
1970-01-01 00:00:00.000010280,-0.088521
1970-01-01 00:00:00.000010281,-0.088399
1970-01-01 00:00:00.000010282,-0.088287
1970-01-01 00:00:00.000010283,-0.088172
1970-01-01 00:00:00.000010284,-0.088037
1970-01-01 00:00:00.000010285,-0.087916
1970-01-01 00:00:00.000010286,-0.087841
1970-01-01 00:00:00.000010287,-0.087688
1970-01-01 00:00:00.000010288,-0.087471
1970-01-01 00:00:00.000010289,-0.087378
1970-01-01 00:00:00.000010290,-0.087294
1970-01-01 00:00:00.000010291,-0.0873299999999999
1970-01-01 00:00:00.000010292,-0.087397
1970-01-01 00:00:00.000010293,-0.087498
1970-01-01 00:00:00.000010294,-0.08764
1970-01-01 00:00:00.000010295,-0.087779
1970-01-01 00:00:00.000010296,-0.087888
1970-01-01 00:00:00.000010297,-0.087924
1970-01-01 00:00:00.000010298,-0.08794
1970-01-01 00:00:00.000010299,-0.087812
1970-01-01 00:00:00.000010300,-0.08757
1970-01-01 00:00:00.000010301,-0.087299
1970-01-01 00:00:00.000010302,-0.0869409999999999
1970-01-01 00:00:00.000010303,-0.0864809999999999
1970-01-01 00:00:00.000010304,-0.086002
1970-01-01 00:00:00.000010305,-0.085423
1970-01-01 00:00:00.000010306,-0.084738
1970-01-01 00:00:00.000010307,-0.083978
1970-01-01 00:00:00.000010308,-0.083219
1970-01-01 00:00:00.000010309,-0.082549
1970-01-01 00:00:00.000010310,-0.081919
1970-01-01 00:00:00.000010311,-0.081355
1970-01-01 00:00:00.000010312,-0.080995
1970-01-01 00:00:00.000010313,-0.080915
1970-01-01 00:00:00.000010314,-0.080956
1970-01-01 00:00:00.000010315,-0.080954
1970-01-01 00:00:00.000010316,-0.080929
1970-01-01 00:00:00.000010317,-0.080747
1970-01-01 00:00:00.000010318,-0.080563
1970-01-01 00:00:00.000010319,-0.080492
1970-01-01 00:00:00.000010320,-0.080478
1970-01-01 00:00:00.000010321,-0.080465
1970-01-01 00:00:00.000010322,-0.080348
1970-01-01 00:00:00.000010323,-0.080157
1970-01-01 00:00:00.000010324,-0.079937
1970-01-01 00:00:00.000010325,-0.079689
1970-01-01 00:00:00.000010326,-0.079475
1970-01-01 00:00:00.000010327,-0.07929
1970-01-01 00:00:00.000010328,-0.079052
1970-01-01 00:00:00.000010329,-0.078856
1970-01-01 00:00:00.000010330,-0.078725
1970-01-01 00:00:00.000010331,-0.07865
1970-01-01 00:00:00.000010332,-0.078542
1970-01-01 00:00:00.000010333,-0.078415
1970-01-01 00:00:00.000010334,-0.078327
1970-01-01 00:00:00.000010335,-0.078132
1970-01-01 00:00:00.000010336,-0.077936
1970-01-01 00:00:00.000010337,-0.077802
1970-01-01 00:00:00.000010338,-0.077779
1970-01-01 00:00:00.000010339,-0.077844
1970-01-01 00:00:00.000010340,-0.077957
1970-01-01 00:00:00.000010341,-0.078068
1970-01-01 00:00:00.000010342,-0.078111
1970-01-01 00:00:00.000010343,-0.07807
1970-01-01 00:00:00.000010344,-0.077971
1970-01-01 00:00:00.000010345,-0.0778669999999999
1970-01-01 00:00:00.000010346,-0.077762
1970-01-01 00:00:00.000010347,-0.077703
1970-01-01 00:00:00.000010348,-0.077674
1970-01-01 00:00:00.000010349,-0.077721
1970-01-01 00:00:00.000010350,-0.0777549999999999
1970-01-01 00:00:00.000010351,-0.07783
1970-01-01 00:00:00.000010352,-0.077939
1970-01-01 00:00:00.000010353,-0.077967
1970-01-01 00:00:00.000010354,-0.077878
1970-01-01 00:00:00.000010355,-0.077647
1970-01-01 00:00:00.000010356,-0.077308
1970-01-01 00:00:00.000010357,-0.076836
1970-01-01 00:00:00.000010358,-0.076295
1970-01-01 00:00:00.000010359,-0.075704
1970-01-01 00:00:00.000010360,-0.075167
1970-01-01 00:00:00.000010361,-0.0747039999999999
1970-01-01 00:00:00.000010362,-0.07426
1970-01-01 00:00:00.000010363,-0.073892
1970-01-01 00:00:00.000010364,-0.073662
1970-01-01 00:00:00.000010365,-0.073487
1970-01-01 00:00:00.000010366,-0.073413
1970-01-01 00:00:00.000010367,-0.073409
1970-01-01 00:00:00.000010368,-0.073423
1970-01-01 00:00:00.000010369,-0.073382
1970-01-01 00:00:00.000010370,-0.07322
1970-01-01 00:00:00.000010371,-0.073095
1970-01-01 00:00:00.000010372,-0.073239
1970-01-01 00:00:00.000010373,-0.073435
1970-01-01 00:00:00.000010374,-0.073611
1970-01-01 00:00:00.000010375,-0.0738409999999999
1970-01-01 00:00:00.000010376,-0.07414
1970-01-01 00:00:00.000010377,-0.074395
1970-01-01 00:00:00.000010378,-0.074652
1970-01-01 00:00:00.000010379,-0.075053
1970-01-01 00:00:00.000010380,-0.075269
1970-01-01 00:00:00.000010381,-0.0753009999999999
1970-01-01 00:00:00.000010382,-0.0753409999999999
1970-01-01 00:00:00.000010383,-0.075451
1970-01-01 00:00:00.000010384,-0.075802
1970-01-01 00:00:00.000010385,-0.076427
1970-01-01 00:00:00.000010386,-0.077097
1970-01-01 00:00:00.000010387,-0.077588
1970-01-01 00:00:00.000010388,-0.077841
1970-01-01 00:00:00.000010389,-0.07799
1970-01-01 00:00:00.000010390,-0.078188
1970-01-01 00:00:00.000010391,-0.078394
1970-01-01 00:00:00.000010392,-0.0784059999999999
1970-01-01 00:00:00.000010393,-0.0782289999999999
1970-01-01 00:00:00.000010394,-0.07782
1970-01-01 00:00:00.000010395,-0.077434
1970-01-01 00:00:00.000010396,-0.07733
1970-01-01 00:00:00.000010397,-0.077779
1970-01-01 00:00:00.000010398,-0.078737
1970-01-01 00:00:00.000010399,-0.079481
1970-01-01 00:00:00.000010400,-0.079834
1970-01-01 00:00:00.000010401,-0.080106
1970-01-01 00:00:00.000010402,-0.080603
1970-01-01 00:00:00.000010403,-0.081191
1970-01-01 00:00:00.000010404,-0.081597
1970-01-01 00:00:00.000010405,-0.081788
1970-01-01 00:00:00.000010406,-0.08184
1970-01-01 00:00:00.000010407,-0.081665
1970-01-01 00:00:00.000010408,-0.081395
1970-01-01 00:00:00.000010409,-0.081076
1970-01-01 00:00:00.000010410,-0.080387
1970-01-01 00:00:00.000010411,-0.079416
1970-01-01 00:00:00.000010412,-0.078597
1970-01-01 00:00:00.000010413,-0.077943
1970-01-01 00:00:00.000010414,-0.077426
1970-01-01 00:00:00.000010415,-0.077072
1970-01-01 00:00:00.000010416,-0.076779
1970-01-01 00:00:00.000010417,-0.076471
1970-01-01 00:00:00.000010418,-0.076046
1970-01-01 00:00:00.000010419,-0.075596
1970-01-01 00:00:00.000010420,-0.075262
1970-01-01 00:00:00.000010421,-0.075055
1970-01-01 00:00:00.000010422,-0.074961
1970-01-01 00:00:00.000010423,-0.0749399999999999
1970-01-01 00:00:00.000010424,-0.075084
1970-01-01 00:00:00.000010425,-0.075251
1970-01-01 00:00:00.000010426,-0.075383
1970-01-01 00:00:00.000010427,-0.075425
1970-01-01 00:00:00.000010428,-0.075412
1970-01-01 00:00:00.000010429,-0.07533
1970-01-01 00:00:00.000010430,-0.07497
1970-01-01 00:00:00.000010431,-0.074318
1970-01-01 00:00:00.000010432,-0.073338
1970-01-01 00:00:00.000010433,-0.072052
1970-01-01 00:00:00.000010434,-0.070712
1970-01-01 00:00:00.000010435,-0.069466
1970-01-01 00:00:00.000010436,-0.068272
1970-01-01 00:00:00.000010437,-0.06724
1970-01-01 00:00:00.000010438,-0.066091
1970-01-01 00:00:00.000010439,-0.065066
1970-01-01 00:00:00.000010440,-0.064112
1970-01-01 00:00:00.000010441,-0.063197
1970-01-01 00:00:00.000010442,-0.062353
1970-01-01 00:00:00.000010443,-0.061599
1970-01-01 00:00:00.000010444,-0.0610429999999999
1970-01-01 00:00:00.000010445,-0.060666
1970-01-01 00:00:00.000010446,-0.060382
1970-01-01 00:00:00.000010447,-0.060135
1970-01-01 00:00:00.000010448,-0.0599289999999999
1970-01-01 00:00:00.000010449,-0.059644
1970-01-01 00:00:00.000010450,-0.0593389999999999
1970-01-01 00:00:00.000010451,-0.059073
1970-01-01 00:00:00.000010452,-0.05889
1970-01-01 00:00:00.000010453,-0.0589509999999999
1970-01-01 00:00:00.000010454,-0.05921
1970-01-01 00:00:00.000010455,-0.059507
1970-01-01 00:00:00.000010456,-0.05981
1970-01-01 00:00:00.000010457,-0.0601279999999999
1970-01-01 00:00:00.000010458,-0.060652
1970-01-01 00:00:00.000010459,-0.061256
1970-01-01 00:00:00.000010460,-0.062001
1970-01-01 00:00:00.000010461,-0.062804
1970-01-01 00:00:00.000010462,-0.063698
1970-01-01 00:00:00.000010463,-0.064688
1970-01-01 00:00:00.000010464,-0.0657399999999999
1970-01-01 00:00:00.000010465,-0.066692
1970-01-01 00:00:00.000010466,-0.067454
1970-01-01 00:00:00.000010467,-0.068075
1970-01-01 00:00:00.000010468,-0.068608
1970-01-01 00:00:00.000010469,-0.069183
1970-01-01 00:00:00.000010470,-0.069802
1970-01-01 00:00:00.000010471,-0.070441
1970-01-01 00:00:00.000010472,-0.0710129999999999
1970-01-01 00:00:00.000010473,-0.071562
1970-01-01 00:00:00.000010474,-0.072129
1970-01-01 00:00:00.000010475,-0.072737
1970-01-01 00:00:00.000010476,-0.073314
1970-01-01 00:00:00.000010477,-0.073887
1970-01-01 00:00:00.000010478,-0.074386
1970-01-01 00:00:00.000010479,-0.074748
1970-01-01 00:00:00.000010480,-0.074914
1970-01-01 00:00:00.000010481,-0.074987
1970-01-01 00:00:00.000010482,-0.074982
1970-01-01 00:00:00.000010483,-0.075048
1970-01-01 00:00:00.000010484,-0.075177
1970-01-01 00:00:00.000010485,-0.0753539999999999
1970-01-01 00:00:00.000010486,-0.075569
1970-01-01 00:00:00.000010487,-0.075858
1970-01-01 00:00:00.000010488,-0.076214
1970-01-01 00:00:00.000010489,-0.076515
1970-01-01 00:00:00.000010490,-0.076795
1970-01-01 00:00:00.000010491,-0.077157
1970-01-01 00:00:00.000010492,-0.077625
1970-01-01 00:00:00.000010493,-0.0781309999999999
1970-01-01 00:00:00.000010494,-0.078413
1970-01-01 00:00:00.000010495,-0.07857
1970-01-01 00:00:00.000010496,-0.0786429999999999
1970-01-01 00:00:00.000010497,-0.078654
1970-01-01 00:00:00.000010498,-0.078677
1970-01-01 00:00:00.000010499,-0.078804
1970-01-01 00:00:00.000010500,-0.079039
1970-01-01 00:00:00.000010501,-0.07921
1970-01-01 00:00:00.000010502,-0.0795309999999999
1970-01-01 00:00:00.000010503,-0.079733
1970-01-01 00:00:00.000010504,-0.079844
1970-01-01 00:00:00.000010505,-0.080067
1970-01-01 00:00:00.000010506,-0.0803929999999999
1970-01-01 00:00:00.000010507,-0.080711
1970-01-01 00:00:00.000010508,-0.080933
1970-01-01 00:00:00.000010509,-0.081121
1970-01-01 00:00:00.000010510,-0.081246
1970-01-01 00:00:00.000010511,-0.081179
1970-01-01 00:00:00.000010512,-0.081055
1970-01-01 00:00:00.000010513,-0.080903
1970-01-01 00:00:00.000010514,-0.080732
1970-01-01 00:00:00.000010515,-0.080488
1970-01-01 00:00:00.000010516,-0.080236
1970-01-01 00:00:00.000010517,-0.0798659999999999
1970-01-01 00:00:00.000010518,-0.079607
1970-01-01 00:00:00.000010519,-0.079495
1970-01-01 00:00:00.000010520,-0.079369
1970-01-01 00:00:00.000010521,-0.079153
1970-01-01 00:00:00.000010522,-0.079041
1970-01-01 00:00:00.000010523,-0.079105
1970-01-01 00:00:00.000010524,-0.079217
1970-01-01 00:00:00.000010525,-0.079179
1970-01-01 00:00:00.000010526,-0.078997
1970-01-01 00:00:00.000010527,-0.078738
1970-01-01 00:00:00.000010528,-0.078485
1970-01-01 00:00:00.000010529,-0.078259
1970-01-01 00:00:00.000010530,-0.078074
1970-01-01 00:00:00.000010531,-0.077999
1970-01-01 00:00:00.000010532,-0.0780049999999999
1970-01-01 00:00:00.000010533,-0.078045
1970-01-01 00:00:00.000010534,-0.078105
1970-01-01 00:00:00.000010535,-0.078154
1970-01-01 00:00:00.000010536,-0.078094
1970-01-01 00:00:00.000010537,-0.077935
1970-01-01 00:00:00.000010538,-0.077677
1970-01-01 00:00:00.000010539,-0.077226
1970-01-01 00:00:00.000010540,-0.076485
1970-01-01 00:00:00.000010541,-0.075694
1970-01-01 00:00:00.000010542,-0.074849
1970-01-01 00:00:00.000010543,-0.073922
1970-01-01 00:00:00.000010544,-0.073057
1970-01-01 00:00:00.000010545,-0.072221
1970-01-01 00:00:00.000010546,-0.071493
1970-01-01 00:00:00.000010547,-0.070892
1970-01-01 00:00:00.000010548,-0.070409
1970-01-01 00:00:00.000010549,-0.070023
1970-01-01 00:00:00.000010550,-0.069776
1970-01-01 00:00:00.000010551,-0.0695419999999999
1970-01-01 00:00:00.000010552,-0.069365
1970-01-01 00:00:00.000010553,-0.069232
1970-01-01 00:00:00.000010554,-0.0691669999999999
1970-01-01 00:00:00.000010555,-0.069146
1970-01-01 00:00:00.000010556,-0.069101
1970-01-01 00:00:00.000010557,-0.069044
1970-01-01 00:00:00.000010558,-0.069037
1970-01-01 00:00:00.000010559,-0.069071
1970-01-01 00:00:00.000010560,-0.0691529999999999
1970-01-01 00:00:00.000010561,-0.069178
1970-01-01 00:00:00.000010562,-0.069232
1970-01-01 00:00:00.000010563,-0.069284
1970-01-01 00:00:00.000010564,-0.069352
1970-01-01 00:00:00.000010565,-0.069467
1970-01-01 00:00:00.000010566,-0.069526
1970-01-01 00:00:00.000010567,-0.069505
1970-01-01 00:00:00.000010568,-0.0694
1970-01-01 00:00:00.000010569,-0.06928
1970-01-01 00:00:00.000010570,-0.0692059999999999
1970-01-01 00:00:00.000010571,-0.069177
1970-01-01 00:00:00.000010572,-0.069175
1970-01-01 00:00:00.000010573,-0.069216
1970-01-01 00:00:00.000010574,-0.069298
1970-01-01 00:00:00.000010575,-0.069312
1970-01-01 00:00:00.000010576,-0.069269
1970-01-01 00:00:00.000010577,-0.0691799999999999
1970-01-01 00:00:00.000010578,-0.069111
1970-01-01 00:00:00.000010579,-0.069123
1970-01-01 00:00:00.000010580,-0.069182
1970-01-01 00:00:00.000010581,-0.069227
1970-01-01 00:00:00.000010582,-0.0692769999999999
1970-01-01 00:00:00.000010583,-0.069329
1970-01-01 00:00:00.000010584,-0.069388
1970-01-01 00:00:00.000010585,-0.069533
1970-01-01 00:00:00.000010586,-0.069714
1970-01-01 00:00:00.000010587,-0.069914
1970-01-01 00:00:00.000010588,-0.069995
1970-01-01 00:00:00.000010589,-0.070103
1970-01-01 00:00:00.000010590,-0.0701929999999999
1970-01-01 00:00:00.000010591,-0.070341
1970-01-01 00:00:00.000010592,-0.070511
1970-01-01 00:00:00.000010593,-0.070631
1970-01-01 00:00:00.000010594,-0.07066
1970-01-01 00:00:00.000010595,-0.070684
1970-01-01 00:00:00.000010596,-0.0707
1970-01-01 00:00:00.000010597,-0.070729
1970-01-01 00:00:00.000010598,-0.070921
1970-01-01 00:00:00.000010599,-0.071172
1970-01-01 00:00:00.000010600,-0.071528
1970-01-01 00:00:00.000010601,-0.072031
1970-01-01 00:00:00.000010602,-0.0726049999999999
1970-01-01 00:00:00.000010603,-0.073153
1970-01-01 00:00:00.000010604,-0.07368
1970-01-01 00:00:00.000010605,-0.074154
1970-01-01 00:00:00.000010606,-0.07456
1970-01-01 00:00:00.000010607,-0.074917
1970-01-01 00:00:00.000010608,-0.075235
1970-01-01 00:00:00.000010609,-0.075568
1970-01-01 00:00:00.000010610,-0.0759
1970-01-01 00:00:00.000010611,-0.076106
1970-01-01 00:00:00.000010612,-0.076282
1970-01-01 00:00:00.000010613,-0.076495
1970-01-01 00:00:00.000010614,-0.076679
1970-01-01 00:00:00.000010615,-0.076934
1970-01-01 00:00:00.000010616,-0.077153
1970-01-01 00:00:00.000010617,-0.0773799999999999
1970-01-01 00:00:00.000010618,-0.077619
1970-01-01 00:00:00.000010619,-0.077829
1970-01-01 00:00:00.000010620,-0.077963
1970-01-01 00:00:00.000010621,-0.078062
1970-01-01 00:00:00.000010622,-0.078092
1970-01-01 00:00:00.000010623,-0.078019
1970-01-01 00:00:00.000010624,-0.077902
1970-01-01 00:00:00.000010625,-0.077721
1970-01-01 00:00:00.000010626,-0.07751
1970-01-01 00:00:00.000010627,-0.077231
1970-01-01 00:00:00.000010628,-0.076939
1970-01-01 00:00:00.000010629,-0.076527
1970-01-01 00:00:00.000010630,-0.076139
1970-01-01 00:00:00.000010631,-0.075733
1970-01-01 00:00:00.000010632,-0.075285
1970-01-01 00:00:00.000010633,-0.074865
1970-01-01 00:00:00.000010634,-0.074522
1970-01-01 00:00:00.000010635,-0.074194
1970-01-01 00:00:00.000010636,-0.073888
1970-01-01 00:00:00.000010637,-0.073654
1970-01-01 00:00:00.000010638,-0.073435
1970-01-01 00:00:00.000010639,-0.0731779999999999
1970-01-01 00:00:00.000010640,-0.073089
1970-01-01 00:00:00.000010641,-0.073124
1970-01-01 00:00:00.000010642,-0.073195
1970-01-01 00:00:00.000010643,-0.073294
1970-01-01 00:00:00.000010644,-0.073353
1970-01-01 00:00:00.000010645,-0.07336
1970-01-01 00:00:00.000010646,-0.0734
1970-01-01 00:00:00.000010647,-0.073519
1970-01-01 00:00:00.000010648,-0.073614
1970-01-01 00:00:00.000010649,-0.073741
1970-01-01 00:00:00.000010650,-0.073859
1970-01-01 00:00:00.000010651,-0.073934
1970-01-01 00:00:00.000010652,-0.074028
1970-01-01 00:00:00.000010653,-0.074061
1970-01-01 00:00:00.000010654,-0.074063
1970-01-01 00:00:00.000010655,-0.074014
1970-01-01 00:00:00.000010656,-0.073933
1970-01-01 00:00:00.000010657,-0.073869
1970-01-01 00:00:00.000010658,-0.073839
1970-01-01 00:00:00.000010659,-0.073805
1970-01-01 00:00:00.000010660,-0.073835
1970-01-01 00:00:00.000010661,-0.073795
1970-01-01 00:00:00.000010662,-0.073684
1970-01-01 00:00:00.000010663,-0.073503
1970-01-01 00:00:00.000010664,-0.073318
1970-01-01 00:00:00.000010665,-0.073141
1970-01-01 00:00:00.000010666,-0.072952
1970-01-01 00:00:00.000010667,-0.072772
1970-01-01 00:00:00.000010668,-0.072682
1970-01-01 00:00:00.000010669,-0.072679
1970-01-01 00:00:00.000010670,-0.072811
1970-01-01 00:00:00.000010671,-0.0730659999999999
1970-01-01 00:00:00.000010672,-0.073307
1970-01-01 00:00:00.000010673,-0.073491
1970-01-01 00:00:00.000010674,-0.07362
1970-01-01 00:00:00.000010675,-0.073749
1970-01-01 00:00:00.000010676,-0.073888
1970-01-01 00:00:00.000010677,-0.073889
1970-01-01 00:00:00.000010678,-0.073797
1970-01-01 00:00:00.000010679,-0.073654
1970-01-01 00:00:00.000010680,-0.073499
1970-01-01 00:00:00.000010681,-0.073283
1970-01-01 00:00:00.000010682,-0.0729799999999999
1970-01-01 00:00:00.000010683,-0.072611
1970-01-01 00:00:00.000010684,-0.072181
1970-01-01 00:00:00.000010685,-0.071807
1970-01-01 00:00:00.000010686,-0.071372
1970-01-01 00:00:00.000010687,-0.070838
1970-01-01 00:00:00.000010688,-0.070362
1970-01-01 00:00:00.000010689,-0.069957
1970-01-01 00:00:00.000010690,-0.069534
1970-01-01 00:00:00.000010691,-0.069145
1970-01-01 00:00:00.000010692,-0.068783
1970-01-01 00:00:00.000010693,-0.068428
1970-01-01 00:00:00.000010694,-0.068128
1970-01-01 00:00:00.000010695,-0.06781
1970-01-01 00:00:00.000010696,-0.067489
1970-01-01 00:00:00.000010697,-0.067183
1970-01-01 00:00:00.000010698,-0.066914
1970-01-01 00:00:00.000010699,-0.0666549999999999
1970-01-01 00:00:00.000010700,-0.066449
1970-01-01 00:00:00.000010701,-0.066387
1970-01-01 00:00:00.000010702,-0.066436
1970-01-01 00:00:00.000010703,-0.0665429999999999
1970-01-01 00:00:00.000010704,-0.06665
1970-01-01 00:00:00.000010705,-0.0667649999999999
1970-01-01 00:00:00.000010706,-0.066941
1970-01-01 00:00:00.000010707,-0.0671269999999999
1970-01-01 00:00:00.000010708,-0.067237
1970-01-01 00:00:00.000010709,-0.0672799999999999
1970-01-01 00:00:00.000010710,-0.067319
1970-01-01 00:00:00.000010711,-0.067397
1970-01-01 00:00:00.000010712,-0.067503
1970-01-01 00:00:00.000010713,-0.067534
1970-01-01 00:00:00.000010714,-0.067494
1970-01-01 00:00:00.000010715,-0.067445
1970-01-01 00:00:00.000010716,-0.067474
1970-01-01 00:00:00.000010717,-0.0675289999999999
1970-01-01 00:00:00.000010718,-0.067688
1970-01-01 00:00:00.000010719,-0.0677659999999999
1970-01-01 00:00:00.000010720,-0.067852
1970-01-01 00:00:00.000010721,-0.068051
1970-01-01 00:00:00.000010722,-0.068258
1970-01-01 00:00:00.000010723,-0.068471
1970-01-01 00:00:00.000010724,-0.068673
1970-01-01 00:00:00.000010725,-0.068849
1970-01-01 00:00:00.000010726,-0.06894
1970-01-01 00:00:00.000010727,-0.068954
1970-01-01 00:00:00.000010728,-0.068915
1970-01-01 00:00:00.000010729,-0.068855
1970-01-01 00:00:00.000010730,-0.06879
1970-01-01 00:00:00.000010731,-0.0687639999999999
1970-01-01 00:00:00.000010732,-0.068636
1970-01-01 00:00:00.000010733,-0.068283
1970-01-01 00:00:00.000010734,-0.067922
1970-01-01 00:00:00.000010735,-0.067559
1970-01-01 00:00:00.000010736,-0.067152
1970-01-01 00:00:00.000010737,-0.066727
1970-01-01 00:00:00.000010738,-0.066302
1970-01-01 00:00:00.000010739,-0.065855
1970-01-01 00:00:00.000010740,-0.065455
1970-01-01 00:00:00.000010741,-0.065209
1970-01-01 00:00:00.000010742,-0.065137
1970-01-01 00:00:00.000010743,-0.065211
1970-01-01 00:00:00.000010744,-0.06537
1970-01-01 00:00:00.000010745,-0.065616
1970-01-01 00:00:00.000010746,-0.065823
1970-01-01 00:00:00.000010747,-0.066006
1970-01-01 00:00:00.000010748,-0.066294
1970-01-01 00:00:00.000010749,-0.066728
1970-01-01 00:00:00.000010750,-0.067094
1970-01-01 00:00:00.000010751,-0.067196
1970-01-01 00:00:00.000010752,-0.066974
1970-01-01 00:00:00.000010753,-0.0665019999999999
1970-01-01 00:00:00.000010754,-0.065817
1970-01-01 00:00:00.000010755,-0.065007
1970-01-01 00:00:00.000010756,-0.064165
1970-01-01 00:00:00.000010757,-0.063348
1970-01-01 00:00:00.000010758,-0.062625
1970-01-01 00:00:00.000010759,-0.06207
1970-01-01 00:00:00.000010760,-0.061748
1970-01-01 00:00:00.000010761,-0.061553
1970-01-01 00:00:00.000010762,-0.061363
1970-01-01 00:00:00.000010763,-0.0613509999999999
1970-01-01 00:00:00.000010764,-0.061532
1970-01-01 00:00:00.000010765,-0.061795
1970-01-01 00:00:00.000010766,-0.062166
1970-01-01 00:00:00.000010767,-0.062554
1970-01-01 00:00:00.000010768,-0.062909
1970-01-01 00:00:00.000010769,-0.063303
1970-01-01 00:00:00.000010770,-0.063637
1970-01-01 00:00:00.000010771,-0.063937
1970-01-01 00:00:00.000010772,-0.064213
1970-01-01 00:00:00.000010773,-0.064426
1970-01-01 00:00:00.000010774,-0.064572
1970-01-01 00:00:00.000010775,-0.064546
1970-01-01 00:00:00.000010776,-0.06443
1970-01-01 00:00:00.000010777,-0.064337
1970-01-01 00:00:00.000010778,-0.0641679999999999
1970-01-01 00:00:00.000010779,-0.0638659999999999
1970-01-01 00:00:00.000010780,-0.063523
1970-01-01 00:00:00.000010781,-0.063179
1970-01-01 00:00:00.000010782,-0.062858
1970-01-01 00:00:00.000010783,-0.062551
1970-01-01 00:00:00.000010784,-0.062304
1970-01-01 00:00:00.000010785,-0.062061
1970-01-01 00:00:00.000010786,-0.061804
1970-01-01 00:00:00.000010787,-0.061514
1970-01-01 00:00:00.000010788,-0.0612799999999999
1970-01-01 00:00:00.000010789,-0.061078
1970-01-01 00:00:00.000010790,-0.060997
1970-01-01 00:00:00.000010791,-0.0610299999999999
1970-01-01 00:00:00.000010792,-0.06107
1970-01-01 00:00:00.000010793,-0.061096
1970-01-01 00:00:00.000010794,-0.061086
1970-01-01 00:00:00.000010795,-0.061012
1970-01-01 00:00:00.000010796,-0.060896
1970-01-01 00:00:00.000010797,-0.060752
1970-01-01 00:00:00.000010798,-0.060627
1970-01-01 00:00:00.000010799,-0.060508
1970-01-01 00:00:00.000010800,-0.06037
1970-01-01 00:00:00.000010801,-0.060251
1970-01-01 00:00:00.000010802,-0.060252
1970-01-01 00:00:00.000010803,-0.060474
1970-01-01 00:00:00.000010804,-0.060805
1970-01-01 00:00:00.000010805,-0.061296
1970-01-01 00:00:00.000010806,-0.061858
1970-01-01 00:00:00.000010807,-0.062442
1970-01-01 00:00:00.000010808,-0.0631029999999999
1970-01-01 00:00:00.000010809,-0.063748
1970-01-01 00:00:00.000010810,-0.064359
1970-01-01 00:00:00.000010811,-0.064962
1970-01-01 00:00:00.000010812,-0.0657929999999999
1970-01-01 00:00:00.000010813,-0.066912
1970-01-01 00:00:00.000010814,-0.06806
1970-01-01 00:00:00.000010815,-0.069037
1970-01-01 00:00:00.000010816,-0.0699299999999999
1970-01-01 00:00:00.000010817,-0.071061
1970-01-01 00:00:00.000010818,-0.072432
1970-01-01 00:00:00.000010819,-0.073648
1970-01-01 00:00:00.000010820,-0.074567
1970-01-01 00:00:00.000010821,-0.075076
1970-01-01 00:00:00.000010822,-0.075225
1970-01-01 00:00:00.000010823,-0.075281
1970-01-01 00:00:00.000010824,-0.075322
1970-01-01 00:00:00.000010825,-0.075288
1970-01-01 00:00:00.000010826,-0.075123
1970-01-01 00:00:00.000010827,-0.074826
1970-01-01 00:00:00.000010828,-0.074623
1970-01-01 00:00:00.000010829,-0.074541
1970-01-01 00:00:00.000010830,-0.074711
1970-01-01 00:00:00.000010831,-0.075019
1970-01-01 00:00:00.000010832,-0.075378
1970-01-01 00:00:00.000010833,-0.075701
1970-01-01 00:00:00.000010834,-0.07593
1970-01-01 00:00:00.000010835,-0.075962
1970-01-01 00:00:00.000010836,-0.075734
1970-01-01 00:00:00.000010837,-0.075435
1970-01-01 00:00:00.000010838,-0.075185
1970-01-01 00:00:00.000010839,-0.0750779999999999
1970-01-01 00:00:00.000010840,-0.074952
1970-01-01 00:00:00.000010841,-0.074695
1970-01-01 00:00:00.000010842,-0.0743149999999999
1970-01-01 00:00:00.000010843,-0.073871
1970-01-01 00:00:00.000010844,-0.073452
1970-01-01 00:00:00.000010845,-0.073095
1970-01-01 00:00:00.000010846,-0.072801
1970-01-01 00:00:00.000010847,-0.072536
1970-01-01 00:00:00.000010848,-0.07236
1970-01-01 00:00:00.000010849,-0.072253
1970-01-01 00:00:00.000010850,-0.072293
1970-01-01 00:00:00.000010851,-0.072452
1970-01-01 00:00:00.000010852,-0.072682
1970-01-01 00:00:00.000010853,-0.072923
1970-01-01 00:00:00.000010854,-0.073212
1970-01-01 00:00:00.000010855,-0.073583
1970-01-01 00:00:00.000010856,-0.073991
1970-01-01 00:00:00.000010857,-0.07428
1970-01-01 00:00:00.000010858,-0.074269
1970-01-01 00:00:00.000010859,-0.074202
1970-01-01 00:00:00.000010860,-0.074137
1970-01-01 00:00:00.000010861,-0.073901
1970-01-01 00:00:00.000010862,-0.073482
1970-01-01 00:00:00.000010863,-0.072875
1970-01-01 00:00:00.000010864,-0.072185
1970-01-01 00:00:00.000010865,-0.071559
1970-01-01 00:00:00.000010866,-0.071033
1970-01-01 00:00:00.000010867,-0.070607
1970-01-01 00:00:00.000010868,-0.070196
1970-01-01 00:00:00.000010869,-0.069714
1970-01-01 00:00:00.000010870,-0.069239
1970-01-01 00:00:00.000010871,-0.068919
1970-01-01 00:00:00.000010872,-0.068744
1970-01-01 00:00:00.000010873,-0.068718
1970-01-01 00:00:00.000010874,-0.06881
1970-01-01 00:00:00.000010875,-0.068891
1970-01-01 00:00:00.000010876,-0.068849
1970-01-01 00:00:00.000010877,-0.068662
1970-01-01 00:00:00.000010878,-0.068428
1970-01-01 00:00:00.000010879,-0.068173
1970-01-01 00:00:00.000010880,-0.067929
1970-01-01 00:00:00.000010881,-0.06765
1970-01-01 00:00:00.000010882,-0.06733
1970-01-01 00:00:00.000010883,-0.06698
1970-01-01 00:00:00.000010884,-0.066686
1970-01-01 00:00:00.000010885,-0.066509
1970-01-01 00:00:00.000010886,-0.066415
1970-01-01 00:00:00.000010887,-0.066284
1970-01-01 00:00:00.000010888,-0.066116
1970-01-01 00:00:00.000010889,-0.065817
1970-01-01 00:00:00.000010890,-0.065289
1970-01-01 00:00:00.000010891,-0.064625
1970-01-01 00:00:00.000010892,-0.063967
1970-01-01 00:00:00.000010893,-0.063345
1970-01-01 00:00:00.000010894,-0.062889
1970-01-01 00:00:00.000010895,-0.0627419999999999
1970-01-01 00:00:00.000010896,-0.062855
1970-01-01 00:00:00.000010897,-0.063147
1970-01-01 00:00:00.000010898,-0.0635299999999999
1970-01-01 00:00:00.000010899,-0.0638519999999999
1970-01-01 00:00:00.000010900,-0.064188
1970-01-01 00:00:00.000010901,-0.0646409999999999
1970-01-01 00:00:00.000010902,-0.065148
1970-01-01 00:00:00.000010903,-0.065603
1970-01-01 00:00:00.000010904,-0.066033
1970-01-01 00:00:00.000010905,-0.0665309999999999
1970-01-01 00:00:00.000010906,-0.06705
1970-01-01 00:00:00.000010907,-0.067637
1970-01-01 00:00:00.000010908,-0.068241
1970-01-01 00:00:00.000010909,-0.068767
1970-01-01 00:00:00.000010910,-0.069411
1970-01-01 00:00:00.000010911,-0.070065
1970-01-01 00:00:00.000010912,-0.070634
1970-01-01 00:00:00.000010913,-0.071323
1970-01-01 00:00:00.000010914,-0.072131
1970-01-01 00:00:00.000010915,-0.0729929999999999
1970-01-01 00:00:00.000010916,-0.073884
1970-01-01 00:00:00.000010917,-0.074644
1970-01-01 00:00:00.000010918,-0.075248
1970-01-01 00:00:00.000010919,-0.075713
1970-01-01 00:00:00.000010920,-0.076132
1970-01-01 00:00:00.000010921,-0.076527
1970-01-01 00:00:00.000010922,-0.076812
1970-01-01 00:00:00.000010923,-0.076912
1970-01-01 00:00:00.000010924,-0.076982
1970-01-01 00:00:00.000010925,-0.077032
1970-01-01 00:00:00.000010926,-0.076986
1970-01-01 00:00:00.000010927,-0.076888
1970-01-01 00:00:00.000010928,-0.07668
1970-01-01 00:00:00.000010929,-0.076378
1970-01-01 00:00:00.000010930,-0.076026
1970-01-01 00:00:00.000010931,-0.075685
1970-01-01 00:00:00.000010932,-0.075291
1970-01-01 00:00:00.000010933,-0.074541
1970-01-01 00:00:00.000010934,-0.073442
1970-01-01 00:00:00.000010935,-0.072246
1970-01-01 00:00:00.000010936,-0.071169
1970-01-01 00:00:00.000010937,-0.070294
1970-01-01 00:00:00.000010938,-0.069616
1970-01-01 00:00:00.000010939,-0.069027
1970-01-01 00:00:00.000010940,-0.068407
1970-01-01 00:00:00.000010941,-0.067861
1970-01-01 00:00:00.000010942,-0.067489
1970-01-01 00:00:00.000010943,-0.067296
1970-01-01 00:00:00.000010944,-0.067242
1970-01-01 00:00:00.000010945,-0.067362
1970-01-01 00:00:00.000010946,-0.0674049999999999
1970-01-01 00:00:00.000010947,-0.067464
1970-01-01 00:00:00.000010948,-0.067522
1970-01-01 00:00:00.000010949,-0.067589
1970-01-01 00:00:00.000010950,-0.067822
1970-01-01 00:00:00.000010951,-0.068148
1970-01-01 00:00:00.000010952,-0.068512
1970-01-01 00:00:00.000010953,-0.068882
1970-01-01 00:00:00.000010954,-0.069289
1970-01-01 00:00:00.000010955,-0.069659
1970-01-01 00:00:00.000010956,-0.069931
1970-01-01 00:00:00.000010957,-0.07014
1970-01-01 00:00:00.000010958,-0.0703169999999999
1970-01-01 00:00:00.000010959,-0.070536
1970-01-01 00:00:00.000010960,-0.07075
1970-01-01 00:00:00.000010961,-0.071026
1970-01-01 00:00:00.000010962,-0.071314
1970-01-01 00:00:00.000010963,-0.071594
1970-01-01 00:00:00.000010964,-0.071881
1970-01-01 00:00:00.000010965,-0.072142
1970-01-01 00:00:00.000010966,-0.072399
1970-01-01 00:00:00.000010967,-0.072621
1970-01-01 00:00:00.000010968,-0.072782
1970-01-01 00:00:00.000010969,-0.072976
1970-01-01 00:00:00.000010970,-0.0731899999999999
1970-01-01 00:00:00.000010971,-0.073325
1970-01-01 00:00:00.000010972,-0.073466
1970-01-01 00:00:00.000010973,-0.073642
1970-01-01 00:00:00.000010974,-0.073832
1970-01-01 00:00:00.000010975,-0.07401
1970-01-01 00:00:00.000010976,-0.074179
1970-01-01 00:00:00.000010977,-0.074412
1970-01-01 00:00:00.000010978,-0.07472
1970-01-01 00:00:00.000010979,-0.074999
1970-01-01 00:00:00.000010980,-0.075222
1970-01-01 00:00:00.000010981,-0.075443
1970-01-01 00:00:00.000010982,-0.075727
1970-01-01 00:00:00.000010983,-0.075968
1970-01-01 00:00:00.000010984,-0.076158
1970-01-01 00:00:00.000010985,-0.076383
1970-01-01 00:00:00.000010986,-0.076597
1970-01-01 00:00:00.000010987,-0.076705
1970-01-01 00:00:00.000010988,-0.076912
1970-01-01 00:00:00.000010989,-0.077028
1970-01-01 00:00:00.000010990,-0.077121
1970-01-01 00:00:00.000010991,-0.077159
1970-01-01 00:00:00.000010992,-0.077334
1970-01-01 00:00:00.000010993,-0.0776039999999999
1970-01-01 00:00:00.000010994,-0.078002
1970-01-01 00:00:00.000010995,-0.078455
1970-01-01 00:00:00.000010996,-0.078819
1970-01-01 00:00:00.000010997,-0.079217
1970-01-01 00:00:00.000010998,-0.079569
1970-01-01 00:00:00.000010999,-0.079792
1970-01-01 00:00:00.000011000,-0.080049
1970-01-01 00:00:00.000011001,-0.080269
1970-01-01 00:00:00.000011002,-0.080333
1970-01-01 00:00:00.000011003,-0.080355
1970-01-01 00:00:00.000011004,-0.080307
1970-01-01 00:00:00.000011005,-0.0801299999999999
1970-01-01 00:00:00.000011006,-0.079996
1970-01-01 00:00:00.000011007,-0.079899
1970-01-01 00:00:00.000011008,-0.079842
1970-01-01 00:00:00.000011009,-0.079791
1970-01-01 00:00:00.000011010,-0.0797669999999999
1970-01-01 00:00:00.000011011,-0.079771
1970-01-01 00:00:00.000011012,-0.079728
1970-01-01 00:00:00.000011013,-0.079576
1970-01-01 00:00:00.000011014,-0.079412
1970-01-01 00:00:00.000011015,-0.07921
1970-01-01 00:00:00.000011016,-0.079028
1970-01-01 00:00:00.000011017,-0.0788389999999999
1970-01-01 00:00:00.000011018,-0.078593
1970-01-01 00:00:00.000011019,-0.078304
1970-01-01 00:00:00.000011020,-0.078001
1970-01-01 00:00:00.000011021,-0.077651
1970-01-01 00:00:00.000011022,-0.077247
1970-01-01 00:00:00.000011023,-0.076903
1970-01-01 00:00:00.000011024,-0.076561
1970-01-01 00:00:00.000011025,-0.076184
1970-01-01 00:00:00.000011026,-0.075863
1970-01-01 00:00:00.000011027,-0.075565
1970-01-01 00:00:00.000011028,-0.075331
1970-01-01 00:00:00.000011029,-0.075136
1970-01-01 00:00:00.000011030,-0.075081
1970-01-01 00:00:00.000011031,-0.075071
1970-01-01 00:00:00.000011032,-0.075016
1970-01-01 00:00:00.000011033,-0.074943
1970-01-01 00:00:00.000011034,-0.074907
1970-01-01 00:00:00.000011035,-0.074942
1970-01-01 00:00:00.000011036,-0.074963
1970-01-01 00:00:00.000011037,-0.074994
1970-01-01 00:00:00.000011038,-0.074948
1970-01-01 00:00:00.000011039,-0.074837
1970-01-01 00:00:00.000011040,-0.074655
1970-01-01 00:00:00.000011041,-0.074532
1970-01-01 00:00:00.000011042,-0.074401
1970-01-01 00:00:00.000011043,-0.074261
1970-01-01 00:00:00.000011044,-0.07408
1970-01-01 00:00:00.000011045,-0.073943
1970-01-01 00:00:00.000011046,-0.0738679999999999
1970-01-01 00:00:00.000011047,-0.0738299999999999
1970-01-01 00:00:00.000011048,-0.073889
1970-01-01 00:00:00.000011049,-0.073945
1970-01-01 00:00:00.000011050,-0.073931
1970-01-01 00:00:00.000011051,-0.073929
1970-01-01 00:00:00.000011052,-0.0739799999999999
1970-01-01 00:00:00.000011053,-0.074067
1970-01-01 00:00:00.000011054,-0.07413
1970-01-01 00:00:00.000011055,-0.074186
1970-01-01 00:00:00.000011056,-0.074272
1970-01-01 00:00:00.000011057,-0.0744259999999999
1970-01-01 00:00:00.000011058,-0.074556
1970-01-01 00:00:00.000011059,-0.074727
1970-01-01 00:00:00.000011060,-0.074919
1970-01-01 00:00:00.000011061,-0.075101
1970-01-01 00:00:00.000011062,-0.075291
1970-01-01 00:00:00.000011063,-0.075478
1970-01-01 00:00:00.000011064,-0.075673
1970-01-01 00:00:00.000011065,-0.075811
1970-01-01 00:00:00.000011066,-0.075945
1970-01-01 00:00:00.000011067,-0.076035
1970-01-01 00:00:00.000011068,-0.076044
1970-01-01 00:00:00.000011069,-0.076021
1970-01-01 00:00:00.000011070,-0.076014
1970-01-01 00:00:00.000011071,-0.076001
1970-01-01 00:00:00.000011072,-0.076046
1970-01-01 00:00:00.000011073,-0.076107
1970-01-01 00:00:00.000011074,-0.0760769999999999
1970-01-01 00:00:00.000011075,-0.07605
1970-01-01 00:00:00.000011076,-0.0760769999999999
1970-01-01 00:00:00.000011077,-0.076097
1970-01-01 00:00:00.000011078,-0.076231
1970-01-01 00:00:00.000011079,-0.076345
1970-01-01 00:00:00.000011080,-0.076455
1970-01-01 00:00:00.000011081,-0.076559
1970-01-01 00:00:00.000011082,-0.076641
1970-01-01 00:00:00.000011083,-0.076745
1970-01-01 00:00:00.000011084,-0.076883
1970-01-01 00:00:00.000011085,-0.077053
1970-01-01 00:00:00.000011086,-0.077172
1970-01-01 00:00:00.000011087,-0.0772409999999999
1970-01-01 00:00:00.000011088,-0.077296
1970-01-01 00:00:00.000011089,-0.077361
1970-01-01 00:00:00.000011090,-0.077377
1970-01-01 00:00:00.000011091,-0.077372
1970-01-01 00:00:00.000011092,-0.077346
1970-01-01 00:00:00.000011093,-0.077306
1970-01-01 00:00:00.000011094,-0.0772149999999999
1970-01-01 00:00:00.000011095,-0.076977
1970-01-01 00:00:00.000011096,-0.07671
1970-01-01 00:00:00.000011097,-0.076418
1970-01-01 00:00:00.000011098,-0.076113
1970-01-01 00:00:00.000011099,-0.075813
1970-01-01 00:00:00.000011100,-0.075495
1970-01-01 00:00:00.000011101,-0.075249
1970-01-01 00:00:00.000011102,-0.074983
1970-01-01 00:00:00.000011103,-0.074655
1970-01-01 00:00:00.000011104,-0.074375
1970-01-01 00:00:00.000011105,-0.074161
1970-01-01 00:00:00.000011106,-0.0739549999999999
1970-01-01 00:00:00.000011107,-0.073792
1970-01-01 00:00:00.000011108,-0.0737029999999999
1970-01-01 00:00:00.000011109,-0.073714
1970-01-01 00:00:00.000011110,-0.073867
1970-01-01 00:00:00.000011111,-0.074027
1970-01-01 00:00:00.000011112,-0.074161
1970-01-01 00:00:00.000011113,-0.074286
1970-01-01 00:00:00.000011114,-0.074418
1970-01-01 00:00:00.000011115,-0.074488
1970-01-01 00:00:00.000011116,-0.074563
1970-01-01 00:00:00.000011117,-0.074654
1970-01-01 00:00:00.000011118,-0.074744
1970-01-01 00:00:00.000011119,-0.074806
1970-01-01 00:00:00.000011120,-0.074858
1970-01-01 00:00:00.000011121,-0.074887
1970-01-01 00:00:00.000011122,-0.0748559999999999
1970-01-01 00:00:00.000011123,-0.074776
1970-01-01 00:00:00.000011124,-0.07466
1970-01-01 00:00:00.000011125,-0.074573
1970-01-01 00:00:00.000011126,-0.074526
1970-01-01 00:00:00.000011127,-0.07439
1970-01-01 00:00:00.000011128,-0.0742
1970-01-01 00:00:00.000011129,-0.074047
1970-01-01 00:00:00.000011130,-0.073895
1970-01-01 00:00:00.000011131,-0.073768
1970-01-01 00:00:00.000011132,-0.073622
1970-01-01 00:00:00.000011133,-0.073466
1970-01-01 00:00:00.000011134,-0.073265
1970-01-01 00:00:00.000011135,-0.073056
1970-01-01 00:00:00.000011136,-0.07284
1970-01-01 00:00:00.000011137,-0.0725919999999999
1970-01-01 00:00:00.000011138,-0.072408
1970-01-01 00:00:00.000011139,-0.072197
1970-01-01 00:00:00.000011140,-0.071938
1970-01-01 00:00:00.000011141,-0.071743
1970-01-01 00:00:00.000011142,-0.071596
1970-01-01 00:00:00.000011143,-0.071547
1970-01-01 00:00:00.000011144,-0.071552
1970-01-01 00:00:00.000011145,-0.071534
1970-01-01 00:00:00.000011146,-0.071517
1970-01-01 00:00:00.000011147,-0.071557
1970-01-01 00:00:00.000011148,-0.071513
1970-01-01 00:00:00.000011149,-0.071426
1970-01-01 00:00:00.000011150,-0.071208
1970-01-01 00:00:00.000011151,-0.0709679999999999
1970-01-01 00:00:00.000011152,-0.070713
1970-01-01 00:00:00.000011153,-0.0704279999999999
1970-01-01 00:00:00.000011154,-0.070146
1970-01-01 00:00:00.000011155,-0.069841
1970-01-01 00:00:00.000011156,-0.069551
1970-01-01 00:00:00.000011157,-0.0692059999999999
1970-01-01 00:00:00.000011158,-0.068872
1970-01-01 00:00:00.000011159,-0.068621
1970-01-01 00:00:00.000011160,-0.068436
1970-01-01 00:00:00.000011161,-0.06833
1970-01-01 00:00:00.000011162,-0.068361
1970-01-01 00:00:00.000011163,-0.068524
1970-01-01 00:00:00.000011164,-0.0687059999999999
1970-01-01 00:00:00.000011165,-0.068857
1970-01-01 00:00:00.000011166,-0.069004
1970-01-01 00:00:00.000011167,-0.069202
1970-01-01 00:00:00.000011168,-0.069274
1970-01-01 00:00:00.000011169,-0.069257
1970-01-01 00:00:00.000011170,-0.069123
1970-01-01 00:00:00.000011171,-0.068907
1970-01-01 00:00:00.000011172,-0.068673
1970-01-01 00:00:00.000011173,-0.068332
1970-01-01 00:00:00.000011174,-0.067967
1970-01-01 00:00:00.000011175,-0.067662
1970-01-01 00:00:00.000011176,-0.067406
1970-01-01 00:00:00.000011177,-0.0672659999999999
1970-01-01 00:00:00.000011178,-0.067163
1970-01-01 00:00:00.000011179,-0.066848
1970-01-01 00:00:00.000011180,-0.066486
1970-01-01 00:00:00.000011181,-0.066336
1970-01-01 00:00:00.000011182,-0.06657
1970-01-01 00:00:00.000011183,-0.067102
1970-01-01 00:00:00.000011184,-0.067764
1970-01-01 00:00:00.000011185,-0.068357
1970-01-01 00:00:00.000011186,-0.068789
1970-01-01 00:00:00.000011187,-0.069082
1970-01-01 00:00:00.000011188,-0.0692909999999999
1970-01-01 00:00:00.000011189,-0.069405
1970-01-01 00:00:00.000011190,-0.069368
1970-01-01 00:00:00.000011191,-0.069279
1970-01-01 00:00:00.000011192,-0.06917
1970-01-01 00:00:00.000011193,-0.069063
1970-01-01 00:00:00.000011194,-0.068924
1970-01-01 00:00:00.000011195,-0.068881
1970-01-01 00:00:00.000011196,-0.068933
1970-01-01 00:00:00.000011197,-0.068989
1970-01-01 00:00:00.000011198,-0.069058
1970-01-01 00:00:00.000011199,-0.069217
1970-01-01 00:00:00.000011200,-0.0694019999999999
1970-01-01 00:00:00.000011201,-0.069459
1970-01-01 00:00:00.000011202,-0.06944
1970-01-01 00:00:00.000011203,-0.069365
1970-01-01 00:00:00.000011204,-0.069185
1970-01-01 00:00:00.000011205,-0.068957
1970-01-01 00:00:00.000011206,-0.068718
1970-01-01 00:00:00.000011207,-0.068471
1970-01-01 00:00:00.000011208,-0.068178
1970-01-01 00:00:00.000011209,-0.067833
1970-01-01 00:00:00.000011210,-0.0675409999999999
1970-01-01 00:00:00.000011211,-0.067291
1970-01-01 00:00:00.000011212,-0.06712
1970-01-01 00:00:00.000011213,-0.0670019999999999
1970-01-01 00:00:00.000011214,-0.066951
1970-01-01 00:00:00.000011215,-0.067003
1970-01-01 00:00:00.000011216,-0.067133
1970-01-01 00:00:00.000011217,-0.067341
1970-01-01 00:00:00.000011218,-0.067522
1970-01-01 00:00:00.000011219,-0.067748
1970-01-01 00:00:00.000011220,-0.067871
1970-01-01 00:00:00.000011221,-0.067957
1970-01-01 00:00:00.000011222,-0.067955
1970-01-01 00:00:00.000011223,-0.067851
1970-01-01 00:00:00.000011224,-0.067671
1970-01-01 00:00:00.000011225,-0.067494
1970-01-01 00:00:00.000011226,-0.067284
1970-01-01 00:00:00.000011227,-0.067066
1970-01-01 00:00:00.000011228,-0.066847
1970-01-01 00:00:00.000011229,-0.066579
1970-01-01 00:00:00.000011230,-0.066301
1970-01-01 00:00:00.000011231,-0.066038
1970-01-01 00:00:00.000011232,-0.0657669999999999
1970-01-01 00:00:00.000011233,-0.065548
1970-01-01 00:00:00.000011234,-0.065326
1970-01-01 00:00:00.000011235,-0.065163
1970-01-01 00:00:00.000011236,-0.065111
1970-01-01 00:00:00.000011237,-0.065118
1970-01-01 00:00:00.000011238,-0.065171
1970-01-01 00:00:00.000011239,-0.065309
1970-01-01 00:00:00.000011240,-0.065458
1970-01-01 00:00:00.000011241,-0.065634
1970-01-01 00:00:00.000011242,-0.0657919999999999
1970-01-01 00:00:00.000011243,-0.065949
1970-01-01 00:00:00.000011244,-0.066019
1970-01-01 00:00:00.000011245,-0.066057
1970-01-01 00:00:00.000011246,-0.065996
1970-01-01 00:00:00.000011247,-0.065872
1970-01-01 00:00:00.000011248,-0.065777
1970-01-01 00:00:00.000011249,-0.065694
1970-01-01 00:00:00.000011250,-0.06556
1970-01-01 00:00:00.000011251,-0.065426
1970-01-01 00:00:00.000011252,-0.065333
1970-01-01 00:00:00.000011253,-0.065282
1970-01-01 00:00:00.000011254,-0.065237
1970-01-01 00:00:00.000011255,-0.06519
1970-01-01 00:00:00.000011256,-0.0651289999999999
1970-01-01 00:00:00.000011257,-0.065106
1970-01-01 00:00:00.000011258,-0.065131
1970-01-01 00:00:00.000011259,-0.065174
1970-01-01 00:00:00.000011260,-0.065209
1970-01-01 00:00:00.000011261,-0.065235
1970-01-01 00:00:00.000011262,-0.065305
1970-01-01 00:00:00.000011263,-0.065409
1970-01-01 00:00:00.000011264,-0.065494
1970-01-01 00:00:00.000011265,-0.065527
1970-01-01 00:00:00.000011266,-0.065571
1970-01-01 00:00:00.000011267,-0.065597
1970-01-01 00:00:00.000011268,-0.065575
1970-01-01 00:00:00.000011269,-0.065565
1970-01-01 00:00:00.000011270,-0.065553
1970-01-01 00:00:00.000011271,-0.065544
1970-01-01 00:00:00.000011272,-0.065515
1970-01-01 00:00:00.000011273,-0.065499
1970-01-01 00:00:00.000011274,-0.065429
1970-01-01 00:00:00.000011275,-0.06535
1970-01-01 00:00:00.000011276,-0.065311
1970-01-01 00:00:00.000011277,-0.065309
1970-01-01 00:00:00.000011278,-0.065332
1970-01-01 00:00:00.000011279,-0.065375
1970-01-01 00:00:00.000011280,-0.065425
1970-01-01 00:00:00.000011281,-0.065481
1970-01-01 00:00:00.000011282,-0.065549
1970-01-01 00:00:00.000011283,-0.065649
1970-01-01 00:00:00.000011284,-0.065751
1970-01-01 00:00:00.000011285,-0.065861
1970-01-01 00:00:00.000011286,-0.065955
1970-01-01 00:00:00.000011287,-0.065934
1970-01-01 00:00:00.000011288,-0.065909
1970-01-01 00:00:00.000011289,-0.065816
1970-01-01 00:00:00.000011290,-0.065638
1970-01-01 00:00:00.000011291,-0.06552
1970-01-01 00:00:00.000011292,-0.0654169999999999
1970-01-01 00:00:00.000011293,-0.065314
1970-01-01 00:00:00.000011294,-0.065133
1970-01-01 00:00:00.000011295,-0.064965
1970-01-01 00:00:00.000011296,-0.064948
1970-01-01 00:00:00.000011297,-0.064971
1970-01-01 00:00:00.000011298,-0.06502
1970-01-01 00:00:00.000011299,-0.065094
1970-01-01 00:00:00.000011300,-0.065157
1970-01-01 00:00:00.000011301,-0.06521
1970-01-01 00:00:00.000011302,-0.065272
1970-01-01 00:00:00.000011303,-0.065363
1970-01-01 00:00:00.000011304,-0.065509
1970-01-01 00:00:00.000011305,-0.065728
1970-01-01 00:00:00.000011306,-0.065855
1970-01-01 00:00:00.000011307,-0.065936
1970-01-01 00:00:00.000011308,-0.065995
1970-01-01 00:00:00.000011309,-0.066086
1970-01-01 00:00:00.000011310,-0.066175
1970-01-01 00:00:00.000011311,-0.066325
1970-01-01 00:00:00.000011312,-0.0665029999999999
1970-01-01 00:00:00.000011313,-0.066713
1970-01-01 00:00:00.000011314,-0.066935
1970-01-01 00:00:00.000011315,-0.067116
1970-01-01 00:00:00.000011316,-0.067342
1970-01-01 00:00:00.000011317,-0.067659
1970-01-01 00:00:00.000011318,-0.068096
1970-01-01 00:00:00.000011319,-0.06833
1970-01-01 00:00:00.000011320,-0.068363
1970-01-01 00:00:00.000011321,-0.0681789999999999
1970-01-01 00:00:00.000011322,-0.067955
1970-01-01 00:00:00.000011323,-0.067662
1970-01-01 00:00:00.000011324,-0.0672789999999999
1970-01-01 00:00:00.000011325,-0.066734
1970-01-01 00:00:00.000011326,-0.065983
1970-01-01 00:00:00.000011327,-0.0651679999999999
1970-01-01 00:00:00.000011328,-0.064301
1970-01-01 00:00:00.000011329,-0.063213
1970-01-01 00:00:00.000011330,-0.062136
1970-01-01 00:00:00.000011331,-0.061085
1970-01-01 00:00:00.000011332,-0.0599419999999999
1970-01-01 00:00:00.000011333,-0.058861
1970-01-01 00:00:00.000011334,-0.057832
1970-01-01 00:00:00.000011335,-0.056938
1970-01-01 00:00:00.000011336,-0.05619
1970-01-01 00:00:00.000011337,-0.055535
1970-01-01 00:00:00.000011338,-0.054927
1970-01-01 00:00:00.000011339,-0.054309
1970-01-01 00:00:00.000011340,-0.053776
1970-01-01 00:00:00.000011341,-0.05342
1970-01-01 00:00:00.000011342,-0.053165
1970-01-01 00:00:00.000011343,-0.05289
1970-01-01 00:00:00.000011344,-0.05251
1970-01-01 00:00:00.000011345,-0.051988
1970-01-01 00:00:00.000011346,-0.05141
1970-01-01 00:00:00.000011347,-0.050823
1970-01-01 00:00:00.000011348,-0.050204
1970-01-01 00:00:00.000011349,-0.049511
1970-01-01 00:00:00.000011350,-0.049003
1970-01-01 00:00:00.000011351,-0.048993
1970-01-01 00:00:00.000011352,-0.049538
1970-01-01 00:00:00.000011353,-0.050076
1970-01-01 00:00:00.000011354,-0.05018
1970-01-01 00:00:00.000011355,-0.050088
1970-01-01 00:00:00.000011356,-0.050205
1970-01-01 00:00:00.000011357,-0.050664
1970-01-01 00:00:00.000011358,-0.0515059999999999
1970-01-01 00:00:00.000011359,-0.052515
1970-01-01 00:00:00.000011360,-0.053577
1970-01-01 00:00:00.000011361,-0.054622
1970-01-01 00:00:00.000011362,-0.055589
1970-01-01 00:00:00.000011363,-0.0564799999999999
1970-01-01 00:00:00.000011364,-0.057379
1970-01-01 00:00:00.000011365,-0.058122
1970-01-01 00:00:00.000011366,-0.0586029999999999
1970-01-01 00:00:00.000011367,-0.058808
1970-01-01 00:00:00.000011368,-0.0587149999999999
1970-01-01 00:00:00.000011369,-0.058463
1970-01-01 00:00:00.000011370,-0.058157
1970-01-01 00:00:00.000011371,-0.058017
1970-01-01 00:00:00.000011372,-0.057632
1970-01-01 00:00:00.000011373,-0.0574059999999999
1970-01-01 00:00:00.000011374,-0.057773
1970-01-01 00:00:00.000011375,-0.058462
1970-01-01 00:00:00.000011376,-0.0593789999999999
1970-01-01 00:00:00.000011377,-0.060986
1970-01-01 00:00:00.000011378,-0.0632799999999999
1970-01-01 00:00:00.000011379,-0.065952
1970-01-01 00:00:00.000011380,-0.06815
1970-01-01 00:00:00.000011381,-0.069003
1970-01-01 00:00:00.000011382,-0.068925
1970-01-01 00:00:00.000011383,-0.0677
1970-01-01 00:00:00.000011384,-0.0645
1970-01-01 00:00:00.000011385,-0.06017
1970-01-01 00:00:00.000011386,-0.056719
1970-01-01 00:00:00.000011387,-0.055728
1970-01-01 00:00:00.000011388,-0.0564799999999999
1970-01-01 00:00:00.000011389,-0.056601
1970-01-01 00:00:00.000011390,-0.054662
1970-01-01 00:00:00.000011391,-0.050142
1970-01-01 00:00:00.000011392,-0.044924
1970-01-01 00:00:00.000011393,-0.04091
1970-01-01 00:00:00.000011394,-0.039122
1970-01-01 00:00:00.000011395,-0.039278
1970-01-01 00:00:00.000011396,-0.040465
1970-01-01 00:00:00.000011397,-0.0417279999999999
1970-01-01 00:00:00.000011398,-0.042675
1970-01-01 00:00:00.000011399,-0.042962
1970-01-01 00:00:00.000011400,-0.04243
1970-01-01 00:00:00.000011401,-0.041188
1970-01-01 00:00:00.000011402,-0.039136
1970-01-01 00:00:00.000011403,-0.036473
1970-01-01 00:00:00.000011404,-0.033144
1970-01-01 00:00:00.000011405,-0.029625
1970-01-01 00:00:00.000011406,-0.02605
1970-01-01 00:00:00.000011407,-0.022279
1970-01-01 00:00:00.000011408,-0.018555
1970-01-01 00:00:00.000011409,-0.015712
1970-01-01 00:00:00.000011410,-0.014223
1970-01-01 00:00:00.000011411,-0.013515
1970-01-01 00:00:00.000011412,-0.013078
1970-01-01 00:00:00.000011413,-0.012489
1970-01-01 00:00:00.000011414,-0.012
1970-01-01 00:00:00.000011415,-0.0121959999999999
1970-01-01 00:00:00.000011416,-0.0136379999999999
1970-01-01 00:00:00.000011417,-0.016432
1970-01-01 00:00:00.000011418,-0.019264
1970-01-01 00:00:00.000011419,-0.020787
1970-01-01 00:00:00.000011420,-0.02047
1970-01-01 00:00:00.000011421,-0.01939
1970-01-01 00:00:00.000011422,-0.018855
1970-01-01 00:00:00.000011423,-0.019531
1970-01-01 00:00:00.000011424,-0.02119
1970-01-01 00:00:00.000011425,-0.022191
1970-01-01 00:00:00.000011426,-0.022624
1970-01-01 00:00:00.000011427,-0.022167
1970-01-01 00:00:00.000011428,-0.0207259999999999
1970-01-01 00:00:00.000011429,-0.018565
1970-01-01 00:00:00.000011430,-0.0163759999999999
1970-01-01 00:00:00.000011431,-0.014144
1970-01-01 00:00:00.000011432,-0.012157
1970-01-01 00:00:00.000011433,-0.011966
1970-01-01 00:00:00.000011434,-0.011418
1970-01-01 00:00:00.000011435,-0.01133
1970-01-01 00:00:00.000011436,-0.011393
1970-01-01 00:00:00.000011437,-0.011217
1970-01-01 00:00:00.000011438,-0.0106
1970-01-01 00:00:00.000011439,-0.010637
1970-01-01 00:00:00.000011440,-0.009993
1970-01-01 00:00:00.000011441,-0.009221
1970-01-01 00:00:00.000011442,-0.008685
1970-01-01 00:00:00.000011443,-0.007555
1970-01-01 00:00:00.000011444,-0.006837
1970-01-01 00:00:00.000011445,-0.005975
1970-01-01 00:00:00.000011446,-0.00527
1970-01-01 00:00:00.000011447,-0.004796
1970-01-01 00:00:00.000011448,-0.004556
1970-01-01 00:00:00.000011449,-0.004659
1970-01-01 00:00:00.000011450,-0.004752
1970-01-01 00:00:00.000011451,-0.005088
1970-01-01 00:00:00.000011452,-0.005932
1970-01-01 00:00:00.000011453,-0.0064709999999999
1970-01-01 00:00:00.000011454,-0.006967
1970-01-01 00:00:00.000011455,-0.007551
1970-01-01 00:00:00.000011456,-0.008232
1970-01-01 00:00:00.000011457,-0.0085709999999999
1970-01-01 00:00:00.000011458,-0.008643
1970-01-01 00:00:00.000011459,-0.0085469999999999
1970-01-01 00:00:00.000011460,-0.0082569999999999
1970-01-01 00:00:00.000011461,-0.0077769999999999
1970-01-01 00:00:00.000011462,-0.007467
1970-01-01 00:00:00.000011463,-0.0072599999999999
1970-01-01 00:00:00.000011464,-0.007144
1970-01-01 00:00:00.000011465,-0.007094
1970-01-01 00:00:00.000011466,-0.007079
1970-01-01 00:00:00.000011467,-0.007173
1970-01-01 00:00:00.000011468,-0.007337
1970-01-01 00:00:00.000011469,-0.0074709999999999
1970-01-01 00:00:00.000011470,-0.007517
1970-01-01 00:00:00.000011471,-0.007359
1970-01-01 00:00:00.000011472,-0.006977
1970-01-01 00:00:00.000011473,-0.006376
1970-01-01 00:00:00.000011474,-0.005506
1970-01-01 00:00:00.000011475,-0.00446
1970-01-01 00:00:00.000011476,-0.003427
1970-01-01 00:00:00.000011477,-0.002554
1970-01-01 00:00:00.000011478,-0.0018679999999999
1970-01-01 00:00:00.000011479,-0.0013369999999999
1970-01-01 00:00:00.000011480,-0.001232
1970-01-01 00:00:00.000011481,-0.001644
1970-01-01 00:00:00.000011482,-0.002518
1970-01-01 00:00:00.000011483,-0.0035299999999999
1970-01-01 00:00:00.000011484,-0.004515
1970-01-01 00:00:00.000011485,-0.00536
1970-01-01 00:00:00.000011486,-0.005943
1970-01-01 00:00:00.000011487,-0.0063
1970-01-01 00:00:00.000011488,-0.006443
1970-01-01 00:00:00.000011489,-0.006383
1970-01-01 00:00:00.000011490,-0.006301
1970-01-01 00:00:00.000011491,-0.00629
1970-01-01 00:00:00.000011492,-0.0064129999999999
1970-01-01 00:00:00.000011493,-0.006734
1970-01-01 00:00:00.000011494,-0.007236
1970-01-01 00:00:00.000011495,-0.007851
1970-01-01 00:00:00.000011496,-0.008451
1970-01-01 00:00:00.000011497,-0.008983
1970-01-01 00:00:00.000011498,-0.009459
1970-01-01 00:00:00.000011499,-0.009772
1970-01-01 00:00:00.000011500,-0.009926
1970-01-01 00:00:00.000011501,-0.0099709999999999
1970-01-01 00:00:00.000011502,-0.009983
1970-01-01 00:00:00.000011503,-0.009936
1970-01-01 00:00:00.000011504,-0.009855
1970-01-01 00:00:00.000011505,-0.009767
1970-01-01 00:00:00.000011506,-0.00957
1970-01-01 00:00:00.000011507,-0.009341
1970-01-01 00:00:00.000011508,-0.009023
1970-01-01 00:00:00.000011509,-0.008672
1970-01-01 00:00:00.000011510,-0.008259
1970-01-01 00:00:00.000011511,-0.0076879999999999
1970-01-01 00:00:00.000011512,-0.0070569999999999
1970-01-01 00:00:00.000011513,-0.006547
1970-01-01 00:00:00.000011514,-0.0061579999999999
1970-01-01 00:00:00.000011515,-0.005767
1970-01-01 00:00:00.000011516,-0.005421
1970-01-01 00:00:00.000011517,-0.00518
1970-01-01 00:00:00.000011518,-0.004929
1970-01-01 00:00:00.000011519,-0.004649
1970-01-01 00:00:00.000011520,-0.0043619999999999
1970-01-01 00:00:00.000011521,-0.004125
1970-01-01 00:00:00.000011522,-0.003852
1970-01-01 00:00:00.000011523,-0.003506
1970-01-01 00:00:00.000011524,-0.003189
1970-01-01 00:00:00.000011525,-0.003064
1970-01-01 00:00:00.000011526,-0.003078
1970-01-01 00:00:00.000011527,-0.0032229999999999
1970-01-01 00:00:00.000011528,-0.0033829999999999
1970-01-01 00:00:00.000011529,-0.0035259999999999
1970-01-01 00:00:00.000011530,-0.003594
1970-01-01 00:00:00.000011531,-0.003675
1970-01-01 00:00:00.000011532,-0.003774
1970-01-01 00:00:00.000011533,-0.003884
1970-01-01 00:00:00.000011534,-0.003884
1970-01-01 00:00:00.000011535,-0.003792
1970-01-01 00:00:00.000011536,-0.003632
1970-01-01 00:00:00.000011537,-0.0034549999999999
1970-01-01 00:00:00.000011538,-0.003195
1970-01-01 00:00:00.000011539,-0.002897
1970-01-01 00:00:00.000011540,-0.002613
1970-01-01 00:00:00.000011541,-0.002334
1970-01-01 00:00:00.000011542,-0.002094
1970-01-01 00:00:00.000011543,-0.001917
1970-01-01 00:00:00.000011544,-0.00181
1970-01-01 00:00:00.000011545,-0.001682
1970-01-01 00:00:00.000011546,-0.001525
1970-01-01 00:00:00.000011547,-0.001317
1970-01-01 00:00:00.000011548,-0.001071
1970-01-01 00:00:00.000011549,-0.00084
1970-01-01 00:00:00.000011550,-0.000595
1970-01-01 00:00:00.000011551,-0.000271
1970-01-01 00:00:00.000011552,0.0001139999999999
1970-01-01 00:00:00.000011553,0.000556
1970-01-01 00:00:00.000011554,0.001036
1970-01-01 00:00:00.000011555,0.001428
1970-01-01 00:00:00.000011556,0.001817
1970-01-01 00:00:00.000011557,0.002191
1970-01-01 00:00:00.000011558,0.002506
1970-01-01 00:00:00.000011559,0.002705
1970-01-01 00:00:00.000011560,0.00271
1970-01-01 00:00:00.000011561,0.002476
1970-01-01 00:00:00.000011562,0.002098
1970-01-01 00:00:00.000011563,0.001653
1970-01-01 00:00:00.000011564,0.001107
1970-01-01 00:00:00.000011565,0.000474
1970-01-01 00:00:00.000011566,-0.000244
1970-01-01 00:00:00.000011567,-0.000985
1970-01-01 00:00:00.000011568,-0.001784
1970-01-01 00:00:00.000011569,-0.002574
1970-01-01 00:00:00.000011570,-0.003307
1970-01-01 00:00:00.000011571,-0.0039369999999999
1970-01-01 00:00:00.000011572,-0.004476
1970-01-01 00:00:00.000011573,-0.004853
1970-01-01 00:00:00.000011574,-0.005111
1970-01-01 00:00:00.000011575,-0.005328
1970-01-01 00:00:00.000011576,-0.005526
1970-01-01 00:00:00.000011577,-0.00573
1970-01-01 00:00:00.000011578,-0.005905
1970-01-01 00:00:00.000011579,-0.006025
1970-01-01 00:00:00.000011580,-0.00614
1970-01-01 00:00:00.000011581,-0.006187
1970-01-01 00:00:00.000011582,-0.00616
1970-01-01 00:00:00.000011583,-0.006157
1970-01-01 00:00:00.000011584,-0.006309
1970-01-01 00:00:00.000011585,-0.00669
1970-01-01 00:00:00.000011586,-0.007293
1970-01-01 00:00:00.000011587,-0.007951
1970-01-01 00:00:00.000011588,-0.0085569999999999
1970-01-01 00:00:00.000011589,-0.008987
1970-01-01 00:00:00.000011590,-0.009179
1970-01-01 00:00:00.000011591,-0.009138
1970-01-01 00:00:00.000011592,-0.008877
1970-01-01 00:00:00.000011593,-0.00842
1970-01-01 00:00:00.000011594,-0.007848
1970-01-01 00:00:00.000011595,-0.007195
1970-01-01 00:00:00.000011596,-0.006469
1970-01-01 00:00:00.000011597,-0.005741
1970-01-01 00:00:00.000011598,-0.0049549999999999
1970-01-01 00:00:00.000011599,-0.004101
1970-01-01 00:00:00.000011600,-0.003339
1970-01-01 00:00:00.000011601,-0.002689
1970-01-01 00:00:00.000011602,-0.002258
1970-01-01 00:00:00.000011603,-0.002062
1970-01-01 00:00:00.000011604,-0.002013
1970-01-01 00:00:00.000011605,-0.001994
1970-01-01 00:00:00.000011606,-0.002025
1970-01-01 00:00:00.000011607,-0.001969
1970-01-01 00:00:00.000011608,-0.001759
1970-01-01 00:00:00.000011609,-0.001545
1970-01-01 00:00:00.000011610,-0.001291
1970-01-01 00:00:00.000011611,-0.000966
1970-01-01 00:00:00.000011612,-0.000655
1970-01-01 00:00:00.000011613,-0.00052
1970-01-01 00:00:00.000011614,-0.00062
1970-01-01 00:00:00.000011615,-0.001124
1970-01-01 00:00:00.000011616,-0.001982
1970-01-01 00:00:00.000011617,-0.0030329999999999
1970-01-01 00:00:00.000011618,-0.003988
1970-01-01 00:00:00.000011619,-0.004527
1970-01-01 00:00:00.000011620,-0.004806
1970-01-01 00:00:00.000011621,-0.004884
1970-01-01 00:00:00.000011622,-0.004702
1970-01-01 00:00:00.000011623,-0.00432
1970-01-01 00:00:00.000011624,-0.003796
1970-01-01 00:00:00.000011625,-0.003116
1970-01-01 00:00:00.000011626,-0.002353
1970-01-01 00:00:00.000011627,-0.00149
1970-01-01 00:00:00.000011628,-0.0007059999999999
1970-01-01 00:00:00.000011629,1e-05
1970-01-01 00:00:00.000011630,0.000651
1970-01-01 00:00:00.000011631,0.001215
1970-01-01 00:00:00.000011632,0.001792
1970-01-01 00:00:00.000011633,0.002457
1970-01-01 00:00:00.000011634,0.003231
1970-01-01 00:00:00.000011635,0.004089
1970-01-01 00:00:00.000011636,0.005032
1970-01-01 00:00:00.000011637,0.006113
1970-01-01 00:00:00.000011638,0.007292
1970-01-01 00:00:00.000011639,0.008444
1970-01-01 00:00:00.000011640,0.009583
1970-01-01 00:00:00.000011641,0.010665
1970-01-01 00:00:00.000011642,0.011637
1970-01-01 00:00:00.000011643,0.012482
1970-01-01 00:00:00.000011644,0.013006
1970-01-01 00:00:00.000011645,0.013163
1970-01-01 00:00:00.000011646,0.013028
1970-01-01 00:00:00.000011647,0.012733
1970-01-01 00:00:00.000011648,0.012355
1970-01-01 00:00:00.000011649,0.012001
1970-01-01 00:00:00.000011650,0.011886
1970-01-01 00:00:00.000011651,0.011998
1970-01-01 00:00:00.000011652,0.0123159999999999
1970-01-01 00:00:00.000011653,0.012781
1970-01-01 00:00:00.000011654,0.013227
1970-01-01 00:00:00.000011655,0.0135789999999999
1970-01-01 00:00:00.000011656,0.013865
1970-01-01 00:00:00.000011657,0.014027
1970-01-01 00:00:00.000011658,0.01409
1970-01-01 00:00:00.000011659,0.014058
1970-01-01 00:00:00.000011660,0.01395
1970-01-01 00:00:00.000011661,0.013968
1970-01-01 00:00:00.000011662,0.0141129999999999
1970-01-01 00:00:00.000011663,0.01435
1970-01-01 00:00:00.000011664,0.014637
1970-01-01 00:00:00.000011665,0.014858
1970-01-01 00:00:00.000011666,0.015033
1970-01-01 00:00:00.000011667,0.015169
1970-01-01 00:00:00.000011668,0.0151729999999999
1970-01-01 00:00:00.000011669,0.015063
1970-01-01 00:00:00.000011670,0.014813
1970-01-01 00:00:00.000011671,0.014235
1970-01-01 00:00:00.000011672,0.013354
1970-01-01 00:00:00.000011673,0.012384
1970-01-01 00:00:00.000011674,0.01149
1970-01-01 00:00:00.000011675,0.010713
1970-01-01 00:00:00.000011676,0.010098
1970-01-01 00:00:00.000011677,0.009653
1970-01-01 00:00:00.000011678,0.009376
1970-01-01 00:00:00.000011679,0.009258
1970-01-01 00:00:00.000011680,0.009252
1970-01-01 00:00:00.000011681,0.009256
1970-01-01 00:00:00.000011682,0.00937
1970-01-01 00:00:00.000011683,0.009574
1970-01-01 00:00:00.000011684,0.009824
1970-01-01 00:00:00.000011685,0.010135
1970-01-01 00:00:00.000011686,0.0104319999999999
1970-01-01 00:00:00.000011687,0.010581
1970-01-01 00:00:00.000011688,0.0106
1970-01-01 00:00:00.000011689,0.010412
1970-01-01 00:00:00.000011690,0.010123
1970-01-01 00:00:00.000011691,0.009812
1970-01-01 00:00:00.000011692,0.009543
1970-01-01 00:00:00.000011693,0.009315
1970-01-01 00:00:00.000011694,0.009126
1970-01-01 00:00:00.000011695,0.008986
1970-01-01 00:00:00.000011696,0.008824
1970-01-01 00:00:00.000011697,0.008633
1970-01-01 00:00:00.000011698,0.008524
1970-01-01 00:00:00.000011699,0.008418
1970-01-01 00:00:00.000011700,0.008303
1970-01-01 00:00:00.000011701,0.008237
1970-01-01 00:00:00.000011702,0.008154
1970-01-01 00:00:00.000011703,0.008039
1970-01-01 00:00:00.000011704,0.007959
1970-01-01 00:00:00.000011705,0.007889
1970-01-01 00:00:00.000011706,0.007855
1970-01-01 00:00:00.000011707,0.007893
1970-01-01 00:00:00.000011708,0.007925
1970-01-01 00:00:00.000011709,0.007852
1970-01-01 00:00:00.000011710,0.007631
1970-01-01 00:00:00.000011711,0.0074069999999999
1970-01-01 00:00:00.000011712,0.007328
1970-01-01 00:00:00.000011713,0.00734
1970-01-01 00:00:00.000011714,0.007377
1970-01-01 00:00:00.000011715,0.007439
1970-01-01 00:00:00.000011716,0.007619
1970-01-01 00:00:00.000011717,0.0079189999999999
1970-01-01 00:00:00.000011718,0.008495
1970-01-01 00:00:00.000011719,0.009493
1970-01-01 00:00:00.000011720,0.010705
1970-01-01 00:00:00.000011721,0.0119099999999999
1970-01-01 00:00:00.000011722,0.013007
1970-01-01 00:00:00.000011723,0.014088
1970-01-01 00:00:00.000011724,0.015209
1970-01-01 00:00:00.000011725,0.01622
1970-01-01 00:00:00.000011726,0.016943
1970-01-01 00:00:00.000011727,0.017305
1970-01-01 00:00:00.000011728,0.017415
1970-01-01 00:00:00.000011729,0.017534
1970-01-01 00:00:00.000011730,0.0177599999999999
1970-01-01 00:00:00.000011731,0.017976
1970-01-01 00:00:00.000011732,0.017962
1970-01-01 00:00:00.000011733,0.017681
1970-01-01 00:00:00.000011734,0.017282
1970-01-01 00:00:00.000011735,0.016728
1970-01-01 00:00:00.000011736,0.015907
1970-01-01 00:00:00.000011737,0.014846
1970-01-01 00:00:00.000011738,0.01368
1970-01-01 00:00:00.000011739,0.012567
1970-01-01 00:00:00.000011740,0.01165
1970-01-01 00:00:00.000011741,0.011147
1970-01-01 00:00:00.000011742,0.011142
1970-01-01 00:00:00.000011743,0.011606
1970-01-01 00:00:00.000011744,0.012453
1970-01-01 00:00:00.000011745,0.013413
1970-01-01 00:00:00.000011746,0.014315
1970-01-01 00:00:00.000011747,0.015175
1970-01-01 00:00:00.000011748,0.016078
1970-01-01 00:00:00.000011749,0.017128
1970-01-01 00:00:00.000011750,0.018243
1970-01-01 00:00:00.000011751,0.019244
1970-01-01 00:00:00.000011752,0.020009
1970-01-01 00:00:00.000011753,0.02055
1970-01-01 00:00:00.000011754,0.020886
1970-01-01 00:00:00.000011755,0.02111
1970-01-01 00:00:00.000011756,0.021437
1970-01-01 00:00:00.000011757,0.02191
1970-01-01 00:00:00.000011758,0.022399
1970-01-01 00:00:00.000011759,0.022759
1970-01-01 00:00:00.000011760,0.022991
1970-01-01 00:00:00.000011761,0.023194
1970-01-01 00:00:00.000011762,0.023533
1970-01-01 00:00:00.000011763,0.024019
1970-01-01 00:00:00.000011764,0.024507
1970-01-01 00:00:00.000011765,0.024886
1970-01-01 00:00:00.000011766,0.025072
1970-01-01 00:00:00.000011767,0.025009
1970-01-01 00:00:00.000011768,0.02476
1970-01-01 00:00:00.000011769,0.024401
1970-01-01 00:00:00.000011770,0.023859
1970-01-01 00:00:00.000011771,0.023103
1970-01-01 00:00:00.000011772,0.0221449999999999
1970-01-01 00:00:00.000011773,0.021122
1970-01-01 00:00:00.000011774,0.0201639999999999
1970-01-01 00:00:00.000011775,0.01931
1970-01-01 00:00:00.000011776,0.018595
1970-01-01 00:00:00.000011777,0.018044
1970-01-01 00:00:00.000011778,0.017659
1970-01-01 00:00:00.000011779,0.017402
1970-01-01 00:00:00.000011780,0.017291
1970-01-01 00:00:00.000011781,0.01728
1970-01-01 00:00:00.000011782,0.017302
1970-01-01 00:00:00.000011783,0.017263
1970-01-01 00:00:00.000011784,0.017189
1970-01-01 00:00:00.000011785,0.017044
1970-01-01 00:00:00.000011786,0.016768
1970-01-01 00:00:00.000011787,0.016406
1970-01-01 00:00:00.000011788,0.015898
1970-01-01 00:00:00.000011789,0.015324
1970-01-01 00:00:00.000011790,0.0147979999999999
1970-01-01 00:00:00.000011791,0.014291
1970-01-01 00:00:00.000011792,0.013853
1970-01-01 00:00:00.000011793,0.0135039999999999
1970-01-01 00:00:00.000011794,0.0131919999999999
1970-01-01 00:00:00.000011795,0.012877
1970-01-01 00:00:00.000011796,0.0125379999999999
1970-01-01 00:00:00.000011797,0.012094
1970-01-01 00:00:00.000011798,0.01152
1970-01-01 00:00:00.000011799,0.010929
1970-01-01 00:00:00.000011800,0.010395
1970-01-01 00:00:00.000011801,0.009869
1970-01-01 00:00:00.000011802,0.0093569999999999
1970-01-01 00:00:00.000011803,0.00874
1970-01-01 00:00:00.000011804,0.007892
1970-01-01 00:00:00.000011805,0.006869
1970-01-01 00:00:00.000011806,0.005674
1970-01-01 00:00:00.000011807,0.004342
1970-01-01 00:00:00.000011808,0.002968
1970-01-01 00:00:00.000011809,0.0016649999999999
1970-01-01 00:00:00.000011810,0.0004969999999999
1970-01-01 00:00:00.000011811,-0.000407
1970-01-01 00:00:00.000011812,-0.001081
1970-01-01 00:00:00.000011813,-0.001521
1970-01-01 00:00:00.000011814,-0.001737
1970-01-01 00:00:00.000011815,-0.001841
1970-01-01 00:00:00.000011816,-0.001865
1970-01-01 00:00:00.000011817,-0.001826
1970-01-01 00:00:00.000011818,-0.001835
1970-01-01 00:00:00.000011819,-0.002059
1970-01-01 00:00:00.000011820,-0.002459
1970-01-01 00:00:00.000011821,-0.003078
1970-01-01 00:00:00.000011822,-0.003899
1970-01-01 00:00:00.000011823,-0.004841
1970-01-01 00:00:00.000011824,-0.005733
1970-01-01 00:00:00.000011825,-0.006526
1970-01-01 00:00:00.000011826,-0.007165
1970-01-01 00:00:00.000011827,-0.00761
1970-01-01 00:00:00.000011828,-0.00792
1970-01-01 00:00:00.000011829,-0.00808
1970-01-01 00:00:00.000011830,-0.008205
1970-01-01 00:00:00.000011831,-0.008318
1970-01-01 00:00:00.000011832,-0.008422
1970-01-01 00:00:00.000011833,-0.0085849999999999
1970-01-01 00:00:00.000011834,-0.008692
1970-01-01 00:00:00.000011835,-0.008709
1970-01-01 00:00:00.000011836,-0.008609
1970-01-01 00:00:00.000011837,-0.008408
1970-01-01 00:00:00.000011838,-0.008087
1970-01-01 00:00:00.000011839,-0.007654
1970-01-01 00:00:00.000011840,-0.007223
1970-01-01 00:00:00.000011841,-0.006749
1970-01-01 00:00:00.000011842,-0.006241
1970-01-01 00:00:00.000011843,-0.0057979999999999
1970-01-01 00:00:00.000011844,-0.005409
1970-01-01 00:00:00.000011845,-0.0050609999999999
1970-01-01 00:00:00.000011846,-0.004841
1970-01-01 00:00:00.000011847,-0.004712
1970-01-01 00:00:00.000011848,-0.004612
1970-01-01 00:00:00.000011849,-0.00455
1970-01-01 00:00:00.000011850,-0.004519
1970-01-01 00:00:00.000011851,-0.004496
1970-01-01 00:00:00.000011852,-0.004495
1970-01-01 00:00:00.000011853,-0.004468
1970-01-01 00:00:00.000011854,-0.004485
1970-01-01 00:00:00.000011855,-0.004635
1970-01-01 00:00:00.000011856,-0.004847
1970-01-01 00:00:00.000011857,-0.005109
1970-01-01 00:00:00.000011858,-0.005313
1970-01-01 00:00:00.000011859,-0.005413
1970-01-01 00:00:00.000011860,-0.00542
1970-01-01 00:00:00.000011861,-0.005292
1970-01-01 00:00:00.000011862,-0.00504
1970-01-01 00:00:00.000011863,-0.004686
1970-01-01 00:00:00.000011864,-0.004266
1970-01-01 00:00:00.000011865,-0.0037649999999999
1970-01-01 00:00:00.000011866,-0.003307
1970-01-01 00:00:00.000011867,-0.002946
1970-01-01 00:00:00.000011868,-0.0026149999999999
1970-01-01 00:00:00.000011869,-0.0023309999999999
1970-01-01 00:00:00.000011870,-0.002171
1970-01-01 00:00:00.000011871,-0.0021609999999999
1970-01-01 00:00:00.000011872,-0.002206
1970-01-01 00:00:00.000011873,-0.002356
1970-01-01 00:00:00.000011874,-0.0026449999999999
1970-01-01 00:00:00.000011875,-0.003032
1970-01-01 00:00:00.000011876,-0.0033979999999999
1970-01-01 00:00:00.000011877,-0.003632
1970-01-01 00:00:00.000011878,-0.003768
1970-01-01 00:00:00.000011879,-0.003776
1970-01-01 00:00:00.000011880,-0.0036609999999999
1970-01-01 00:00:00.000011881,-0.003311
1970-01-01 00:00:00.000011882,-0.0027559999999999
1970-01-01 00:00:00.000011883,-0.002088
1970-01-01 00:00:00.000011884,-0.001422
1970-01-01 00:00:00.000011885,-0.000856
1970-01-01 00:00:00.000011886,-0.0003799999999999
1970-01-01 00:00:00.000011887,5.6000000000000006e-05
1970-01-01 00:00:00.000011888,0.000428
1970-01-01 00:00:00.000011889,0.000819
1970-01-01 00:00:00.000011890,0.00118
1970-01-01 00:00:00.000011891,0.001238
1970-01-01 00:00:00.000011892,0.000984
1970-01-01 00:00:00.000011893,0.000601
1970-01-01 00:00:00.000011894,0.000327
1970-01-01 00:00:00.000011895,0.000344
1970-01-01 00:00:00.000011896,0.000681
1970-01-01 00:00:00.000011897,0.0012259999999999
1970-01-01 00:00:00.000011898,0.001957
1970-01-01 00:00:00.000011899,0.002741
1970-01-01 00:00:00.000011900,0.003507
1970-01-01 00:00:00.000011901,0.004183
1970-01-01 00:00:00.000011902,0.004723
1970-01-01 00:00:00.000011903,0.0051329999999999
1970-01-01 00:00:00.000011904,0.005489
1970-01-01 00:00:00.000011905,0.005763
1970-01-01 00:00:00.000011906,0.005901
1970-01-01 00:00:00.000011907,0.005896
1970-01-01 00:00:00.000011908,0.005866
1970-01-01 00:00:00.000011909,0.005859
1970-01-01 00:00:00.000011910,0.00596
1970-01-01 00:00:00.000011911,0.006162
1970-01-01 00:00:00.000011912,0.006486
1970-01-01 00:00:00.000011913,0.0068439999999999
1970-01-01 00:00:00.000011914,0.0072159999999999
1970-01-01 00:00:00.000011915,0.007547
1970-01-01 00:00:00.000011916,0.007826
1970-01-01 00:00:00.000011917,0.008091
1970-01-01 00:00:00.000011918,0.00838
1970-01-01 00:00:00.000011919,0.008778
1970-01-01 00:00:00.000011920,0.009229
1970-01-01 00:00:00.000011921,0.009682
1970-01-01 00:00:00.000011922,0.010153
1970-01-01 00:00:00.000011923,0.0106
1970-01-01 00:00:00.000011924,0.011087
1970-01-01 00:00:00.000011925,0.011584
1970-01-01 00:00:00.000011926,0.01206
1970-01-01 00:00:00.000011927,0.012503
1970-01-01 00:00:00.000011928,0.012902
1970-01-01 00:00:00.000011929,0.013313
1970-01-01 00:00:00.000011930,0.0136639999999999
1970-01-01 00:00:00.000011931,0.013977
1970-01-01 00:00:00.000011932,0.014294
1970-01-01 00:00:00.000011933,0.014497
1970-01-01 00:00:00.000011934,0.0146229999999999
1970-01-01 00:00:00.000011935,0.014753
1970-01-01 00:00:00.000011936,0.014809
1970-01-01 00:00:00.000011937,0.0148259999999999
1970-01-01 00:00:00.000011938,0.014877
1970-01-01 00:00:00.000011939,0.014862
1970-01-01 00:00:00.000011940,0.014775
1970-01-01 00:00:00.000011941,0.0146349999999999
1970-01-01 00:00:00.000011942,0.014494
1970-01-01 00:00:00.000011943,0.01443
1970-01-01 00:00:00.000011944,0.014488
1970-01-01 00:00:00.000011945,0.0146699999999999
1970-01-01 00:00:00.000011946,0.01493
1970-01-01 00:00:00.000011947,0.015143
1970-01-01 00:00:00.000011948,0.015247
1970-01-01 00:00:00.000011949,0.015299
1970-01-01 00:00:00.000011950,0.015323
1970-01-01 00:00:00.000011951,0.015336
1970-01-01 00:00:00.000011952,0.0153569999999999
1970-01-01 00:00:00.000011953,0.0153509999999999
1970-01-01 00:00:00.000011954,0.015314
1970-01-01 00:00:00.000011955,0.015304
1970-01-01 00:00:00.000011956,0.015253
1970-01-01 00:00:00.000011957,0.015183
1970-01-01 00:00:00.000011958,0.015047
1970-01-01 00:00:00.000011959,0.014856
1970-01-01 00:00:00.000011960,0.014646
1970-01-01 00:00:00.000011961,0.0143729999999999
1970-01-01 00:00:00.000011962,0.014084
1970-01-01 00:00:00.000011963,0.0136099999999999
1970-01-01 00:00:00.000011964,0.01308
1970-01-01 00:00:00.000011965,0.012554
1970-01-01 00:00:00.000011966,0.011939
1970-01-01 00:00:00.000011967,0.011275
1970-01-01 00:00:00.000011968,0.010627
1970-01-01 00:00:00.000011969,0.009923
1970-01-01 00:00:00.000011970,0.009228
1970-01-01 00:00:00.000011971,0.00847
1970-01-01 00:00:00.000011972,0.007618
1970-01-01 00:00:00.000011973,0.0067069999999999
1970-01-01 00:00:00.000011974,0.005664
1970-01-01 00:00:00.000011975,0.004449
1970-01-01 00:00:00.000011976,0.003053
1970-01-01 00:00:00.000011977,0.001584
1970-01-01 00:00:00.000011978,0.0001199999999999
1970-01-01 00:00:00.000011979,-0.0011619999999999
1970-01-01 00:00:00.000011980,-0.002244
1970-01-01 00:00:00.000011981,-0.003059
1970-01-01 00:00:00.000011982,-0.00365
1970-01-01 00:00:00.000011983,-0.004047
1970-01-01 00:00:00.000011984,-0.004363
1970-01-01 00:00:00.000011985,-0.004576
1970-01-01 00:00:00.000011986,-0.004775
1970-01-01 00:00:00.000011987,-0.004985
1970-01-01 00:00:00.000011988,-0.005095
1970-01-01 00:00:00.000011989,-0.005107
1970-01-01 00:00:00.000011990,-0.005007
1970-01-01 00:00:00.000011991,-0.004755
1970-01-01 00:00:00.000011992,-0.004382
1970-01-01 00:00:00.000011993,-0.003885
1970-01-01 00:00:00.000011994,-0.003372
1970-01-01 00:00:00.000011995,-0.002855
1970-01-01 00:00:00.000011996,-0.002326
1970-01-01 00:00:00.000011997,-0.001779
1970-01-01 00:00:00.000011998,-0.0012929999999999
1970-01-01 00:00:00.000011999,-0.000868
1970-01-01 00:00:00.000012000,-0.000416
1970-01-01 00:00:00.000012001,0.000128
1970-01-01 00:00:00.000012002,0.000781
1970-01-01 00:00:00.000012003,0.001486
1970-01-01 00:00:00.000012004,0.0021579999999999
1970-01-01 00:00:00.000012005,0.002736
1970-01-01 00:00:00.000012006,0.0032119999999999
1970-01-01 00:00:00.000012007,0.0035759999999999
1970-01-01 00:00:00.000012008,0.0038659999999999
1970-01-01 00:00:00.000012009,0.004178
1970-01-01 00:00:00.000012010,0.004497
1970-01-01 00:00:00.000012011,0.004824
1970-01-01 00:00:00.000012012,0.005131
1970-01-01 00:00:00.000012013,0.005452
1970-01-01 00:00:00.000012014,0.005767
1970-01-01 00:00:00.000012015,0.006125
1970-01-01 00:00:00.000012016,0.0065049999999999
1970-01-01 00:00:00.000012017,0.006879
1970-01-01 00:00:00.000012018,0.0072569999999999
1970-01-01 00:00:00.000012019,0.007682
1970-01-01 00:00:00.000012020,0.008106
1970-01-01 00:00:00.000012021,0.008501
1970-01-01 00:00:00.000012022,0.008968
1970-01-01 00:00:00.000012023,0.009474
1970-01-01 00:00:00.000012024,0.010048
1970-01-01 00:00:00.000012025,0.010695
1970-01-01 00:00:00.000012026,0.011361
1970-01-01 00:00:00.000012027,0.012069
1970-01-01 00:00:00.000012028,0.012806
1970-01-01 00:00:00.000012029,0.013512
1970-01-01 00:00:00.000012030,0.014143
1970-01-01 00:00:00.000012031,0.014752
1970-01-01 00:00:00.000012032,0.015279
1970-01-01 00:00:00.000012033,0.0158479999999999
1970-01-01 00:00:00.000012034,0.016493
1970-01-01 00:00:00.000012035,0.017283
1970-01-01 00:00:00.000012036,0.018181
1970-01-01 00:00:00.000012037,0.019111
1970-01-01 00:00:00.000012038,0.020055
1970-01-01 00:00:00.000012039,0.020965
1970-01-01 00:00:00.000012040,0.0218949999999999
1970-01-01 00:00:00.000012041,0.022934
1970-01-01 00:00:00.000012042,0.024088
1970-01-01 00:00:00.000012043,0.025248
1970-01-01 00:00:00.000012044,0.026323
1970-01-01 00:00:00.000012045,0.0273519999999999
1970-01-01 00:00:00.000012046,0.028292
1970-01-01 00:00:00.000012047,0.029194
1970-01-01 00:00:00.000012048,0.030026
1970-01-01 00:00:00.000012049,0.0308899999999999
1970-01-01 00:00:00.000012050,0.031861
1970-01-01 00:00:00.000012051,0.032737
1970-01-01 00:00:00.000012052,0.03346
1970-01-01 00:00:00.000012053,0.03398
1970-01-01 00:00:00.000012054,0.034206
1970-01-01 00:00:00.000012055,0.034192
1970-01-01 00:00:00.000012056,0.034025
1970-01-01 00:00:00.000012057,0.033757
1970-01-01 00:00:00.000012058,0.033477
1970-01-01 00:00:00.000012059,0.033318
1970-01-01 00:00:00.000012060,0.033241
1970-01-01 00:00:00.000012061,0.033162
1970-01-01 00:00:00.000012062,0.0330209999999999
1970-01-01 00:00:00.000012063,0.0328209999999999
1970-01-01 00:00:00.000012064,0.032534
1970-01-01 00:00:00.000012065,0.032129
1970-01-01 00:00:00.000012066,0.0316759999999999
1970-01-01 00:00:00.000012067,0.031172
1970-01-01 00:00:00.000012068,0.0305639999999999
1970-01-01 00:00:00.000012069,0.029958
1970-01-01 00:00:00.000012070,0.029455
1970-01-01 00:00:00.000012071,0.028959
1970-01-01 00:00:00.000012072,0.028454
1970-01-01 00:00:00.000012073,0.0280149999999999
1970-01-01 00:00:00.000012074,0.027647
1970-01-01 00:00:00.000012075,0.027219
1970-01-01 00:00:00.000012076,0.026757
1970-01-01 00:00:00.000012077,0.026307
1970-01-01 00:00:00.000012078,0.025952
1970-01-01 00:00:00.000012079,0.025718
1970-01-01 00:00:00.000012080,0.025503
1970-01-01 00:00:00.000012081,0.025277
1970-01-01 00:00:00.000012082,0.025023
1970-01-01 00:00:00.000012083,0.024719
1970-01-01 00:00:00.000012084,0.024296
1970-01-01 00:00:00.000012085,0.023642
1970-01-01 00:00:00.000012086,0.022903
1970-01-01 00:00:00.000012087,0.0220129999999999
1970-01-01 00:00:00.000012088,0.020717
1970-01-01 00:00:00.000012089,0.01929
1970-01-01 00:00:00.000012090,0.018017
1970-01-01 00:00:00.000012091,0.016824
1970-01-01 00:00:00.000012092,0.01605
1970-01-01 00:00:00.000012093,0.015633
1970-01-01 00:00:00.000012094,0.015409
1970-01-01 00:00:00.000012095,0.01521
1970-01-01 00:00:00.000012096,0.014959
1970-01-01 00:00:00.000012097,0.014704
1970-01-01 00:00:00.000012098,0.014558
1970-01-01 00:00:00.000012099,0.01462
1970-01-01 00:00:00.000012100,0.014869
1970-01-01 00:00:00.000012101,0.015259
1970-01-01 00:00:00.000012102,0.015786
1970-01-01 00:00:00.000012103,0.016418
1970-01-01 00:00:00.000012104,0.017078
1970-01-01 00:00:00.000012105,0.017636
1970-01-01 00:00:00.000012106,0.018042
1970-01-01 00:00:00.000012107,0.01818
1970-01-01 00:00:00.000012108,0.018072
1970-01-01 00:00:00.000012109,0.017708
1970-01-01 00:00:00.000012110,0.017129
1970-01-01 00:00:00.000012111,0.016489
1970-01-01 00:00:00.000012112,0.01578
1970-01-01 00:00:00.000012113,0.015072
1970-01-01 00:00:00.000012114,0.014511
1970-01-01 00:00:00.000012115,0.0141139999999999
1970-01-01 00:00:00.000012116,0.01379
1970-01-01 00:00:00.000012117,0.013577
1970-01-01 00:00:00.000012118,0.013449
1970-01-01 00:00:00.000012119,0.013333
1970-01-01 00:00:00.000012120,0.01314
1970-01-01 00:00:00.000012121,0.012882
1970-01-01 00:00:00.000012122,0.012584
1970-01-01 00:00:00.000012123,0.012289
1970-01-01 00:00:00.000012124,0.012069
1970-01-01 00:00:00.000012125,0.011881
1970-01-01 00:00:00.000012126,0.011887
1970-01-01 00:00:00.000012127,0.012047
1970-01-01 00:00:00.000012128,0.01227
1970-01-01 00:00:00.000012129,0.012522
1970-01-01 00:00:00.000012130,0.0127319999999999
1970-01-01 00:00:00.000012131,0.012902
1970-01-01 00:00:00.000012132,0.013053
1970-01-01 00:00:00.000012133,0.013153
1970-01-01 00:00:00.000012134,0.013302
1970-01-01 00:00:00.000012135,0.01347
1970-01-01 00:00:00.000012136,0.013518
1970-01-01 00:00:00.000012137,0.013571
1970-01-01 00:00:00.000012138,0.013749
1970-01-01 00:00:00.000012139,0.014119
1970-01-01 00:00:00.000012140,0.014551
1970-01-01 00:00:00.000012141,0.014878
1970-01-01 00:00:00.000012142,0.014996
1970-01-01 00:00:00.000012143,0.014966
1970-01-01 00:00:00.000012144,0.014955
1970-01-01 00:00:00.000012145,0.015325
1970-01-01 00:00:00.000012146,0.015671
1970-01-01 00:00:00.000012147,0.016081
1970-01-01 00:00:00.000012148,0.016533
1970-01-01 00:00:00.000012149,0.016734
1970-01-01 00:00:00.000012150,0.016678
1970-01-01 00:00:00.000012151,0.016315
1970-01-01 00:00:00.000012152,0.015759
1970-01-01 00:00:00.000012153,0.0151729999999999
1970-01-01 00:00:00.000012154,0.01455
1970-01-01 00:00:00.000012155,0.0138889999999999
1970-01-01 00:00:00.000012156,0.013207
1970-01-01 00:00:00.000012157,0.012493
1970-01-01 00:00:00.000012158,0.011787
1970-01-01 00:00:00.000012159,0.011156
1970-01-01 00:00:00.000012160,0.0105659999999999
1970-01-01 00:00:00.000012161,0.010068
1970-01-01 00:00:00.000012162,0.009706
1970-01-01 00:00:00.000012163,0.009436
1970-01-01 00:00:00.000012164,0.009243
1970-01-01 00:00:00.000012165,0.008985
1970-01-01 00:00:00.000012166,0.008731
1970-01-01 00:00:00.000012167,0.008439
1970-01-01 00:00:00.000012168,0.008304
1970-01-01 00:00:00.000012169,0.008322
1970-01-01 00:00:00.000012170,0.008302
1970-01-01 00:00:00.000012171,0.008173
1970-01-01 00:00:00.000012172,0.0079379999999999
1970-01-01 00:00:00.000012173,0.007587
1970-01-01 00:00:00.000012174,0.007162
1970-01-01 00:00:00.000012175,0.006717
1970-01-01 00:00:00.000012176,0.006249
1970-01-01 00:00:00.000012177,0.005823
1970-01-01 00:00:00.000012178,0.005421
1970-01-01 00:00:00.000012179,0.005086
1970-01-01 00:00:00.000012180,0.00479
1970-01-01 00:00:00.000012181,0.004543
1970-01-01 00:00:00.000012182,0.004354
1970-01-01 00:00:00.000012183,0.004182
1970-01-01 00:00:00.000012184,0.0040079999999999
1970-01-01 00:00:00.000012185,0.0038009999999999
1970-01-01 00:00:00.000012186,0.003585
1970-01-01 00:00:00.000012187,0.0033979999999999
1970-01-01 00:00:00.000012188,0.003239
1970-01-01 00:00:00.000012189,0.003129
1970-01-01 00:00:00.000012190,0.0030329999999999
1970-01-01 00:00:00.000012191,0.002938
1970-01-01 00:00:00.000012192,0.0028539999999999
1970-01-01 00:00:00.000012193,0.002755
1970-01-01 00:00:00.000012194,0.002587
1970-01-01 00:00:00.000012195,0.002372
1970-01-01 00:00:00.000012196,0.0021219999999999
1970-01-01 00:00:00.000012197,0.001892
1970-01-01 00:00:00.000012198,0.0017
1970-01-01 00:00:00.000012199,0.001635
1970-01-01 00:00:00.000012200,0.001674
1970-01-01 00:00:00.000012201,0.001818
1970-01-01 00:00:00.000012202,0.00202
1970-01-01 00:00:00.000012203,0.002241
1970-01-01 00:00:00.000012204,0.002543
1970-01-01 00:00:00.000012205,0.002873
1970-01-01 00:00:00.000012206,0.003249
1970-01-01 00:00:00.000012207,0.003679
1970-01-01 00:00:00.000012208,0.004154
1970-01-01 00:00:00.000012209,0.004594
1970-01-01 00:00:00.000012210,0.005081
1970-01-01 00:00:00.000012211,0.005644
1970-01-01 00:00:00.000012212,0.006207
1970-01-01 00:00:00.000012213,0.006881
1970-01-01 00:00:00.000012214,0.00764
1970-01-01 00:00:00.000012215,0.008331
1970-01-01 00:00:00.000012216,0.009049
1970-01-01 00:00:00.000012217,0.009825
1970-01-01 00:00:00.000012218,0.010588
1970-01-01 00:00:00.000012219,0.011365
1970-01-01 00:00:00.000012220,0.012165
1970-01-01 00:00:00.000012221,0.012894
1970-01-01 00:00:00.000012222,0.0135979999999999
1970-01-01 00:00:00.000012223,0.014293
1970-01-01 00:00:00.000012224,0.014913
1970-01-01 00:00:00.000012225,0.0155729999999999
1970-01-01 00:00:00.000012226,0.016224
1970-01-01 00:00:00.000012227,0.016859
1970-01-01 00:00:00.000012228,0.017459
1970-01-01 00:00:00.000012229,0.017916
1970-01-01 00:00:00.000012230,0.018328
1970-01-01 00:00:00.000012231,0.018855
1970-01-01 00:00:00.000012232,0.019571
1970-01-01 00:00:00.000012233,0.020456
1970-01-01 00:00:00.000012234,0.021405
1970-01-01 00:00:00.000012235,0.022345
1970-01-01 00:00:00.000012236,0.023105
1970-01-01 00:00:00.000012237,0.023719
1970-01-01 00:00:00.000012238,0.02422
1970-01-01 00:00:00.000012239,0.02458
1970-01-01 00:00:00.000012240,0.024961
1970-01-01 00:00:00.000012241,0.025477
1970-01-01 00:00:00.000012242,0.0260089999999999
1970-01-01 00:00:00.000012243,0.026556
1970-01-01 00:00:00.000012244,0.027082
1970-01-01 00:00:00.000012245,0.027469
1970-01-01 00:00:00.000012246,0.0277839999999999
1970-01-01 00:00:00.000012247,0.02802
1970-01-01 00:00:00.000012248,0.0281639999999999
1970-01-01 00:00:00.000012249,0.028185
1970-01-01 00:00:00.000012250,0.028097
1970-01-01 00:00:00.000012251,0.027942
1970-01-01 00:00:00.000012252,0.0278199999999999
1970-01-01 00:00:00.000012253,0.0277269999999999
1970-01-01 00:00:00.000012254,0.027697
1970-01-01 00:00:00.000012255,0.0278199999999999
1970-01-01 00:00:00.000012256,0.028079
1970-01-01 00:00:00.000012257,0.028426
1970-01-01 00:00:00.000012258,0.028776
1970-01-01 00:00:00.000012259,0.029084
1970-01-01 00:00:00.000012260,0.029327
1970-01-01 00:00:00.000012261,0.02951
1970-01-01 00:00:00.000012262,0.029661
1970-01-01 00:00:00.000012263,0.029778
1970-01-01 00:00:00.000012264,0.029932
1970-01-01 00:00:00.000012265,0.030125
1970-01-01 00:00:00.000012266,0.030341
1970-01-01 00:00:00.000012267,0.030597
1970-01-01 00:00:00.000012268,0.030874
1970-01-01 00:00:00.000012269,0.031143
1970-01-01 00:00:00.000012270,0.031466
1970-01-01 00:00:00.000012271,0.031778
1970-01-01 00:00:00.000012272,0.032072
1970-01-01 00:00:00.000012273,0.032268
1970-01-01 00:00:00.000012274,0.032338
1970-01-01 00:00:00.000012275,0.032358
1970-01-01 00:00:00.000012276,0.032349
1970-01-01 00:00:00.000012277,0.032327
1970-01-01 00:00:00.000012278,0.032416
1970-01-01 00:00:00.000012279,0.0326
1970-01-01 00:00:00.000012280,0.032847
1970-01-01 00:00:00.000012281,0.033109
1970-01-01 00:00:00.000012282,0.033353
1970-01-01 00:00:00.000012283,0.033552
1970-01-01 00:00:00.000012284,0.033717
1970-01-01 00:00:00.000012285,0.033916
1970-01-01 00:00:00.000012286,0.034154
1970-01-01 00:00:00.000012287,0.03437
1970-01-01 00:00:00.000012288,0.034599
1970-01-01 00:00:00.000012289,0.034797
1970-01-01 00:00:00.000012290,0.03496
1970-01-01 00:00:00.000012291,0.035146
1970-01-01 00:00:00.000012292,0.035381
1970-01-01 00:00:00.000012293,0.035615
1970-01-01 00:00:00.000012294,0.03584
1970-01-01 00:00:00.000012295,0.03609
1970-01-01 00:00:00.000012296,0.0363649999999999
1970-01-01 00:00:00.000012297,0.036639
1970-01-01 00:00:00.000012298,0.036963
1970-01-01 00:00:00.000012299,0.037166
1970-01-01 00:00:00.000012300,0.037347
1970-01-01 00:00:00.000012301,0.03741
1970-01-01 00:00:00.000012302,0.03733
1970-01-01 00:00:00.000012303,0.0371769999999999
1970-01-01 00:00:00.000012304,0.036981
1970-01-01 00:00:00.000012305,0.036779
1970-01-01 00:00:00.000012306,0.036599
1970-01-01 00:00:00.000012307,0.036454
1970-01-01 00:00:00.000012308,0.036334
1970-01-01 00:00:00.000012309,0.036264
1970-01-01 00:00:00.000012310,0.036219
1970-01-01 00:00:00.000012311,0.036218
1970-01-01 00:00:00.000012312,0.03625
1970-01-01 00:00:00.000012313,0.036299
1970-01-01 00:00:00.000012314,0.03634
1970-01-01 00:00:00.000012315,0.036246
1970-01-01 00:00:00.000012316,0.036078
1970-01-01 00:00:00.000012317,0.035899
1970-01-01 00:00:00.000012318,0.035785
1970-01-01 00:00:00.000012319,0.035688
1970-01-01 00:00:00.000012320,0.0355529999999999
1970-01-01 00:00:00.000012321,0.035348
1970-01-01 00:00:00.000012322,0.0351089999999999
1970-01-01 00:00:00.000012323,0.034892
1970-01-01 00:00:00.000012324,0.034678
1970-01-01 00:00:00.000012325,0.034439
1970-01-01 00:00:00.000012326,0.034151
1970-01-01 00:00:00.000012327,0.033828
1970-01-01 00:00:00.000012328,0.033467
1970-01-01 00:00:00.000012329,0.03307
1970-01-01 00:00:00.000012330,0.032659
1970-01-01 00:00:00.000012331,0.032254
1970-01-01 00:00:00.000012332,0.031833
1970-01-01 00:00:00.000012333,0.0313569999999999
1970-01-01 00:00:00.000012334,0.030815
1970-01-01 00:00:00.000012335,0.0301709999999999
1970-01-01 00:00:00.000012336,0.029387
1970-01-01 00:00:00.000012337,0.0285779999999999
1970-01-01 00:00:00.000012338,0.0276459999999999
1970-01-01 00:00:00.000012339,0.02675
1970-01-01 00:00:00.000012340,0.025841
1970-01-01 00:00:00.000012341,0.024921
1970-01-01 00:00:00.000012342,0.023979
1970-01-01 00:00:00.000012343,0.023003
1970-01-01 00:00:00.000012344,0.0219159999999999
1970-01-01 00:00:00.000012345,0.020765
1970-01-01 00:00:00.000012346,0.019661
1970-01-01 00:00:00.000012347,0.018546
1970-01-01 00:00:00.000012348,0.017619
1970-01-01 00:00:00.000012349,0.016841
1970-01-01 00:00:00.000012350,0.016227
1970-01-01 00:00:00.000012351,0.015777
1970-01-01 00:00:00.000012352,0.015384
1970-01-01 00:00:00.000012353,0.015025
1970-01-01 00:00:00.000012354,0.0146639999999999
1970-01-01 00:00:00.000012355,0.014347
1970-01-01 00:00:00.000012356,0.014124
1970-01-01 00:00:00.000012357,0.014117
1970-01-01 00:00:00.000012358,0.014249
1970-01-01 00:00:00.000012359,0.0145569999999999
1970-01-01 00:00:00.000012360,0.015004
1970-01-01 00:00:00.000012361,0.015481
1970-01-01 00:00:00.000012362,0.016006
1970-01-01 00:00:00.000012363,0.016513
1970-01-01 00:00:00.000012364,0.017069
1970-01-01 00:00:00.000012365,0.017688
1970-01-01 00:00:00.000012366,0.018344
1970-01-01 00:00:00.000012367,0.01902
1970-01-01 00:00:00.000012368,0.019611
1970-01-01 00:00:00.000012369,0.020135
1970-01-01 00:00:00.000012370,0.020633
1970-01-01 00:00:00.000012371,0.021097
1970-01-01 00:00:00.000012372,0.021543
1970-01-01 00:00:00.000012373,0.021943
1970-01-01 00:00:00.000012374,0.022307
1970-01-01 00:00:00.000012375,0.0226169999999999
1970-01-01 00:00:00.000012376,0.022868
1970-01-01 00:00:00.000012377,0.023116
1970-01-01 00:00:00.000012378,0.023353
1970-01-01 00:00:00.000012379,0.023628
1970-01-01 00:00:00.000012380,0.023861
1970-01-01 00:00:00.000012381,0.02408
1970-01-01 00:00:00.000012382,0.024382
1970-01-01 00:00:00.000012383,0.024675
1970-01-01 00:00:00.000012384,0.024937
1970-01-01 00:00:00.000012385,0.025138
1970-01-01 00:00:00.000012386,0.025193
1970-01-01 00:00:00.000012387,0.025188
1970-01-01 00:00:00.000012388,0.0252009999999999
1970-01-01 00:00:00.000012389,0.025126
1970-01-01 00:00:00.000012390,0.024981
1970-01-01 00:00:00.000012391,0.024873
1970-01-01 00:00:00.000012392,0.0246949999999999
1970-01-01 00:00:00.000012393,0.0245699999999999
1970-01-01 00:00:00.000012394,0.024501
1970-01-01 00:00:00.000012395,0.0243889999999999
1970-01-01 00:00:00.000012396,0.024283
1970-01-01 00:00:00.000012397,0.024224
1970-01-01 00:00:00.000012398,0.024096
1970-01-01 00:00:00.000012399,0.023943
1970-01-01 00:00:00.000012400,0.023811
1970-01-01 00:00:00.000012401,0.023754
1970-01-01 00:00:00.000012402,0.023773
1970-01-01 00:00:00.000012403,0.0237819999999999
1970-01-01 00:00:00.000012404,0.023736
1970-01-01 00:00:00.000012405,0.023643
1970-01-01 00:00:00.000012406,0.0234909999999999
1970-01-01 00:00:00.000012407,0.023227
1970-01-01 00:00:00.000012408,0.023004
1970-01-01 00:00:00.000012409,0.022704
1970-01-01 00:00:00.000012410,0.022363
1970-01-01 00:00:00.000012411,0.022032
1970-01-01 00:00:00.000012412,0.021715
1970-01-01 00:00:00.000012413,0.021454
1970-01-01 00:00:00.000012414,0.021241
1970-01-01 00:00:00.000012415,0.021087
1970-01-01 00:00:00.000012416,0.020973
1970-01-01 00:00:00.000012417,0.020886
1970-01-01 00:00:00.000012418,0.020807
1970-01-01 00:00:00.000012419,0.020748
1970-01-01 00:00:00.000012420,0.0207569999999999
1970-01-01 00:00:00.000012421,0.020844
1970-01-01 00:00:00.000012422,0.0209689999999999
1970-01-01 00:00:00.000012423,0.021028
1970-01-01 00:00:00.000012424,0.020995
1970-01-01 00:00:00.000012425,0.020741
1970-01-01 00:00:00.000012426,0.020241
1970-01-01 00:00:00.000012427,0.0194669999999999
1970-01-01 00:00:00.000012428,0.018506
1970-01-01 00:00:00.000012429,0.017459
1970-01-01 00:00:00.000012430,0.016307
1970-01-01 00:00:00.000012431,0.015034
1970-01-01 00:00:00.000012432,0.013756
1970-01-01 00:00:00.000012433,0.01258
1970-01-01 00:00:00.000012434,0.011408
1970-01-01 00:00:00.000012435,0.010437
1970-01-01 00:00:00.000012436,0.0098409999999999
1970-01-01 00:00:00.000012437,0.009481
1970-01-01 00:00:00.000012438,0.0093
1970-01-01 00:00:00.000012439,0.009245
1970-01-01 00:00:00.000012440,0.009178
1970-01-01 00:00:00.000012441,0.009175
1970-01-01 00:00:00.000012442,0.0093049999999999
1970-01-01 00:00:00.000012443,0.009478
1970-01-01 00:00:00.000012444,0.0098
1970-01-01 00:00:00.000012445,0.010365
1970-01-01 00:00:00.000012446,0.0110239999999999
1970-01-01 00:00:00.000012447,0.011659
1970-01-01 00:00:00.000012448,0.011954
1970-01-01 00:00:00.000012449,0.01175
1970-01-01 00:00:00.000012450,0.011084
1970-01-01 00:00:00.000012451,0.0101599999999999
1970-01-01 00:00:00.000012452,0.009239
1970-01-01 00:00:00.000012453,0.008509
1970-01-01 00:00:00.000012454,0.008011
1970-01-01 00:00:00.000012455,0.0077709999999999
1970-01-01 00:00:00.000012456,0.007737
1970-01-01 00:00:00.000012457,0.007863
1970-01-01 00:00:00.000012458,0.00809
1970-01-01 00:00:00.000012459,0.008357
1970-01-01 00:00:00.000012460,0.008725
1970-01-01 00:00:00.000012461,0.009204
1970-01-01 00:00:00.000012462,0.0098
1970-01-01 00:00:00.000012463,0.010484
1970-01-01 00:00:00.000012464,0.011244
1970-01-01 00:00:00.000012465,0.011898
1970-01-01 00:00:00.000012466,0.0123439999999999
1970-01-01 00:00:00.000012467,0.012542
1970-01-01 00:00:00.000012468,0.012493
1970-01-01 00:00:00.000012469,0.012199
1970-01-01 00:00:00.000012470,0.011672
1970-01-01 00:00:00.000012471,0.011008
1970-01-01 00:00:00.000012472,0.010263
1970-01-01 00:00:00.000012473,0.0096099999999999
1970-01-01 00:00:00.000012474,0.009189
1970-01-01 00:00:00.000012475,0.009035
1970-01-01 00:00:00.000012476,0.00919
1970-01-01 00:00:00.000012477,0.009547
1970-01-01 00:00:00.000012478,0.010184
1970-01-01 00:00:00.000012479,0.011129
1970-01-01 00:00:00.000012480,0.012157
1970-01-01 00:00:00.000012481,0.013044
1970-01-01 00:00:00.000012482,0.013498
1970-01-01 00:00:00.000012483,0.01329
1970-01-01 00:00:00.000012484,0.012421
1970-01-01 00:00:00.000012485,0.011073
1970-01-01 00:00:00.000012486,0.009553
1970-01-01 00:00:00.000012487,0.008196
1970-01-01 00:00:00.000012488,0.007117
1970-01-01 00:00:00.000012489,0.006575
1970-01-01 00:00:00.000012490,0.0066159999999999
1970-01-01 00:00:00.000012491,0.0071239999999999
1970-01-01 00:00:00.000012492,0.007998
1970-01-01 00:00:00.000012493,0.009147
1970-01-01 00:00:00.000012494,0.010442
1970-01-01 00:00:00.000012495,0.01189
1970-01-01 00:00:00.000012496,0.013548
1970-01-01 00:00:00.000012497,0.01498
1970-01-01 00:00:00.000012498,0.0156889999999999
1970-01-01 00:00:00.000012499,0.0150789999999999
1970-01-01 00:00:00.000012500,0.012938
1970-01-01 00:00:00.000012501,0.009618
1970-01-01 00:00:00.000012502,0.005924
1970-01-01 00:00:00.000012503,0.002677
1970-01-01 00:00:00.000012504,0.000469
1970-01-01 00:00:00.000012505,-0.00049
1970-01-01 00:00:00.000012506,-0.000337
1970-01-01 00:00:00.000012507,0.000641
1970-01-01 00:00:00.000012508,0.002028
1970-01-01 00:00:00.000012509,0.003385
1970-01-01 00:00:00.000012510,0.004562
1970-01-01 00:00:00.000012511,0.005557
1970-01-01 00:00:00.000012512,0.006558
1970-01-01 00:00:00.000012513,0.0077239999999999
1970-01-01 00:00:00.000012514,0.009097
1970-01-01 00:00:00.000012515,0.0105519999999999
1970-01-01 00:00:00.000012516,0.011944
1970-01-01 00:00:00.000012517,0.01296
1970-01-01 00:00:00.000012518,0.013459
1970-01-01 00:00:00.000012519,0.013594
1970-01-01 00:00:00.000012520,0.013559
1970-01-01 00:00:00.000012521,0.013478
1970-01-01 00:00:00.000012522,0.01342
1970-01-01 00:00:00.000012523,0.013518
1970-01-01 00:00:00.000012524,0.013833
1970-01-01 00:00:00.000012525,0.0143259999999999
1970-01-01 00:00:00.000012526,0.014897
1970-01-01 00:00:00.000012527,0.015562
1970-01-01 00:00:00.000012528,0.016256
1970-01-01 00:00:00.000012529,0.016872
1970-01-01 00:00:00.000012530,0.017345
1970-01-01 00:00:00.000012531,0.017633
1970-01-01 00:00:00.000012532,0.017684
1970-01-01 00:00:00.000012533,0.017497
1970-01-01 00:00:00.000012534,0.017178
1970-01-01 00:00:00.000012535,0.016747
1970-01-01 00:00:00.000012536,0.016117
1970-01-01 00:00:00.000012537,0.015328
1970-01-01 00:00:00.000012538,0.014384
1970-01-01 00:00:00.000012539,0.0134539999999999
1970-01-01 00:00:00.000012540,0.012618
1970-01-01 00:00:00.000012541,0.011909
1970-01-01 00:00:00.000012542,0.011445
1970-01-01 00:00:00.000012543,0.011233
1970-01-01 00:00:00.000012544,0.011259
1970-01-01 00:00:00.000012545,0.0114709999999999
1970-01-01 00:00:00.000012546,0.011775
1970-01-01 00:00:00.000012547,0.0121459999999999
1970-01-01 00:00:00.000012548,0.012563
1970-01-01 00:00:00.000012549,0.0130599999999999
1970-01-01 00:00:00.000012550,0.013577
1970-01-01 00:00:00.000012551,0.014103
1970-01-01 00:00:00.000012552,0.014553
1970-01-01 00:00:00.000012553,0.014858
1970-01-01 00:00:00.000012554,0.014994
1970-01-01 00:00:00.000012555,0.015015
1970-01-01 00:00:00.000012556,0.014985
1970-01-01 00:00:00.000012557,0.0148759999999999
1970-01-01 00:00:00.000012558,0.014819
1970-01-01 00:00:00.000012559,0.014787
1970-01-01 00:00:00.000012560,0.014734
1970-01-01 00:00:00.000012561,0.014797
1970-01-01 00:00:00.000012562,0.01487
1970-01-01 00:00:00.000012563,0.01491
1970-01-01 00:00:00.000012564,0.014916
1970-01-01 00:00:00.000012565,0.014841
1970-01-01 00:00:00.000012566,0.014703
1970-01-01 00:00:00.000012567,0.014574
1970-01-01 00:00:00.000012568,0.014482
1970-01-01 00:00:00.000012569,0.0144479999999999
1970-01-01 00:00:00.000012570,0.0144409999999999
1970-01-01 00:00:00.000012571,0.0144419999999999
1970-01-01 00:00:00.000012572,0.014437
1970-01-01 00:00:00.000012573,0.014459
1970-01-01 00:00:00.000012574,0.0144889999999999
1970-01-01 00:00:00.000012575,0.014558
1970-01-01 00:00:00.000012576,0.0146349999999999
1970-01-01 00:00:00.000012577,0.014713
1970-01-01 00:00:00.000012578,0.01473
1970-01-01 00:00:00.000012579,0.014734
1970-01-01 00:00:00.000012580,0.01469
1970-01-01 00:00:00.000012581,0.014655
1970-01-01 00:00:00.000012582,0.014599
1970-01-01 00:00:00.000012583,0.01461
1970-01-01 00:00:00.000012584,0.014685
1970-01-01 00:00:00.000012585,0.014768
1970-01-01 00:00:00.000012586,0.014863
1970-01-01 00:00:00.000012587,0.014981
1970-01-01 00:00:00.000012588,0.015135
1970-01-01 00:00:00.000012589,0.015355
1970-01-01 00:00:00.000012590,0.0156439999999999
1970-01-01 00:00:00.000012591,0.015939
1970-01-01 00:00:00.000012592,0.016194
1970-01-01 00:00:00.000012593,0.016399
1970-01-01 00:00:00.000012594,0.0165139999999999
1970-01-01 00:00:00.000012595,0.016533
1970-01-01 00:00:00.000012596,0.016484
1970-01-01 00:00:00.000012597,0.016416
1970-01-01 00:00:00.000012598,0.0163509999999999
1970-01-01 00:00:00.000012599,0.016266
1970-01-01 00:00:00.000012600,0.016112
1970-01-01 00:00:00.000012601,0.015822
1970-01-01 00:00:00.000012602,0.015335
1970-01-01 00:00:00.000012603,0.014565
1970-01-01 00:00:00.000012604,0.013706
1970-01-01 00:00:00.000012605,0.012949
1970-01-01 00:00:00.000012606,0.012535
1970-01-01 00:00:00.000012607,0.012453
1970-01-01 00:00:00.000012608,0.0125709999999999
1970-01-01 00:00:00.000012609,0.012821
1970-01-01 00:00:00.000012610,0.0131069999999999
1970-01-01 00:00:00.000012611,0.0134
1970-01-01 00:00:00.000012612,0.013715
1970-01-01 00:00:00.000012613,0.0141009999999999
1970-01-01 00:00:00.000012614,0.014476
1970-01-01 00:00:00.000012615,0.014941
1970-01-01 00:00:00.000012616,0.015524
1970-01-01 00:00:00.000012617,0.016198
1970-01-01 00:00:00.000012618,0.016921
1970-01-01 00:00:00.000012619,0.017622
1970-01-01 00:00:00.000012620,0.018225
1970-01-01 00:00:00.000012621,0.0186479999999999
1970-01-01 00:00:00.000012622,0.018943
1970-01-01 00:00:00.000012623,0.019148
1970-01-01 00:00:00.000012624,0.019362
1970-01-01 00:00:00.000012625,0.019544
1970-01-01 00:00:00.000012626,0.019638
1970-01-01 00:00:00.000012627,0.0196259999999999
1970-01-01 00:00:00.000012628,0.019472
1970-01-01 00:00:00.000012629,0.019243
1970-01-01 00:00:00.000012630,0.018914
1970-01-01 00:00:00.000012631,0.01853
1970-01-01 00:00:00.000012632,0.01814
1970-01-01 00:00:00.000012633,0.0177699999999999
1970-01-01 00:00:00.000012634,0.017393
1970-01-01 00:00:00.000012635,0.016999
1970-01-01 00:00:00.000012636,0.016616
1970-01-01 00:00:00.000012637,0.0162919999999999
1970-01-01 00:00:00.000012638,0.016091
1970-01-01 00:00:00.000012639,0.016052
1970-01-01 00:00:00.000012640,0.016175
1970-01-01 00:00:00.000012641,0.016429
1970-01-01 00:00:00.000012642,0.016828
1970-01-01 00:00:00.000012643,0.017301
1970-01-01 00:00:00.000012644,0.017797
1970-01-01 00:00:00.000012645,0.018267
1970-01-01 00:00:00.000012646,0.018765
1970-01-01 00:00:00.000012647,0.019324
1970-01-01 00:00:00.000012648,0.019952
1970-01-01 00:00:00.000012649,0.020612
1970-01-01 00:00:00.000012650,0.021228
1970-01-01 00:00:00.000012651,0.021776
1970-01-01 00:00:00.000012652,0.022296
1970-01-01 00:00:00.000012653,0.02269
1970-01-01 00:00:00.000012654,0.023072
1970-01-01 00:00:00.000012655,0.0234729999999999
1970-01-01 00:00:00.000012656,0.023911
1970-01-01 00:00:00.000012657,0.024367
1970-01-01 00:00:00.000012658,0.024811
1970-01-01 00:00:00.000012659,0.02519
1970-01-01 00:00:00.000012660,0.025552
1970-01-01 00:00:00.000012661,0.025865
1970-01-01 00:00:00.000012662,0.0261399999999999
1970-01-01 00:00:00.000012663,0.026379
1970-01-01 00:00:00.000012664,0.0266269999999999
1970-01-01 00:00:00.000012665,0.0269
1970-01-01 00:00:00.000012666,0.027185
1970-01-01 00:00:00.000012667,0.027494
1970-01-01 00:00:00.000012668,0.027837
1970-01-01 00:00:00.000012669,0.0281389999999999
1970-01-01 00:00:00.000012670,0.028446
1970-01-01 00:00:00.000012671,0.028716
1970-01-01 00:00:00.000012672,0.0289269999999999
1970-01-01 00:00:00.000012673,0.029105
1970-01-01 00:00:00.000012674,0.029318
1970-01-01 00:00:00.000012675,0.029546
1970-01-01 00:00:00.000012676,0.029787
1970-01-01 00:00:00.000012677,0.02999
1970-01-01 00:00:00.000012678,0.030126
1970-01-01 00:00:00.000012679,0.030198
1970-01-01 00:00:00.000012680,0.030249
1970-01-01 00:00:00.000012681,0.030295
1970-01-01 00:00:00.000012682,0.030367
1970-01-01 00:00:00.000012683,0.030491
1970-01-01 00:00:00.000012684,0.030649
1970-01-01 00:00:00.000012685,0.030811
1970-01-01 00:00:00.000012686,0.031018
1970-01-01 00:00:00.000012687,0.031247
1970-01-01 00:00:00.000012688,0.031471
1970-01-01 00:00:00.000012689,0.031656
1970-01-01 00:00:00.000012690,0.03179
1970-01-01 00:00:00.000012691,0.031947
1970-01-01 00:00:00.000012692,0.0321339999999999
1970-01-01 00:00:00.000012693,0.0323769999999999
1970-01-01 00:00:00.000012694,0.0326529999999999
1970-01-01 00:00:00.000012695,0.032951
1970-01-01 00:00:00.000012696,0.033273
1970-01-01 00:00:00.000012697,0.0336389999999999
1970-01-01 00:00:00.000012698,0.03394
1970-01-01 00:00:00.000012699,0.034233
1970-01-01 00:00:00.000012700,0.034454
1970-01-01 00:00:00.000012701,0.0346029999999999
1970-01-01 00:00:00.000012702,0.034733
1970-01-01 00:00:00.000012703,0.034872
1970-01-01 00:00:00.000012704,0.0350139999999999
1970-01-01 00:00:00.000012705,0.03516
1970-01-01 00:00:00.000012706,0.035319
1970-01-01 00:00:00.000012707,0.035482
1970-01-01 00:00:00.000012708,0.03563
1970-01-01 00:00:00.000012709,0.03575
1970-01-01 00:00:00.000012710,0.035856
1970-01-01 00:00:00.000012711,0.035958
1970-01-01 00:00:00.000012712,0.036066
1970-01-01 00:00:00.000012713,0.036192
1970-01-01 00:00:00.000012714,0.036311
1970-01-01 00:00:00.000012715,0.036437
1970-01-01 00:00:00.000012716,0.036529
1970-01-01 00:00:00.000012717,0.036627
1970-01-01 00:00:00.000012718,0.036661
1970-01-01 00:00:00.000012719,0.036687
1970-01-01 00:00:00.000012720,0.036695
1970-01-01 00:00:00.000012721,0.036714
1970-01-01 00:00:00.000012722,0.036718
1970-01-01 00:00:00.000012723,0.036711
1970-01-01 00:00:00.000012724,0.036722
1970-01-01 00:00:00.000012725,0.036756
1970-01-01 00:00:00.000012726,0.036873
1970-01-01 00:00:00.000012727,0.03704
1970-01-01 00:00:00.000012728,0.037269
1970-01-01 00:00:00.000012729,0.037481
1970-01-01 00:00:00.000012730,0.037658
1970-01-01 00:00:00.000012731,0.0378509999999999
1970-01-01 00:00:00.000012732,0.037973
1970-01-01 00:00:00.000012733,0.038043
1970-01-01 00:00:00.000012734,0.038095
1970-01-01 00:00:00.000012735,0.038155
1970-01-01 00:00:00.000012736,0.038265
1970-01-01 00:00:00.000012737,0.038368
1970-01-01 00:00:00.000012738,0.0385
1970-01-01 00:00:00.000012739,0.0387389999999999
1970-01-01 00:00:00.000012740,0.039006
1970-01-01 00:00:00.000012741,0.039341
1970-01-01 00:00:00.000012742,0.039667
1970-01-01 00:00:00.000012743,0.039844
1970-01-01 00:00:00.000012744,0.039874
1970-01-01 00:00:00.000012745,0.039757
1970-01-01 00:00:00.000012746,0.039486
1970-01-01 00:00:00.000012747,0.039097
1970-01-01 00:00:00.000012748,0.038688
1970-01-01 00:00:00.000012749,0.038186
1970-01-01 00:00:00.000012750,0.037661
1970-01-01 00:00:00.000012751,0.037158
1970-01-01 00:00:00.000012752,0.036676
1970-01-01 00:00:00.000012753,0.036279
1970-01-01 00:00:00.000012754,0.035983
1970-01-01 00:00:00.000012755,0.03576
1970-01-01 00:00:00.000012756,0.035626
1970-01-01 00:00:00.000012757,0.035486
1970-01-01 00:00:00.000012758,0.035175
1970-01-01 00:00:00.000012759,0.034481
1970-01-01 00:00:00.000012760,0.033184
1970-01-01 00:00:00.000012761,0.0313839999999999
1970-01-01 00:00:00.000012762,0.029436
1970-01-01 00:00:00.000012763,0.027644
1970-01-01 00:00:00.000012764,0.026291
1970-01-01 00:00:00.000012765,0.025533
1970-01-01 00:00:00.000012766,0.025321
1970-01-01 00:00:00.000012767,0.0256649999999999
1970-01-01 00:00:00.000012768,0.026309
1970-01-01 00:00:00.000012769,0.0270209999999999
1970-01-01 00:00:00.000012770,0.027823
1970-01-01 00:00:00.000012771,0.02865
1970-01-01 00:00:00.000012772,0.029462
1970-01-01 00:00:00.000012773,0.030217
1970-01-01 00:00:00.000012774,0.0309209999999999
1970-01-01 00:00:00.000012775,0.031613
1970-01-01 00:00:00.000012776,0.032228
1970-01-01 00:00:00.000012777,0.03275
1970-01-01 00:00:00.000012778,0.03324
1970-01-01 00:00:00.000012779,0.033731
1970-01-01 00:00:00.000012780,0.034196
1970-01-01 00:00:00.000012781,0.034749
1970-01-01 00:00:00.000012782,0.035379
1970-01-01 00:00:00.000012783,0.036108
1970-01-01 00:00:00.000012784,0.0366579999999999
1970-01-01 00:00:00.000012785,0.037018
1970-01-01 00:00:00.000012786,0.037176
1970-01-01 00:00:00.000012787,0.037299
1970-01-01 00:00:00.000012788,0.0373379999999999
1970-01-01 00:00:00.000012789,0.037494
1970-01-01 00:00:00.000012790,0.037775
1970-01-01 00:00:00.000012791,0.038112
1970-01-01 00:00:00.000012792,0.038477
1970-01-01 00:00:00.000012793,0.03897
1970-01-01 00:00:00.000012794,0.03953
1970-01-01 00:00:00.000012795,0.040202
1970-01-01 00:00:00.000012796,0.041004
1970-01-01 00:00:00.000012797,0.041825
1970-01-01 00:00:00.000012798,0.042647
1970-01-01 00:00:00.000012799,0.043431
1970-01-01 00:00:00.000012800,0.044013
1970-01-01 00:00:00.000012801,0.044414
1970-01-01 00:00:00.000012802,0.044692
1970-01-01 00:00:00.000012803,0.044949
1970-01-01 00:00:00.000012804,0.045357
1970-01-01 00:00:00.000012805,0.0458509999999999
1970-01-01 00:00:00.000012806,0.0463649999999999
1970-01-01 00:00:00.000012807,0.046924
1970-01-01 00:00:00.000012808,0.047391
1970-01-01 00:00:00.000012809,0.047727
1970-01-01 00:00:00.000012810,0.047893
1970-01-01 00:00:00.000012811,0.047952
1970-01-01 00:00:00.000012812,0.047951
1970-01-01 00:00:00.000012813,0.04791
1970-01-01 00:00:00.000012814,0.047871
1970-01-01 00:00:00.000012815,0.047851
1970-01-01 00:00:00.000012816,0.047881
1970-01-01 00:00:00.000012817,0.047936
1970-01-01 00:00:00.000012818,0.04799
1970-01-01 00:00:00.000012819,0.048045
1970-01-01 00:00:00.000012820,0.0480839999999999
1970-01-01 00:00:00.000012821,0.048145
1970-01-01 00:00:00.000012822,0.048237
1970-01-01 00:00:00.000012823,0.048332
1970-01-01 00:00:00.000012824,0.048373
1970-01-01 00:00:00.000012825,0.048437
1970-01-01 00:00:00.000012826,0.048492
1970-01-01 00:00:00.000012827,0.048523
1970-01-01 00:00:00.000012828,0.048615
1970-01-01 00:00:00.000012829,0.048714
1970-01-01 00:00:00.000012830,0.048818
1970-01-01 00:00:00.000012831,0.048841
1970-01-01 00:00:00.000012832,0.0488
1970-01-01 00:00:00.000012833,0.048685
1970-01-01 00:00:00.000012834,0.048451
1970-01-01 00:00:00.000012835,0.048174
1970-01-01 00:00:00.000012836,0.047802
1970-01-01 00:00:00.000012837,0.047392
1970-01-01 00:00:00.000012838,0.046948
1970-01-01 00:00:00.000012839,0.046415
1970-01-01 00:00:00.000012840,0.045794
1970-01-01 00:00:00.000012841,0.045185
1970-01-01 00:00:00.000012842,0.044475
1970-01-01 00:00:00.000012843,0.0437139999999999
1970-01-01 00:00:00.000012844,0.0430269999999999
1970-01-01 00:00:00.000012845,0.042285
1970-01-01 00:00:00.000012846,0.041525
1970-01-01 00:00:00.000012847,0.040705
1970-01-01 00:00:00.000012848,0.039867
1970-01-01 00:00:00.000012849,0.038976
1970-01-01 00:00:00.000012850,0.03802
1970-01-01 00:00:00.000012851,0.037052
1970-01-01 00:00:00.000012852,0.036107
1970-01-01 00:00:00.000012853,0.035189
1970-01-01 00:00:00.000012854,0.0343399999999999
1970-01-01 00:00:00.000012855,0.033538
1970-01-01 00:00:00.000012856,0.032748
1970-01-01 00:00:00.000012857,0.031932
1970-01-01 00:00:00.000012858,0.031047
1970-01-01 00:00:00.000012859,0.03015
1970-01-01 00:00:00.000012860,0.029317
1970-01-01 00:00:00.000012861,0.028654
1970-01-01 00:00:00.000012862,0.028104
1970-01-01 00:00:00.000012863,0.02755
1970-01-01 00:00:00.000012864,0.0269529999999999
1970-01-01 00:00:00.000012865,0.026368
1970-01-01 00:00:00.000012866,0.025813
1970-01-01 00:00:00.000012867,0.02524
1970-01-01 00:00:00.000012868,0.0247539999999999
1970-01-01 00:00:00.000012869,0.024375
1970-01-01 00:00:00.000012870,0.024193
1970-01-01 00:00:00.000012871,0.024116
1970-01-01 00:00:00.000012872,0.024082
1970-01-01 00:00:00.000012873,0.024063
1970-01-01 00:00:00.000012874,0.024175
1970-01-01 00:00:00.000012875,0.024339
1970-01-01 00:00:00.000012876,0.024546
1970-01-01 00:00:00.000012877,0.024841
1970-01-01 00:00:00.000012878,0.0250939999999999
1970-01-01 00:00:00.000012879,0.025292
1970-01-01 00:00:00.000012880,0.025434
1970-01-01 00:00:00.000012881,0.025425
1970-01-01 00:00:00.000012882,0.025356
1970-01-01 00:00:00.000012883,0.025293
1970-01-01 00:00:00.000012884,0.025177
1970-01-01 00:00:00.000012885,0.025039
1970-01-01 00:00:00.000012886,0.024911
1970-01-01 00:00:00.000012887,0.024763
1970-01-01 00:00:00.000012888,0.024617
1970-01-01 00:00:00.000012889,0.024516
1970-01-01 00:00:00.000012890,0.024393
1970-01-01 00:00:00.000012891,0.02425
1970-01-01 00:00:00.000012892,0.02403
1970-01-01 00:00:00.000012893,0.023658
1970-01-01 00:00:00.000012894,0.023104
1970-01-01 00:00:00.000012895,0.022318
1970-01-01 00:00:00.000012896,0.021442
1970-01-01 00:00:00.000012897,0.020731
1970-01-01 00:00:00.000012898,0.020278
1970-01-01 00:00:00.000012899,0.020149
1970-01-01 00:00:00.000012900,0.0201669999999999
1970-01-01 00:00:00.000012901,0.020253
1970-01-01 00:00:00.000012902,0.020336
1970-01-01 00:00:00.000012903,0.020309
1970-01-01 00:00:00.000012904,0.02017
1970-01-01 00:00:00.000012905,0.019916
1970-01-01 00:00:00.000012906,0.01967
1970-01-01 00:00:00.000012907,0.019517
1970-01-01 00:00:00.000012908,0.0194699999999999
1970-01-01 00:00:00.000012909,0.019521
1970-01-01 00:00:00.000012910,0.019652
1970-01-01 00:00:00.000012911,0.019852
1970-01-01 00:00:00.000012912,0.020108
1970-01-01 00:00:00.000012913,0.020395
1970-01-01 00:00:00.000012914,0.0206879999999999
1970-01-01 00:00:00.000012915,0.020941
1970-01-01 00:00:00.000012916,0.0210729999999999
1970-01-01 00:00:00.000012917,0.021134
1970-01-01 00:00:00.000012918,0.021234
1970-01-01 00:00:00.000012919,0.021401
1970-01-01 00:00:00.000012920,0.0215449999999999
1970-01-01 00:00:00.000012921,0.0217139999999999
1970-01-01 00:00:00.000012922,0.021882
1970-01-01 00:00:00.000012923,0.021998
1970-01-01 00:00:00.000012924,0.022105
1970-01-01 00:00:00.000012925,0.022222
1970-01-01 00:00:00.000012926,0.02229
1970-01-01 00:00:00.000012927,0.022348
1970-01-01 00:00:00.000012928,0.022427
1970-01-01 00:00:00.000012929,0.022428
1970-01-01 00:00:00.000012930,0.02242
1970-01-01 00:00:00.000012931,0.0224469999999999
1970-01-01 00:00:00.000012932,0.022384
1970-01-01 00:00:00.000012933,0.0222699999999999
1970-01-01 00:00:00.000012934,0.022129
1970-01-01 00:00:00.000012935,0.021848
1970-01-01 00:00:00.000012936,0.0215099999999999
1970-01-01 00:00:00.000012937,0.021133
1970-01-01 00:00:00.000012938,0.020796
1970-01-01 00:00:00.000012939,0.0205629999999999
1970-01-01 00:00:00.000012940,0.020471
1970-01-01 00:00:00.000012941,0.020506
1970-01-01 00:00:00.000012942,0.0206879999999999
1970-01-01 00:00:00.000012943,0.020916
1970-01-01 00:00:00.000012944,0.021172
1970-01-01 00:00:00.000012945,0.021436
1970-01-01 00:00:00.000012946,0.0216729999999999
1970-01-01 00:00:00.000012947,0.021911
1970-01-01 00:00:00.000012948,0.022136
1970-01-01 00:00:00.000012949,0.022366
1970-01-01 00:00:00.000012950,0.022567
1970-01-01 00:00:00.000012951,0.022753
1970-01-01 00:00:00.000012952,0.022934
1970-01-01 00:00:00.000012953,0.0230849999999999
1970-01-01 00:00:00.000012954,0.023237
1970-01-01 00:00:00.000012955,0.0233729999999999
1970-01-01 00:00:00.000012956,0.023476
1970-01-01 00:00:00.000012957,0.023611
1970-01-01 00:00:00.000012958,0.023711
1970-01-01 00:00:00.000012959,0.023736
1970-01-01 00:00:00.000012960,0.023774
1970-01-01 00:00:00.000012961,0.023744
1970-01-01 00:00:00.000012962,0.023706
1970-01-01 00:00:00.000012963,0.023697
1970-01-01 00:00:00.000012964,0.0237129999999999
1970-01-01 00:00:00.000012965,0.023711
1970-01-01 00:00:00.000012966,0.023669
1970-01-01 00:00:00.000012967,0.023613
1970-01-01 00:00:00.000012968,0.023556
1970-01-01 00:00:00.000012969,0.023483
1970-01-01 00:00:00.000012970,0.023421
1970-01-01 00:00:00.000012971,0.023371
1970-01-01 00:00:00.000012972,0.023364
1970-01-01 00:00:00.000012973,0.023417
1970-01-01 00:00:00.000012974,0.023462
1970-01-01 00:00:00.000012975,0.023505
1970-01-01 00:00:00.000012976,0.023523
1970-01-01 00:00:00.000012977,0.023492
1970-01-01 00:00:00.000012978,0.02344
1970-01-01 00:00:00.000012979,0.023438
1970-01-01 00:00:00.000012980,0.0234389999999999
1970-01-01 00:00:00.000012981,0.023489
1970-01-01 00:00:00.000012982,0.023587
1970-01-01 00:00:00.000012983,0.023719
1970-01-01 00:00:00.000012984,0.023859
1970-01-01 00:00:00.000012985,0.024035
1970-01-01 00:00:00.000012986,0.024259
1970-01-01 00:00:00.000012987,0.024471
1970-01-01 00:00:00.000012988,0.0246599999999999
1970-01-01 00:00:00.000012989,0.024816
1970-01-01 00:00:00.000012990,0.024991
1970-01-01 00:00:00.000012991,0.025206
1970-01-01 00:00:00.000012992,0.025446
1970-01-01 00:00:00.000012993,0.025774
1970-01-01 00:00:00.000012994,0.026179
1970-01-01 00:00:00.000012995,0.0266709999999999
1970-01-01 00:00:00.000012996,0.027231
1970-01-01 00:00:00.000012997,0.02778
1970-01-01 00:00:00.000012998,0.028223
1970-01-01 00:00:00.000012999,0.028538
1970-01-01 00:00:00.000013000,0.0287639999999999
1970-01-01 00:00:00.000013001,0.028993
1970-01-01 00:00:00.000013002,0.029268
1970-01-01 00:00:00.000013003,0.02965
1970-01-01 00:00:00.000013004,0.030038
1970-01-01 00:00:00.000013005,0.030513
1970-01-01 00:00:00.000013006,0.030923
1970-01-01 00:00:00.000013007,0.031169
1970-01-01 00:00:00.000013008,0.031256
1970-01-01 00:00:00.000013009,0.031212
1970-01-01 00:00:00.000013010,0.031063
1970-01-01 00:00:00.000013011,0.030795
1970-01-01 00:00:00.000013012,0.030405
1970-01-01 00:00:00.000013013,0.029998
1970-01-01 00:00:00.000013014,0.0296399999999999
1970-01-01 00:00:00.000013015,0.029407
1970-01-01 00:00:00.000013016,0.029256
1970-01-01 00:00:00.000013017,0.029113
1970-01-01 00:00:00.000013018,0.028992
1970-01-01 00:00:00.000013019,0.028866
1970-01-01 00:00:00.000013020,0.028751
1970-01-01 00:00:00.000013021,0.028637
1970-01-01 00:00:00.000013022,0.0284579999999999
1970-01-01 00:00:00.000013023,0.0282329999999999
1970-01-01 00:00:00.000013024,0.027877
1970-01-01 00:00:00.000013025,0.02737
1970-01-01 00:00:00.000013026,0.026799
1970-01-01 00:00:00.000013027,0.026131
1970-01-01 00:00:00.000013028,0.025402
1970-01-01 00:00:00.000013029,0.02459
1970-01-01 00:00:00.000013030,0.023729
1970-01-01 00:00:00.000013031,0.022899
1970-01-01 00:00:00.000013032,0.02209
1970-01-01 00:00:00.000013033,0.021356
1970-01-01 00:00:00.000013034,0.020738
1970-01-01 00:00:00.000013035,0.020193
1970-01-01 00:00:00.000013036,0.0197229999999999
1970-01-01 00:00:00.000013037,0.019283
1970-01-01 00:00:00.000013038,0.018892
1970-01-01 00:00:00.000013039,0.018571
1970-01-01 00:00:00.000013040,0.018318
1970-01-01 00:00:00.000013041,0.018147
1970-01-01 00:00:00.000013042,0.018011
1970-01-01 00:00:00.000013043,0.017922
1970-01-01 00:00:00.000013044,0.017915
1970-01-01 00:00:00.000013045,0.01797
1970-01-01 00:00:00.000013046,0.018063
1970-01-01 00:00:00.000013047,0.018186
1970-01-01 00:00:00.000013048,0.018481
1970-01-01 00:00:00.000013049,0.01876
1970-01-01 00:00:00.000013050,0.019127
1970-01-01 00:00:00.000013051,0.019449
1970-01-01 00:00:00.000013052,0.019596
1970-01-01 00:00:00.000013053,0.019495
1970-01-01 00:00:00.000013054,0.0190949999999999
1970-01-01 00:00:00.000013055,0.018198
1970-01-01 00:00:00.000013056,0.016772
1970-01-01 00:00:00.000013057,0.014856
1970-01-01 00:00:00.000013058,0.012624
1970-01-01 00:00:00.000013059,0.010237
1970-01-01 00:00:00.000013060,0.00783
1970-01-01 00:00:00.000013061,0.005697
1970-01-01 00:00:00.000013062,0.004097
1970-01-01 00:00:00.000013063,0.003204
1970-01-01 00:00:00.000013064,0.003031
1970-01-01 00:00:00.000013065,0.0034909999999999
1970-01-01 00:00:00.000013066,0.004353
1970-01-01 00:00:00.000013067,0.0053409999999999
1970-01-01 00:00:00.000013068,0.0063
1970-01-01 00:00:00.000013069,0.007035
1970-01-01 00:00:00.000013070,0.007478
1970-01-01 00:00:00.000013071,0.007552
1970-01-01 00:00:00.000013072,0.0072569999999999
1970-01-01 00:00:00.000013073,0.0067519999999999
1970-01-01 00:00:00.000013074,0.006103
1970-01-01 00:00:00.000013075,0.005427
1970-01-01 00:00:00.000013076,0.004867
1970-01-01 00:00:00.000013077,0.004509
1970-01-01 00:00:00.000013078,0.004463
1970-01-01 00:00:00.000013079,0.004814
1970-01-01 00:00:00.000013080,0.005516
1970-01-01 00:00:00.000013081,0.006517
1970-01-01 00:00:00.000013082,0.007697
1970-01-01 00:00:00.000013083,0.008959
1970-01-01 00:00:00.000013084,0.010159
1970-01-01 00:00:00.000013085,0.011253
1970-01-01 00:00:00.000013086,0.012215
1970-01-01 00:00:00.000013087,0.013044
1970-01-01 00:00:00.000013088,0.013819
1970-01-01 00:00:00.000013089,0.014512
1970-01-01 00:00:00.000013090,0.015065
1970-01-01 00:00:00.000013091,0.0153759999999999
1970-01-01 00:00:00.000013092,0.015362
1970-01-01 00:00:00.000013093,0.014922
1970-01-01 00:00:00.000013094,0.014036
1970-01-01 00:00:00.000013095,0.012818
1970-01-01 00:00:00.000013096,0.011594
1970-01-01 00:00:00.000013097,0.010687
1970-01-01 00:00:00.000013098,0.010214
1970-01-01 00:00:00.000013099,0.010209
1970-01-01 00:00:00.000013100,0.010588
1970-01-01 00:00:00.000013101,0.011262
1970-01-01 00:00:00.000013102,0.01212
1970-01-01 00:00:00.000013103,0.01283
1970-01-01 00:00:00.000013104,0.013396
1970-01-01 00:00:00.000013105,0.013643
1970-01-01 00:00:00.000013106,0.013488
1970-01-01 00:00:00.000013107,0.013127
1970-01-01 00:00:00.000013108,0.012639
1970-01-01 00:00:00.000013109,0.012292
1970-01-01 00:00:00.000013110,0.0122069999999999
1970-01-01 00:00:00.000013111,0.012366
1970-01-01 00:00:00.000013112,0.012724
1970-01-01 00:00:00.000013113,0.013211
1970-01-01 00:00:00.000013114,0.013775
1970-01-01 00:00:00.000013115,0.014278
1970-01-01 00:00:00.000013116,0.0147199999999999
1970-01-01 00:00:00.000013117,0.0152229999999999
1970-01-01 00:00:00.000013118,0.015777
1970-01-01 00:00:00.000013119,0.016357
1970-01-01 00:00:00.000013120,0.016916
1970-01-01 00:00:00.000013121,0.01728
1970-01-01 00:00:00.000013122,0.017568
1970-01-01 00:00:00.000013123,0.017809
1970-01-01 00:00:00.000013124,0.018116
1970-01-01 00:00:00.000013125,0.018499
1970-01-01 00:00:00.000013126,0.0189569999999999
1970-01-01 00:00:00.000013127,0.019512
1970-01-01 00:00:00.000013128,0.020175
1970-01-01 00:00:00.000013129,0.0209199999999999
1970-01-01 00:00:00.000013130,0.021728
1970-01-01 00:00:00.000013131,0.02258
1970-01-01 00:00:00.000013132,0.023424
1970-01-01 00:00:00.000013133,0.024217
1970-01-01 00:00:00.000013134,0.024949
1970-01-01 00:00:00.000013135,0.025594
1970-01-01 00:00:00.000013136,0.02616
1970-01-01 00:00:00.000013137,0.02671
1970-01-01 00:00:00.000013138,0.027224
1970-01-01 00:00:00.000013139,0.027666
1970-01-01 00:00:00.000013140,0.028099
1970-01-01 00:00:00.000013141,0.028564
1970-01-01 00:00:00.000013142,0.029099
1970-01-01 00:00:00.000013143,0.029672
1970-01-01 00:00:00.000013144,0.030343
1970-01-01 00:00:00.000013145,0.031051
1970-01-01 00:00:00.000013146,0.031727
1970-01-01 00:00:00.000013147,0.032331
1970-01-01 00:00:00.000013148,0.032837
1970-01-01 00:00:00.000013149,0.0333279999999999
1970-01-01 00:00:00.000013150,0.033697
1970-01-01 00:00:00.000013151,0.033956
1970-01-01 00:00:00.000013152,0.034119
1970-01-01 00:00:00.000013153,0.034107
1970-01-01 00:00:00.000013154,0.033983
1970-01-01 00:00:00.000013155,0.033769
1970-01-01 00:00:00.000013156,0.033565
1970-01-01 00:00:00.000013157,0.033349
1970-01-01 00:00:00.000013158,0.033046
1970-01-01 00:00:00.000013159,0.032699
1970-01-01 00:00:00.000013160,0.032247
1970-01-01 00:00:00.000013161,0.031871
1970-01-01 00:00:00.000013162,0.031677
1970-01-01 00:00:00.000013163,0.031561
1970-01-01 00:00:00.000013164,0.031569
1970-01-01 00:00:00.000013165,0.03168
1970-01-01 00:00:00.000013166,0.031862
1970-01-01 00:00:00.000013167,0.03218
1970-01-01 00:00:00.000013168,0.032504
1970-01-01 00:00:00.000013169,0.0327779999999999
1970-01-01 00:00:00.000013170,0.032989
1970-01-01 00:00:00.000013171,0.033085
1970-01-01 00:00:00.000013172,0.033065
1970-01-01 00:00:00.000013173,0.033017
1970-01-01 00:00:00.000013174,0.0328959999999999
1970-01-01 00:00:00.000013175,0.032716
1970-01-01 00:00:00.000013176,0.032511
1970-01-01 00:00:00.000013177,0.032295
1970-01-01 00:00:00.000013178,0.032008
1970-01-01 00:00:00.000013179,0.031658
1970-01-01 00:00:00.000013180,0.031283
1970-01-01 00:00:00.000013181,0.030882
1970-01-01 00:00:00.000013182,0.030476
1970-01-01 00:00:00.000013183,0.029931
1970-01-01 00:00:00.000013184,0.029198
1970-01-01 00:00:00.000013185,0.028299
1970-01-01 00:00:00.000013186,0.027343
1970-01-01 00:00:00.000013187,0.026548
1970-01-01 00:00:00.000013188,0.026011
1970-01-01 00:00:00.000013189,0.025738
1970-01-01 00:00:00.000013190,0.0256579999999999
1970-01-01 00:00:00.000013191,0.025688
1970-01-01 00:00:00.000013192,0.025648
1970-01-01 00:00:00.000013193,0.025514
1970-01-01 00:00:00.000013194,0.025411
1970-01-01 00:00:00.000013195,0.025322
1970-01-01 00:00:00.000013196,0.025373
1970-01-01 00:00:00.000013197,0.025551
1970-01-01 00:00:00.000013198,0.025843
1970-01-01 00:00:00.000013199,0.026192
1970-01-01 00:00:00.000013200,0.026525
1970-01-01 00:00:00.000013201,0.0268029999999999
1970-01-01 00:00:00.000013202,0.026983
1970-01-01 00:00:00.000013203,0.0271079999999999
1970-01-01 00:00:00.000013204,0.027256
1970-01-01 00:00:00.000013205,0.02736
1970-01-01 00:00:00.000013206,0.027518
1970-01-01 00:00:00.000013207,0.027745
1970-01-01 00:00:00.000013208,0.027981
1970-01-01 00:00:00.000013209,0.028239
1970-01-01 00:00:00.000013210,0.0285339999999999
1970-01-01 00:00:00.000013211,0.028885
1970-01-01 00:00:00.000013212,0.029391
1970-01-01 00:00:00.000013213,0.0299459999999999
1970-01-01 00:00:00.000013214,0.03056
1970-01-01 00:00:00.000013215,0.031199
1970-01-01 00:00:00.000013216,0.031711
1970-01-01 00:00:00.000013217,0.032145
1970-01-01 00:00:00.000013218,0.032537
1970-01-01 00:00:00.000013219,0.0328829999999999
1970-01-01 00:00:00.000013220,0.033207
1970-01-01 00:00:00.000013221,0.0335079999999999
1970-01-01 00:00:00.000013222,0.03379
1970-01-01 00:00:00.000013223,0.034043
1970-01-01 00:00:00.000013224,0.0342639999999999
1970-01-01 00:00:00.000013225,0.034455
1970-01-01 00:00:00.000013226,0.034594
1970-01-01 00:00:00.000013227,0.034645
1970-01-01 00:00:00.000013228,0.034629
1970-01-01 00:00:00.000013229,0.034525
1970-01-01 00:00:00.000013230,0.0344
1970-01-01 00:00:00.000013231,0.034273
1970-01-01 00:00:00.000013232,0.0341529999999999
1970-01-01 00:00:00.000013233,0.034004
1970-01-01 00:00:00.000013234,0.033859
1970-01-01 00:00:00.000013235,0.033708
1970-01-01 00:00:00.000013236,0.033596
1970-01-01 00:00:00.000013237,0.033503
1970-01-01 00:00:00.000013238,0.033399
1970-01-01 00:00:00.000013239,0.033333
1970-01-01 00:00:00.000013240,0.0333339999999999
1970-01-01 00:00:00.000013241,0.033293
1970-01-01 00:00:00.000013242,0.033324
1970-01-01 00:00:00.000013243,0.033302
1970-01-01 00:00:00.000013244,0.0331589999999999
1970-01-01 00:00:00.000013245,0.032914
1970-01-01 00:00:00.000013246,0.032601
1970-01-01 00:00:00.000013247,0.032201
1970-01-01 00:00:00.000013248,0.031726
1970-01-01 00:00:00.000013249,0.031303
1970-01-01 00:00:00.000013250,0.030879
1970-01-01 00:00:00.000013251,0.03053
1970-01-01 00:00:00.000013252,0.0303279999999999
1970-01-01 00:00:00.000013253,0.030182
1970-01-01 00:00:00.000013254,0.030128
1970-01-01 00:00:00.000013255,0.030085
1970-01-01 00:00:00.000013256,0.03
1970-01-01 00:00:00.000013257,0.029878
1970-01-01 00:00:00.000013258,0.029689
1970-01-01 00:00:00.000013259,0.029449
1970-01-01 00:00:00.000013260,0.029164
1970-01-01 00:00:00.000013261,0.028854
1970-01-01 00:00:00.000013262,0.028485
1970-01-01 00:00:00.000013263,0.028068
1970-01-01 00:00:00.000013264,0.027625
1970-01-01 00:00:00.000013265,0.027187
1970-01-01 00:00:00.000013266,0.0267519999999999
1970-01-01 00:00:00.000013267,0.026325
1970-01-01 00:00:00.000013268,0.025925
1970-01-01 00:00:00.000013269,0.0255889999999999
1970-01-01 00:00:00.000013270,0.025317
1970-01-01 00:00:00.000013271,0.025161
1970-01-01 00:00:00.000013272,0.025208
1970-01-01 00:00:00.000013273,0.025356
1970-01-01 00:00:00.000013274,0.025512
1970-01-01 00:00:00.000013275,0.025573
1970-01-01 00:00:00.000013276,0.025525
1970-01-01 00:00:00.000013277,0.0254199999999999
1970-01-01 00:00:00.000013278,0.02536
1970-01-01 00:00:00.000013279,0.02536
1970-01-01 00:00:00.000013280,0.025469
1970-01-01 00:00:00.000013281,0.0257319999999999
1970-01-01 00:00:00.000013282,0.0261019999999999
1970-01-01 00:00:00.000013283,0.0264569999999999
1970-01-01 00:00:00.000013284,0.026869
1970-01-01 00:00:00.000013285,0.0272579999999999
1970-01-01 00:00:00.000013286,0.027575
1970-01-01 00:00:00.000013287,0.027846
1970-01-01 00:00:00.000013288,0.028095
1970-01-01 00:00:00.000013289,0.0282779999999999
1970-01-01 00:00:00.000013290,0.0284959999999999
1970-01-01 00:00:00.000013291,0.028769
1970-01-01 00:00:00.000013292,0.029102
1970-01-01 00:00:00.000013293,0.029539
1970-01-01 00:00:00.000013294,0.0300649999999999
1970-01-01 00:00:00.000013295,0.030656
1970-01-01 00:00:00.000013296,0.031291
1970-01-01 00:00:00.000013297,0.031906
1970-01-01 00:00:00.000013298,0.032441
1970-01-01 00:00:00.000013299,0.032866
1970-01-01 00:00:00.000013300,0.033175
1970-01-01 00:00:00.000013301,0.033441
1970-01-01 00:00:00.000013302,0.033682
1970-01-01 00:00:00.000013303,0.033915
1970-01-01 00:00:00.000013304,0.034177
1970-01-01 00:00:00.000013305,0.034448
1970-01-01 00:00:00.000013306,0.034735
1970-01-01 00:00:00.000013307,0.035112
1970-01-01 00:00:00.000013308,0.035538
1970-01-01 00:00:00.000013309,0.0359639999999999
1970-01-01 00:00:00.000013310,0.0364009999999999
1970-01-01 00:00:00.000013311,0.036842
1970-01-01 00:00:00.000013312,0.037238
1970-01-01 00:00:00.000013313,0.037611
1970-01-01 00:00:00.000013314,0.037954
1970-01-01 00:00:00.000013315,0.038285
1970-01-01 00:00:00.000013316,0.038629
1970-01-01 00:00:00.000013317,0.038936
1970-01-01 00:00:00.000013318,0.039208
1970-01-01 00:00:00.000013319,0.0395029999999999
1970-01-01 00:00:00.000013320,0.039847
1970-01-01 00:00:00.000013321,0.040219
1970-01-01 00:00:00.000013322,0.040485
1970-01-01 00:00:00.000013323,0.040705
1970-01-01 00:00:00.000013324,0.0407709999999999
1970-01-01 00:00:00.000013325,0.040494
1970-01-01 00:00:00.000013326,0.039899
1970-01-01 00:00:00.000013327,0.039043
1970-01-01 00:00:00.000013328,0.037911
1970-01-01 00:00:00.000013329,0.036604
1970-01-01 00:00:00.000013330,0.035058
1970-01-01 00:00:00.000013331,0.033407
1970-01-01 00:00:00.000013332,0.031893
1970-01-01 00:00:00.000013333,0.030736
1970-01-01 00:00:00.000013334,0.029901
1970-01-01 00:00:00.000013335,0.029386
1970-01-01 00:00:00.000013336,0.029055
1970-01-01 00:00:00.000013337,0.028742
1970-01-01 00:00:00.000013338,0.028524
1970-01-01 00:00:00.000013339,0.028553
1970-01-01 00:00:00.000013340,0.028693
1970-01-01 00:00:00.000013341,0.028929
1970-01-01 00:00:00.000013342,0.029218
1970-01-01 00:00:00.000013343,0.029488
1970-01-01 00:00:00.000013344,0.0298029999999999
1970-01-01 00:00:00.000013345,0.030218
1970-01-01 00:00:00.000013346,0.03075
1970-01-01 00:00:00.000013347,0.03143
1970-01-01 00:00:00.000013348,0.032158
1970-01-01 00:00:00.000013349,0.032983
1970-01-01 00:00:00.000013350,0.033348
1970-01-01 00:00:00.000013351,0.033229
1970-01-01 00:00:00.000013352,0.0327029999999999
1970-01-01 00:00:00.000013353,0.031872
1970-01-01 00:00:00.000013354,0.030805
1970-01-01 00:00:00.000013355,0.029535
1970-01-01 00:00:00.000013356,0.028217
1970-01-01 00:00:00.000013357,0.026957
1970-01-01 00:00:00.000013358,0.025809
1970-01-01 00:00:00.000013359,0.0246389999999999
1970-01-01 00:00:00.000013360,0.023545
1970-01-01 00:00:00.000013361,0.022547
1970-01-01 00:00:00.000013362,0.021601
1970-01-01 00:00:00.000013363,0.020707
1970-01-01 00:00:00.000013364,0.019772
1970-01-01 00:00:00.000013365,0.0188039999999999
1970-01-01 00:00:00.000013366,0.01771
1970-01-01 00:00:00.000013367,0.016552
1970-01-01 00:00:00.000013368,0.015425
1970-01-01 00:00:00.000013369,0.014478
1970-01-01 00:00:00.000013370,0.013652
1970-01-01 00:00:00.000013371,0.012984
1970-01-01 00:00:00.000013372,0.012579
1970-01-01 00:00:00.000013373,0.012237
1970-01-01 00:00:00.000013374,0.012193
1970-01-01 00:00:00.000013375,0.012434
1970-01-01 00:00:00.000013376,0.012869
1970-01-01 00:00:00.000013377,0.01356
1970-01-01 00:00:00.000013378,0.014292
1970-01-01 00:00:00.000013379,0.0147599999999999
1970-01-01 00:00:00.000013380,0.014377
1970-01-01 00:00:00.000013381,0.0129039999999999
1970-01-01 00:00:00.000013382,0.010456
1970-01-01 00:00:00.000013383,0.00744
1970-01-01 00:00:00.000013384,0.004253
1970-01-01 00:00:00.000013385,0.001217
1970-01-01 00:00:00.000013386,-0.001048
1970-01-01 00:00:00.000013387,-0.002232
1970-01-01 00:00:00.000013388,-0.002417
1970-01-01 00:00:00.000013389,-0.0018219999999999
1970-01-01 00:00:00.000013390,-0.000658
1970-01-01 00:00:00.000013391,0.000883
1970-01-01 00:00:00.000013392,0.002431
1970-01-01 00:00:00.000013393,0.003807
1970-01-01 00:00:00.000013394,0.004893
1970-01-01 00:00:00.000013395,0.005775
1970-01-01 00:00:00.000013396,0.006546
1970-01-01 00:00:00.000013397,0.0071709999999999
1970-01-01 00:00:00.000013398,0.007606
1970-01-01 00:00:00.000013399,0.007231
1970-01-01 00:00:00.000013400,0.006677
1970-01-01 00:00:00.000013401,0.007474
1970-01-01 00:00:00.000013402,0.008918
1970-01-01 00:00:00.000013403,0.009983
1970-01-01 00:00:00.000013404,0.009621
1970-01-01 00:00:00.000013405,0.007921
1970-01-01 00:00:00.000013406,0.00616
1970-01-01 00:00:00.000013407,0.005465
1970-01-01 00:00:00.000013408,0.00654
1970-01-01 00:00:00.000013409,0.009241
1970-01-01 00:00:00.000013410,0.012764
1970-01-01 00:00:00.000013411,0.0160009999999999
1970-01-01 00:00:00.000013412,0.018438
1970-01-01 00:00:00.000013413,0.019877
1970-01-01 00:00:00.000013414,0.020756
1970-01-01 00:00:00.000013415,0.021419
1970-01-01 00:00:00.000013416,0.0221379999999999
1970-01-01 00:00:00.000013417,0.022856
1970-01-01 00:00:00.000013418,0.023398
1970-01-01 00:00:00.000013419,0.023385
1970-01-01 00:00:00.000013420,0.02276
1970-01-01 00:00:00.000013421,0.021695
1970-01-01 00:00:00.000013422,0.020178
1970-01-01 00:00:00.000013423,0.018066
1970-01-01 00:00:00.000013424,0.014971
1970-01-01 00:00:00.000013425,0.010892
1970-01-01 00:00:00.000013426,0.006188
1970-01-01 00:00:00.000013427,0.001183
1970-01-01 00:00:00.000013428,-0.003535
1970-01-01 00:00:00.000013429,-0.00762
1970-01-01 00:00:00.000013430,-0.011474
1970-01-01 00:00:00.000013431,-0.015501
1970-01-01 00:00:00.000013432,-0.019853
1970-01-01 00:00:00.000013433,-0.024625
1970-01-01 00:00:00.000013434,-0.029851
1970-01-01 00:00:00.000013435,-0.035323
1970-01-01 00:00:00.000013436,-0.040779
1970-01-01 00:00:00.000013437,-0.045697
1970-01-01 00:00:00.000013438,-0.0500269999999999
1970-01-01 00:00:00.000013439,-0.0540929999999999
1970-01-01 00:00:00.000013440,-0.057962
1970-01-01 00:00:00.000013441,-0.06157
1970-01-01 00:00:00.000013442,-0.064863
1970-01-01 00:00:00.000013443,-0.067892
1970-01-01 00:00:00.000013444,-0.070822
1970-01-01 00:00:00.000013445,-0.073765
1970-01-01 00:00:00.000013446,-0.076562
1970-01-01 00:00:00.000013447,-0.07918
1970-01-01 00:00:00.000013448,-0.081447
1970-01-01 00:00:00.000013449,-0.083277
1970-01-01 00:00:00.000013450,-0.085026
1970-01-01 00:00:00.000013451,-0.086932
1970-01-01 00:00:00.000013452,-0.088774
1970-01-01 00:00:00.000013453,-0.09037
1970-01-01 00:00:00.000013454,-0.091711
1970-01-01 00:00:00.000013455,-0.09278
1970-01-01 00:00:00.000013456,-0.09357
1970-01-01 00:00:00.000013457,-0.094133
1970-01-01 00:00:00.000013458,-0.094556
1970-01-01 00:00:00.000013459,-0.09508
1970-01-01 00:00:00.000013460,-0.095743
1970-01-01 00:00:00.000013461,-0.0963649999999999
1970-01-01 00:00:00.000013462,-0.096855
1970-01-01 00:00:00.000013463,-0.097284
1970-01-01 00:00:00.000013464,-0.097573
1970-01-01 00:00:00.000013465,-0.097657
1970-01-01 00:00:00.000013466,-0.097747
1970-01-01 00:00:00.000013467,-0.09776
1970-01-01 00:00:00.000013468,-0.097652
1970-01-01 00:00:00.000013469,-0.097393
1970-01-01 00:00:00.000013470,-0.097202
1970-01-01 00:00:00.000013471,-0.097019
1970-01-01 00:00:00.000013472,-0.096527
1970-01-01 00:00:00.000013473,-0.095916
1970-01-01 00:00:00.000013474,-0.095596
1970-01-01 00:00:00.000013475,-0.095683
1970-01-01 00:00:00.000013476,-0.095665
1970-01-01 00:00:00.000013477,-0.095474
1970-01-01 00:00:00.000013478,-0.0952799999999999
1970-01-01 00:00:00.000013479,-0.0952799999999999
1970-01-01 00:00:00.000013480,-0.095548
1970-01-01 00:00:00.000013481,-0.09592
1970-01-01 00:00:00.000013482,-0.096133
1970-01-01 00:00:00.000013483,-0.096027
1970-01-01 00:00:00.000013484,-0.095811
1970-01-01 00:00:00.000013485,-0.095541
1970-01-01 00:00:00.000013486,-0.095288
1970-01-01 00:00:00.000013487,-0.095001
1970-01-01 00:00:00.000013488,-0.094289
1970-01-01 00:00:00.000013489,-0.093365
1970-01-01 00:00:00.000013490,-0.092379
1970-01-01 00:00:00.000013491,-0.09141
1970-01-01 00:00:00.000013492,-0.09111
1970-01-01 00:00:00.000013493,-0.091886
1970-01-01 00:00:00.000013494,-0.093455
1970-01-01 00:00:00.000013495,-0.095044
1970-01-01 00:00:00.000013496,-0.096035
1970-01-01 00:00:00.000013497,-0.096188
1970-01-01 00:00:00.000013498,-0.095757
1970-01-01 00:00:00.000013499,-0.095006
1970-01-01 00:00:00.000013500,-0.093823
1970-01-01 00:00:00.000013501,-0.092164
1970-01-01 00:00:00.000013502,-0.0904399999999999
1970-01-01 00:00:00.000013503,-0.08886
1970-01-01 00:00:00.000013504,-0.087734
1970-01-01 00:00:00.000013505,-0.087084
1970-01-01 00:00:00.000013506,-0.086613
1970-01-01 00:00:00.000013507,-0.086122
1970-01-01 00:00:00.000013508,-0.085522
1970-01-01 00:00:00.000013509,-0.084961
1970-01-01 00:00:00.000013510,-0.084407
1970-01-01 00:00:00.000013511,-0.083841
1970-01-01 00:00:00.000013512,-0.083348
1970-01-01 00:00:00.000013513,-0.082857
1970-01-01 00:00:00.000013514,-0.082412
1970-01-01 00:00:00.000013515,-0.082231
1970-01-01 00:00:00.000013516,-0.082369
1970-01-01 00:00:00.000013517,-0.0826409999999999
1970-01-01 00:00:00.000013518,-0.082984
1970-01-01 00:00:00.000013519,-0.083386
1970-01-01 00:00:00.000013520,-0.08378
1970-01-01 00:00:00.000013521,-0.084093
1970-01-01 00:00:00.000013522,-0.0842919999999999
1970-01-01 00:00:00.000013523,-0.084349
1970-01-01 00:00:00.000013524,-0.084227
1970-01-01 00:00:00.000013525,-0.084033
1970-01-01 00:00:00.000013526,-0.08381
1970-01-01 00:00:00.000013527,-0.083525
1970-01-01 00:00:00.000013528,-0.083175
1970-01-01 00:00:00.000013529,-0.082595
1970-01-01 00:00:00.000013530,-0.081746
1970-01-01 00:00:00.000013531,-0.08077
1970-01-01 00:00:00.000013532,-0.079787
1970-01-01 00:00:00.000013533,-0.079035
1970-01-01 00:00:00.000013534,-0.0786
1970-01-01 00:00:00.000013535,-0.07848
1970-01-01 00:00:00.000013536,-0.078766
1970-01-01 00:00:00.000013537,-0.079382
1970-01-01 00:00:00.000013538,-0.080305
1970-01-01 00:00:00.000013539,-0.0814039999999999
1970-01-01 00:00:00.000013540,-0.082585
1970-01-01 00:00:00.000013541,-0.0836539999999999
1970-01-01 00:00:00.000013542,-0.0844159999999999
1970-01-01 00:00:00.000013543,-0.084915
1970-01-01 00:00:00.000013544,-0.085198
1970-01-01 00:00:00.000013545,-0.085339
1970-01-01 00:00:00.000013546,-0.085474
1970-01-01 00:00:00.000013547,-0.085701
1970-01-01 00:00:00.000013548,-0.085849
1970-01-01 00:00:00.000013549,-0.0857769999999999
1970-01-01 00:00:00.000013550,-0.085448
1970-01-01 00:00:00.000013551,-0.0849549999999999
1970-01-01 00:00:00.000013552,-0.084299
1970-01-01 00:00:00.000013553,-0.0834179999999999
1970-01-01 00:00:00.000013554,-0.082412
1970-01-01 00:00:00.000013555,-0.081322
1970-01-01 00:00:00.000013556,-0.080251
1970-01-01 00:00:00.000013557,-0.079563
1970-01-01 00:00:00.000013558,-0.078953
1970-01-01 00:00:00.000013559,-0.078216
1970-01-01 00:00:00.000013560,-0.077798
1970-01-01 00:00:00.000013561,-0.077627
1970-01-01 00:00:00.000013562,-0.077461
1970-01-01 00:00:00.000013563,-0.077169
1970-01-01 00:00:00.000013564,-0.076543
1970-01-01 00:00:00.000013565,-0.075667
1970-01-01 00:00:00.000013566,-0.074739
1970-01-01 00:00:00.000013567,-0.073943
1970-01-01 00:00:00.000013568,-0.073377
1970-01-01 00:00:00.000013569,-0.07291
1970-01-01 00:00:00.000013570,-0.072399
1970-01-01 00:00:00.000013571,-0.072023
1970-01-01 00:00:00.000013572,-0.071708
1970-01-01 00:00:00.000013573,-0.071268
1970-01-01 00:00:00.000013574,-0.070789
1970-01-01 00:00:00.000013575,-0.070344
1970-01-01 00:00:00.000013576,-0.069842
1970-01-01 00:00:00.000013577,-0.0693169999999999
1970-01-01 00:00:00.000013578,-0.06881
1970-01-01 00:00:00.000013579,-0.068235
1970-01-01 00:00:00.000013580,-0.067363
1970-01-01 00:00:00.000013581,-0.066331
1970-01-01 00:00:00.000013582,-0.065489
1970-01-01 00:00:00.000013583,-0.064907
1970-01-01 00:00:00.000013584,-0.064492
1970-01-01 00:00:00.000013585,-0.06412
1970-01-01 00:00:00.000013586,-0.0637139999999999
1970-01-01 00:00:00.000013587,-0.063232
1970-01-01 00:00:00.000013588,-0.062592
1970-01-01 00:00:00.000013589,-0.061898
1970-01-01 00:00:00.000013590,-0.061282
1970-01-01 00:00:00.000013591,-0.060674
1970-01-01 00:00:00.000013592,-0.060077
1970-01-01 00:00:00.000013593,-0.059497
1970-01-01 00:00:00.000013594,-0.058898
1970-01-01 00:00:00.000013595,-0.058325
1970-01-01 00:00:00.000013596,-0.0577159999999999
1970-01-01 00:00:00.000013597,-0.057121
1970-01-01 00:00:00.000013598,-0.056454
1970-01-01 00:00:00.000013599,-0.055745
1970-01-01 00:00:00.000013600,-0.055077
1970-01-01 00:00:00.000013601,-0.054568
1970-01-01 00:00:00.000013602,-0.054237
1970-01-01 00:00:00.000013603,-0.0540169999999999
1970-01-01 00:00:00.000013604,-0.05376
1970-01-01 00:00:00.000013605,-0.0533379999999999
1970-01-01 00:00:00.000013606,-0.0529679999999999
1970-01-01 00:00:00.000013607,-0.052736
1970-01-01 00:00:00.000013608,-0.052535
1970-01-01 00:00:00.000013609,-0.0523169999999999
1970-01-01 00:00:00.000013610,-0.052208
1970-01-01 00:00:00.000013611,-0.052238
1970-01-01 00:00:00.000013612,-0.0523419999999999
1970-01-01 00:00:00.000013613,-0.0523649999999999
1970-01-01 00:00:00.000013614,-0.05226
1970-01-01 00:00:00.000013615,-0.05215
1970-01-01 00:00:00.000013616,-0.0521559999999999
1970-01-01 00:00:00.000013617,-0.052244
1970-01-01 00:00:00.000013618,-0.05244
1970-01-01 00:00:00.000013619,-0.0526
1970-01-01 00:00:00.000013620,-0.0528309999999999
1970-01-01 00:00:00.000013621,-0.0529899999999999
1970-01-01 00:00:00.000013622,-0.053298
1970-01-01 00:00:00.000013623,-0.0535519999999999
1970-01-01 00:00:00.000013624,-0.053729
1970-01-01 00:00:00.000013625,-0.053979
1970-01-01 00:00:00.000013626,-0.053814
1970-01-01 00:00:00.000013627,-0.053632
1970-01-01 00:00:00.000013628,-0.05329
1970-01-01 00:00:00.000013629,-0.05289
1970-01-01 00:00:00.000013630,-0.052495
1970-01-01 00:00:00.000013631,-0.05216
1970-01-01 00:00:00.000013632,-0.0518669999999999
1970-01-01 00:00:00.000013633,-0.051807
1970-01-01 00:00:00.000013634,-0.0520539999999999
1970-01-01 00:00:00.000013635,-0.0525039999999999
1970-01-01 00:00:00.000013636,-0.0529809999999999
1970-01-01 00:00:00.000013637,-0.053423
1970-01-01 00:00:00.000013638,-0.0538559999999999
1970-01-01 00:00:00.000013639,-0.054263
1970-01-01 00:00:00.000013640,-0.05467
1970-01-01 00:00:00.000013641,-0.055125
1970-01-01 00:00:00.000013642,-0.0555809999999999
1970-01-01 00:00:00.000013643,-0.056044
1970-01-01 00:00:00.000013644,-0.056538
1970-01-01 00:00:00.000013645,-0.057052
1970-01-01 00:00:00.000013646,-0.057543
1970-01-01 00:00:00.000013647,-0.058086
1970-01-01 00:00:00.000013648,-0.058673
1970-01-01 00:00:00.000013649,-0.059197
1970-01-01 00:00:00.000013650,-0.059571
1970-01-01 00:00:00.000013651,-0.059835
1970-01-01 00:00:00.000013652,-0.0600669999999999
1970-01-01 00:00:00.000013653,-0.060391
1970-01-01 00:00:00.000013654,-0.060846
1970-01-01 00:00:00.000013655,-0.061438
1970-01-01 00:00:00.000013656,-0.062096
1970-01-01 00:00:00.000013657,-0.0627549999999999
1970-01-01 00:00:00.000013658,-0.063385
1970-01-01 00:00:00.000013659,-0.063983
1970-01-01 00:00:00.000013660,-0.064511
1970-01-01 00:00:00.000013661,-0.065014
1970-01-01 00:00:00.000013662,-0.065512
1970-01-01 00:00:00.000013663,-0.065988
1970-01-01 00:00:00.000013664,-0.0665
1970-01-01 00:00:00.000013665,-0.067057
1970-01-01 00:00:00.000013666,-0.067671
1970-01-01 00:00:00.000013667,-0.06826
1970-01-01 00:00:00.000013668,-0.068848
1970-01-01 00:00:00.000013669,-0.069434
1970-01-01 00:00:00.000013670,-0.069907
1970-01-01 00:00:00.000013671,-0.070194
1970-01-01 00:00:00.000013672,-0.070327
1970-01-01 00:00:00.000013673,-0.070394
1970-01-01 00:00:00.000013674,-0.0704
1970-01-01 00:00:00.000013675,-0.070354
1970-01-01 00:00:00.000013676,-0.070256
1970-01-01 00:00:00.000013677,-0.0700799999999999
1970-01-01 00:00:00.000013678,-0.069886
1970-01-01 00:00:00.000013679,-0.069726
1970-01-01 00:00:00.000013680,-0.0695669999999999
1970-01-01 00:00:00.000013681,-0.06938
1970-01-01 00:00:00.000013682,-0.0691789999999999
1970-01-01 00:00:00.000013683,-0.068954
1970-01-01 00:00:00.000013684,-0.06873
1970-01-01 00:00:00.000013685,-0.06844
1970-01-01 00:00:00.000013686,-0.068111
1970-01-01 00:00:00.000013687,-0.067675
1970-01-01 00:00:00.000013688,-0.067194
1970-01-01 00:00:00.000013689,-0.066889
1970-01-01 00:00:00.000013690,-0.067012
1970-01-01 00:00:00.000013691,-0.067658
1970-01-01 00:00:00.000013692,-0.0685559999999999
1970-01-01 00:00:00.000013693,-0.069454
1970-01-01 00:00:00.000013694,-0.070295
1970-01-01 00:00:00.000013695,-0.070995
1970-01-01 00:00:00.000013696,-0.071541
1970-01-01 00:00:00.000013697,-0.071995
1970-01-01 00:00:00.000013698,-0.072447
1970-01-01 00:00:00.000013699,-0.072915
1970-01-01 00:00:00.000013700,-0.073254
1970-01-01 00:00:00.000013701,-0.073465
1970-01-01 00:00:00.000013702,-0.073596
1970-01-01 00:00:00.000013703,-0.073719
1970-01-01 00:00:00.000013704,-0.073894
1970-01-01 00:00:00.000013705,-0.0740919999999999
1970-01-01 00:00:00.000013706,-0.074287
1970-01-01 00:00:00.000013707,-0.074375
1970-01-01 00:00:00.000013708,-0.074431
1970-01-01 00:00:00.000013709,-0.074422
1970-01-01 00:00:00.000013710,-0.074395
1970-01-01 00:00:00.000013711,-0.074285
1970-01-01 00:00:00.000013712,-0.074102
1970-01-01 00:00:00.000013713,-0.073833
1970-01-01 00:00:00.000013714,-0.073417
1970-01-01 00:00:00.000013715,-0.07288
1970-01-01 00:00:00.000013716,-0.072313
1970-01-01 00:00:00.000013717,-0.071797
1970-01-01 00:00:00.000013718,-0.071396
1970-01-01 00:00:00.000013719,-0.071032
1970-01-01 00:00:00.000013720,-0.070773
1970-01-01 00:00:00.000013721,-0.070578
1970-01-01 00:00:00.000013722,-0.070388
1970-01-01 00:00:00.000013723,-0.070171
1970-01-01 00:00:00.000013724,-0.06994
1970-01-01 00:00:00.000013725,-0.06963
1970-01-01 00:00:00.000013726,-0.0691929999999999
1970-01-01 00:00:00.000013727,-0.068796
1970-01-01 00:00:00.000013728,-0.0684179999999999
1970-01-01 00:00:00.000013729,-0.0680679999999999
1970-01-01 00:00:00.000013730,-0.067887
1970-01-01 00:00:00.000013731,-0.067757
1970-01-01 00:00:00.000013732,-0.067546
1970-01-01 00:00:00.000013733,-0.067327
1970-01-01 00:00:00.000013734,-0.067095
1970-01-01 00:00:00.000013735,-0.06669
1970-01-01 00:00:00.000013736,-0.066332
1970-01-01 00:00:00.000013737,-0.066028
1970-01-01 00:00:00.000013738,-0.065664
1970-01-01 00:00:00.000013739,-0.06531
1970-01-01 00:00:00.000013740,-0.064922
1970-01-01 00:00:00.000013741,-0.064569
1970-01-01 00:00:00.000013742,-0.064235
1970-01-01 00:00:00.000013743,-0.063828
1970-01-01 00:00:00.000013744,-0.063414
1970-01-01 00:00:00.000013745,-0.063087
1970-01-01 00:00:00.000013746,-0.062815
1970-01-01 00:00:00.000013747,-0.062674
1970-01-01 00:00:00.000013748,-0.062686
1970-01-01 00:00:00.000013749,-0.062785
1970-01-01 00:00:00.000013750,-0.062813
1970-01-01 00:00:00.000013751,-0.062815
1970-01-01 00:00:00.000013752,-0.062916
1970-01-01 00:00:00.000013753,-0.063238
1970-01-01 00:00:00.000013754,-0.063649
1970-01-01 00:00:00.000013755,-0.06414
1970-01-01 00:00:00.000013756,-0.064737
1970-01-01 00:00:00.000013757,-0.065434
1970-01-01 00:00:00.000013758,-0.066197
1970-01-01 00:00:00.000013759,-0.067038
1970-01-01 00:00:00.000013760,-0.067824
1970-01-01 00:00:00.000013761,-0.068586
1970-01-01 00:00:00.000013762,-0.069257
1970-01-01 00:00:00.000013763,-0.069895
1970-01-01 00:00:00.000013764,-0.070434
1970-01-01 00:00:00.000013765,-0.07089
1970-01-01 00:00:00.000013766,-0.07119
1970-01-01 00:00:00.000013767,-0.071435
1970-01-01 00:00:00.000013768,-0.071832
1970-01-01 00:00:00.000013769,-0.072364
1970-01-01 00:00:00.000013770,-0.072972
1970-01-01 00:00:00.000013771,-0.073669
1970-01-01 00:00:00.000013772,-0.0744799999999999
1970-01-01 00:00:00.000013773,-0.07521
1970-01-01 00:00:00.000013774,-0.075684
1970-01-01 00:00:00.000013775,-0.075995
1970-01-01 00:00:00.000013776,-0.076245
1970-01-01 00:00:00.000013777,-0.076502
1970-01-01 00:00:00.000013778,-0.076739
1970-01-01 00:00:00.000013779,-0.076948
1970-01-01 00:00:00.000013780,-0.0770899999999999
1970-01-01 00:00:00.000013781,-0.077267
1970-01-01 00:00:00.000013782,-0.077495
1970-01-01 00:00:00.000013783,-0.077731
1970-01-01 00:00:00.000013784,-0.078
1970-01-01 00:00:00.000013785,-0.078197
1970-01-01 00:00:00.000013786,-0.078378
1970-01-01 00:00:00.000013787,-0.078581
1970-01-01 00:00:00.000013788,-0.0788659999999999
1970-01-01 00:00:00.000013789,-0.079179
1970-01-01 00:00:00.000013790,-0.079507
1970-01-01 00:00:00.000013791,-0.079844
1970-01-01 00:00:00.000013792,-0.080145
1970-01-01 00:00:00.000013793,-0.080442
1970-01-01 00:00:00.000013794,-0.080765
1970-01-01 00:00:00.000013795,-0.081092
1970-01-01 00:00:00.000013796,-0.081442
1970-01-01 00:00:00.000013797,-0.081828
1970-01-01 00:00:00.000013798,-0.082206
1970-01-01 00:00:00.000013799,-0.082506
1970-01-01 00:00:00.000013800,-0.08277
1970-01-01 00:00:00.000013801,-0.082841
1970-01-01 00:00:00.000013802,-0.082734
1970-01-01 00:00:00.000013803,-0.082539
1970-01-01 00:00:00.000013804,-0.082219
1970-01-01 00:00:00.000013805,-0.081826
1970-01-01 00:00:00.000013806,-0.081485
1970-01-01 00:00:00.000013807,-0.0810169999999999
1970-01-01 00:00:00.000013808,-0.080411
1970-01-01 00:00:00.000013809,-0.079702
1970-01-01 00:00:00.000013810,-0.079039
1970-01-01 00:00:00.000013811,-0.078345
1970-01-01 00:00:00.000013812,-0.077672
1970-01-01 00:00:00.000013813,-0.077095
1970-01-01 00:00:00.000013814,-0.076439
1970-01-01 00:00:00.000013815,-0.075835
1970-01-01 00:00:00.000013816,-0.0752309999999999
1970-01-01 00:00:00.000013817,-0.074748
1970-01-01 00:00:00.000013818,-0.074431
1970-01-01 00:00:00.000013819,-0.074222
1970-01-01 00:00:00.000013820,-0.074027
1970-01-01 00:00:00.000013821,-0.073651
1970-01-01 00:00:00.000013822,-0.073202
1970-01-01 00:00:00.000013823,-0.072771
1970-01-01 00:00:00.000013824,-0.072318
1970-01-01 00:00:00.000013825,-0.071868
1970-01-01 00:00:00.000013826,-0.071519
1970-01-01 00:00:00.000013827,-0.071221
1970-01-01 00:00:00.000013828,-0.070999
1970-01-01 00:00:00.000013829,-0.070827
1970-01-01 00:00:00.000013830,-0.070676
1970-01-01 00:00:00.000013831,-0.07065
1970-01-01 00:00:00.000013832,-0.070454
1970-01-01 00:00:00.000013833,-0.06995
1970-01-01 00:00:00.000013834,-0.06926
1970-01-01 00:00:00.000013835,-0.069016
1970-01-01 00:00:00.000013836,-0.069412
1970-01-01 00:00:00.000013837,-0.069923
1970-01-01 00:00:00.000013838,-0.070225
1970-01-01 00:00:00.000013839,-0.0704
1970-01-01 00:00:00.000013840,-0.070615
1970-01-01 00:00:00.000013841,-0.070931
1970-01-01 00:00:00.000013842,-0.071298
1970-01-01 00:00:00.000013843,-0.071582
1970-01-01 00:00:00.000013844,-0.0718299999999999
1970-01-01 00:00:00.000013845,-0.072017
1970-01-01 00:00:00.000013846,-0.072137
1970-01-01 00:00:00.000013847,-0.0723299999999999
1970-01-01 00:00:00.000013848,-0.072646
1970-01-01 00:00:00.000013849,-0.073134
1970-01-01 00:00:00.000013850,-0.073649
1970-01-01 00:00:00.000013851,-0.074115
1970-01-01 00:00:00.000013852,-0.074501
1970-01-01 00:00:00.000013853,-0.074826
1970-01-01 00:00:00.000013854,-0.075076
1970-01-01 00:00:00.000013855,-0.075279
1970-01-01 00:00:00.000013856,-0.075443
1970-01-01 00:00:00.000013857,-0.075533
1970-01-01 00:00:00.000013858,-0.075658
1970-01-01 00:00:00.000013859,-0.075775
1970-01-01 00:00:00.000013860,-0.075888
1970-01-01 00:00:00.000013861,-0.075983
1970-01-01 00:00:00.000013862,-0.076052
1970-01-01 00:00:00.000013863,-0.076149
1970-01-01 00:00:00.000013864,-0.076282
1970-01-01 00:00:00.000013865,-0.076435
1970-01-01 00:00:00.000013866,-0.076557
1970-01-01 00:00:00.000013867,-0.076636
1970-01-01 00:00:00.000013868,-0.076718
1970-01-01 00:00:00.000013869,-0.0768809999999999
1970-01-01 00:00:00.000013870,-0.077139
1970-01-01 00:00:00.000013871,-0.077395
1970-01-01 00:00:00.000013872,-0.077595
1970-01-01 00:00:00.000013873,-0.077773
1970-01-01 00:00:00.000013874,-0.077942
1970-01-01 00:00:00.000013875,-0.078049
1970-01-01 00:00:00.000013876,-0.078035
1970-01-01 00:00:00.000013877,-0.077998
1970-01-01 00:00:00.000013878,-0.077855
1970-01-01 00:00:00.000013879,-0.077572
1970-01-01 00:00:00.000013880,-0.0773659999999999
1970-01-01 00:00:00.000013881,-0.077259
1970-01-01 00:00:00.000013882,-0.077217
1970-01-01 00:00:00.000013883,-0.077191
1970-01-01 00:00:00.000013884,-0.077041
1970-01-01 00:00:00.000013885,-0.076704
1970-01-01 00:00:00.000013886,-0.076333
1970-01-01 00:00:00.000013887,-0.075903
1970-01-01 00:00:00.000013888,-0.075361
1970-01-01 00:00:00.000013889,-0.0748409999999999
1970-01-01 00:00:00.000013890,-0.074346
1970-01-01 00:00:00.000013891,-0.07395
1970-01-01 00:00:00.000013892,-0.07377
1970-01-01 00:00:00.000013893,-0.073753
1970-01-01 00:00:00.000013894,-0.073751
1970-01-01 00:00:00.000013895,-0.0737
1970-01-01 00:00:00.000013896,-0.073559
1970-01-01 00:00:00.000013897,-0.073304
1970-01-01 00:00:00.000013898,-0.073018
1970-01-01 00:00:00.000013899,-0.072738
1970-01-01 00:00:00.000013900,-0.07243
1970-01-01 00:00:00.000013901,-0.072115
1970-01-01 00:00:00.000013902,-0.071808
1970-01-01 00:00:00.000013903,-0.071555
1970-01-01 00:00:00.000013904,-0.071384
1970-01-01 00:00:00.000013905,-0.0712629999999999
1970-01-01 00:00:00.000013906,-0.071236
1970-01-01 00:00:00.000013907,-0.071344
1970-01-01 00:00:00.000013908,-0.071491
1970-01-01 00:00:00.000013909,-0.071551
1970-01-01 00:00:00.000013910,-0.071626
1970-01-01 00:00:00.000013911,-0.071864
1970-01-01 00:00:00.000013912,-0.072322
1970-01-01 00:00:00.000013913,-0.0730389999999999
1970-01-01 00:00:00.000013914,-0.073952
1970-01-01 00:00:00.000013915,-0.07479
1970-01-01 00:00:00.000013916,-0.07544
1970-01-01 00:00:00.000013917,-0.075882
1970-01-01 00:00:00.000013918,-0.076293
1970-01-01 00:00:00.000013919,-0.076724
1970-01-01 00:00:00.000013920,-0.077049
1970-01-01 00:00:00.000013921,-0.077231
1970-01-01 00:00:00.000013922,-0.077264
1970-01-01 00:00:00.000013923,-0.0773399999999999
1970-01-01 00:00:00.000013924,-0.077486
1970-01-01 00:00:00.000013925,-0.077759
1970-01-01 00:00:00.000013926,-0.078096
1970-01-01 00:00:00.000013927,-0.078435
1970-01-01 00:00:00.000013928,-0.07873
1970-01-01 00:00:00.000013929,-0.078958
1970-01-01 00:00:00.000013930,-0.07917
1970-01-01 00:00:00.000013931,-0.079438
1970-01-01 00:00:00.000013932,-0.079703
1970-01-01 00:00:00.000013933,-0.079938
1970-01-01 00:00:00.000013934,-0.080167
1970-01-01 00:00:00.000013935,-0.0804179999999999
1970-01-01 00:00:00.000013936,-0.080573
1970-01-01 00:00:00.000013937,-0.080627
1970-01-01 00:00:00.000013938,-0.080596
1970-01-01 00:00:00.000013939,-0.080522
1970-01-01 00:00:00.000013940,-0.0803909999999999
1970-01-01 00:00:00.000013941,-0.0801149999999999
1970-01-01 00:00:00.000013942,-0.079799
1970-01-01 00:00:00.000013943,-0.079468
1970-01-01 00:00:00.000013944,-0.079288
1970-01-01 00:00:00.000013945,-0.079299
1970-01-01 00:00:00.000013946,-0.079397
1970-01-01 00:00:00.000013947,-0.079486
1970-01-01 00:00:00.000013948,-0.079621
1970-01-01 00:00:00.000013949,-0.0798659999999999
1970-01-01 00:00:00.000013950,-0.080231
1970-01-01 00:00:00.000013951,-0.080676
1970-01-01 00:00:00.000013952,-0.081109
1970-01-01 00:00:00.000013953,-0.081447
1970-01-01 00:00:00.000013954,-0.081631
1970-01-01 00:00:00.000013955,-0.081666
1970-01-01 00:00:00.000013956,-0.081678
1970-01-01 00:00:00.000013957,-0.081692
1970-01-01 00:00:00.000013958,-0.081639
1970-01-01 00:00:00.000013959,-0.081561
1970-01-01 00:00:00.000013960,-0.0815299999999999
1970-01-01 00:00:00.000013961,-0.081602
1970-01-01 00:00:00.000013962,-0.081744
1970-01-01 00:00:00.000013963,-0.081898
1970-01-01 00:00:00.000013964,-0.082083
1970-01-01 00:00:00.000013965,-0.082223
1970-01-01 00:00:00.000013966,-0.082296
1970-01-01 00:00:00.000013967,-0.082379
1970-01-01 00:00:00.000013968,-0.082451
1970-01-01 00:00:00.000013969,-0.08244
1970-01-01 00:00:00.000013970,-0.082387
1970-01-01 00:00:00.000013971,-0.082244
1970-01-01 00:00:00.000013972,-0.0819039999999999
1970-01-01 00:00:00.000013973,-0.081513
1970-01-01 00:00:00.000013974,-0.081058
1970-01-01 00:00:00.000013975,-0.080456
1970-01-01 00:00:00.000013976,-0.079756
1970-01-01 00:00:00.000013977,-0.07886
1970-01-01 00:00:00.000013978,-0.077798
1970-01-01 00:00:00.000013979,-0.076653
1970-01-01 00:00:00.000013980,-0.075575
1970-01-01 00:00:00.000013981,-0.074472
1970-01-01 00:00:00.000013982,-0.0731909999999999
1970-01-01 00:00:00.000013983,-0.071676
1970-01-01 00:00:00.000013984,-0.070075
1970-01-01 00:00:00.000013985,-0.068505
1970-01-01 00:00:00.000013986,-0.067027
1970-01-01 00:00:00.000013987,-0.065782
1970-01-01 00:00:00.000013988,-0.064911
1970-01-01 00:00:00.000013989,-0.06436
1970-01-01 00:00:00.000013990,-0.064272
1970-01-01 00:00:00.000013991,-0.064502
1970-01-01 00:00:00.000013992,-0.064565
1970-01-01 00:00:00.000013993,-0.064347
1970-01-01 00:00:00.000013994,-0.064035
1970-01-01 00:00:00.000013995,-0.0642539999999999
1970-01-01 00:00:00.000013996,-0.065135
1970-01-01 00:00:00.000013997,-0.066407
1970-01-01 00:00:00.000013998,-0.067915
1970-01-01 00:00:00.000013999,-0.069411
1970-01-01 00:00:00.000014000,-0.070815
1970-01-01 00:00:00.000014001,-0.071965
1970-01-01 00:00:00.000014002,-0.073077
1970-01-01 00:00:00.000014003,-0.074023
1970-01-01 00:00:00.000014004,-0.074874
1970-01-01 00:00:00.000014005,-0.075766
1970-01-01 00:00:00.000014006,-0.076762
1970-01-01 00:00:00.000014007,-0.0777559999999999
1970-01-01 00:00:00.000014008,-0.07871
1970-01-01 00:00:00.000014009,-0.079582
1970-01-01 00:00:00.000014010,-0.080486
1970-01-01 00:00:00.000014011,-0.081336
1970-01-01 00:00:00.000014012,-0.082241
1970-01-01 00:00:00.000014013,-0.082888
1970-01-01 00:00:00.000014014,-0.083197
1970-01-01 00:00:00.000014015,-0.08333
1970-01-01 00:00:00.000014016,-0.083366
1970-01-01 00:00:00.000014017,-0.0832909999999999
1970-01-01 00:00:00.000014018,-0.083073
1970-01-01 00:00:00.000014019,-0.082851
1970-01-01 00:00:00.000014020,-0.082698
1970-01-01 00:00:00.000014021,-0.082725
1970-01-01 00:00:00.000014022,-0.082884
1970-01-01 00:00:00.000014023,-0.083023
1970-01-01 00:00:00.000014024,-0.08313
1970-01-01 00:00:00.000014025,-0.083156
1970-01-01 00:00:00.000014026,-0.083236
1970-01-01 00:00:00.000014027,-0.083449
1970-01-01 00:00:00.000014028,-0.083685
1970-01-01 00:00:00.000014029,-0.083964
1970-01-01 00:00:00.000014030,-0.084346
1970-01-01 00:00:00.000014031,-0.084752
1970-01-01 00:00:00.000014032,-0.085216
1970-01-01 00:00:00.000014033,-0.0857769999999999
1970-01-01 00:00:00.000014034,-0.086425
1970-01-01 00:00:00.000014035,-0.087043
1970-01-01 00:00:00.000014036,-0.087538
1970-01-01 00:00:00.000014037,-0.087906
1970-01-01 00:00:00.000014038,-0.088166
1970-01-01 00:00:00.000014039,-0.088367
1970-01-01 00:00:00.000014040,-0.088496
1970-01-01 00:00:00.000014041,-0.088497
1970-01-01 00:00:00.000014042,-0.088416
1970-01-01 00:00:00.000014043,-0.088298
1970-01-01 00:00:00.000014044,-0.0881059999999999
1970-01-01 00:00:00.000014045,-0.087785
1970-01-01 00:00:00.000014046,-0.087379
1970-01-01 00:00:00.000014047,-0.0869549999999999
1970-01-01 00:00:00.000014048,-0.0865
1970-01-01 00:00:00.000014049,-0.086031
1970-01-01 00:00:00.000014050,-0.085559
1970-01-01 00:00:00.000014051,-0.085145
1970-01-01 00:00:00.000014052,-0.084695
1970-01-01 00:00:00.000014053,-0.0841929999999999
1970-01-01 00:00:00.000014054,-0.083702
1970-01-01 00:00:00.000014055,-0.0832059999999999
1970-01-01 00:00:00.000014056,-0.082661
1970-01-01 00:00:00.000014057,-0.082166
1970-01-01 00:00:00.000014058,-0.0816799999999999
1970-01-01 00:00:00.000014059,-0.081214
1970-01-01 00:00:00.000014060,-0.0808509999999999
1970-01-01 00:00:00.000014061,-0.080491
1970-01-01 00:00:00.000014062,-0.080139
1970-01-01 00:00:00.000014063,-0.079867
1970-01-01 00:00:00.000014064,-0.079608
1970-01-01 00:00:00.000014065,-0.079291
1970-01-01 00:00:00.000014066,-0.078855
1970-01-01 00:00:00.000014067,-0.078414
1970-01-01 00:00:00.000014068,-0.078009
1970-01-01 00:00:00.000014069,-0.077578
1970-01-01 00:00:00.000014070,-0.077035
1970-01-01 00:00:00.000014071,-0.07645
1970-01-01 00:00:00.000014072,-0.075944
1970-01-01 00:00:00.000014073,-0.075589
1970-01-01 00:00:00.000014074,-0.075337
1970-01-01 00:00:00.000014075,-0.075132
1970-01-01 00:00:00.000014076,-0.074971
1970-01-01 00:00:00.000014077,-0.074929
1970-01-01 00:00:00.000014078,-0.07503
1970-01-01 00:00:00.000014079,-0.075083
1970-01-01 00:00:00.000014080,-0.075067
1970-01-01 00:00:00.000014081,-0.075024
1970-01-01 00:00:00.000014082,-0.0749399999999999
1970-01-01 00:00:00.000014083,-0.074876
1970-01-01 00:00:00.000014084,-0.074866
1970-01-01 00:00:00.000014085,-0.074911
1970-01-01 00:00:00.000014086,-0.0749389999999999
1970-01-01 00:00:00.000014087,-0.074864
1970-01-01 00:00:00.000014088,-0.074737
1970-01-01 00:00:00.000014089,-0.074519
1970-01-01 00:00:00.000014090,-0.074311
1970-01-01 00:00:00.000014091,-0.074084
1970-01-01 00:00:00.000014092,-0.073772
1970-01-01 00:00:00.000014093,-0.073383
1970-01-01 00:00:00.000014094,-0.072887
1970-01-01 00:00:00.000014095,-0.072405
1970-01-01 00:00:00.000014096,-0.071939
1970-01-01 00:00:00.000014097,-0.071458
1970-01-01 00:00:00.000014098,-0.070962
1970-01-01 00:00:00.000014099,-0.070477
1970-01-01 00:00:00.000014100,-0.0700549999999999
1970-01-01 00:00:00.000014101,-0.069633
1970-01-01 00:00:00.000014102,-0.069285
1970-01-01 00:00:00.000014103,-0.068959
1970-01-01 00:00:00.000014104,-0.068727
1970-01-01 00:00:00.000014105,-0.0687059999999999
1970-01-01 00:00:00.000014106,-0.068845
1970-01-01 00:00:00.000014107,-0.069066
1970-01-01 00:00:00.000014108,-0.06951
1970-01-01 00:00:00.000014109,-0.070007
1970-01-01 00:00:00.000014110,-0.070493
1970-01-01 00:00:00.000014111,-0.070989
1970-01-01 00:00:00.000014112,-0.071344
1970-01-01 00:00:00.000014113,-0.071618
1970-01-01 00:00:00.000014114,-0.071863
1970-01-01 00:00:00.000014115,-0.072036
1970-01-01 00:00:00.000014116,-0.07214
1970-01-01 00:00:00.000014117,-0.07219
1970-01-01 00:00:00.000014118,-0.072119
1970-01-01 00:00:00.000014119,-0.072037
1970-01-01 00:00:00.000014120,-0.071922
1970-01-01 00:00:00.000014121,-0.071898
1970-01-01 00:00:00.000014122,-0.072071
1970-01-01 00:00:00.000014123,-0.072381
1970-01-01 00:00:00.000014124,-0.072749
1970-01-01 00:00:00.000014125,-0.073067
1970-01-01 00:00:00.000014126,-0.073299
1970-01-01 00:00:00.000014127,-0.07345
1970-01-01 00:00:00.000014128,-0.0735649999999999
1970-01-01 00:00:00.000014129,-0.073653
1970-01-01 00:00:00.000014130,-0.073679
1970-01-01 00:00:00.000014131,-0.0737299999999999
1970-01-01 00:00:00.000014132,-0.073759
1970-01-01 00:00:00.000014133,-0.073804
1970-01-01 00:00:00.000014134,-0.073882
1970-01-01 00:00:00.000014135,-0.073911
1970-01-01 00:00:00.000014136,-0.073846
1970-01-01 00:00:00.000014137,-0.073733
1970-01-01 00:00:00.000014138,-0.07371
1970-01-01 00:00:00.000014139,-0.073948
1970-01-01 00:00:00.000014140,-0.0745059999999999
1970-01-01 00:00:00.000014141,-0.075147
1970-01-01 00:00:00.000014142,-0.075767
1970-01-01 00:00:00.000014143,-0.076665
1970-01-01 00:00:00.000014144,-0.077908
1970-01-01 00:00:00.000014145,-0.07918
1970-01-01 00:00:00.000014146,-0.080071
1970-01-01 00:00:00.000014147,-0.080399
1970-01-01 00:00:00.000014148,-0.08022
1970-01-01 00:00:00.000014149,-0.079776
1970-01-01 00:00:00.000014150,-0.079455
1970-01-01 00:00:00.000014151,-0.079184
1970-01-01 00:00:00.000014152,-0.078783
1970-01-01 00:00:00.000014153,-0.078211
1970-01-01 00:00:00.000014154,-0.077543
1970-01-01 00:00:00.000014155,-0.077013
1970-01-01 00:00:00.000014156,-0.0767159999999999
1970-01-01 00:00:00.000014157,-0.076502
1970-01-01 00:00:00.000014158,-0.0762159999999999
1970-01-01 00:00:00.000014159,-0.075829
1970-01-01 00:00:00.000014160,-0.075352
1970-01-01 00:00:00.000014161,-0.074875
1970-01-01 00:00:00.000014162,-0.074402
1970-01-01 00:00:00.000014163,-0.073962
1970-01-01 00:00:00.000014164,-0.073595
1970-01-01 00:00:00.000014165,-0.073293
1970-01-01 00:00:00.000014166,-0.073015
1970-01-01 00:00:00.000014167,-0.072768
1970-01-01 00:00:00.000014168,-0.072559
1970-01-01 00:00:00.000014169,-0.072391
1970-01-01 00:00:00.000014170,-0.072227
1970-01-01 00:00:00.000014171,-0.0720799999999999
1970-01-01 00:00:00.000014172,-0.071826
1970-01-01 00:00:00.000014173,-0.0715539999999999
1970-01-01 00:00:00.000014174,-0.071302
1970-01-01 00:00:00.000014175,-0.071115
1970-01-01 00:00:00.000014176,-0.071062
1970-01-01 00:00:00.000014177,-0.071062
1970-01-01 00:00:00.000014178,-0.07114
1970-01-01 00:00:00.000014179,-0.071199
1970-01-01 00:00:00.000014180,-0.071313
1970-01-01 00:00:00.000014181,-0.071642
1970-01-01 00:00:00.000014182,-0.072064
1970-01-01 00:00:00.000014183,-0.072507
1970-01-01 00:00:00.000014184,-0.07285
1970-01-01 00:00:00.000014185,-0.073123
1970-01-01 00:00:00.000014186,-0.0733159999999999
1970-01-01 00:00:00.000014187,-0.073456
1970-01-01 00:00:00.000014188,-0.073649
1970-01-01 00:00:00.000014189,-0.0738679999999999
1970-01-01 00:00:00.000014190,-0.074033
1970-01-01 00:00:00.000014191,-0.074071
1970-01-01 00:00:00.000014192,-0.073973
1970-01-01 00:00:00.000014193,-0.073746
1970-01-01 00:00:00.000014194,-0.073479
1970-01-01 00:00:00.000014195,-0.073176
1970-01-01 00:00:00.000014196,-0.072805
1970-01-01 00:00:00.000014197,-0.072369
1970-01-01 00:00:00.000014198,-0.071999
1970-01-01 00:00:00.000014199,-0.071641
1970-01-01 00:00:00.000014200,-0.071189
1970-01-01 00:00:00.000014201,-0.070846
1970-01-01 00:00:00.000014202,-0.0705549999999999
1970-01-01 00:00:00.000014203,-0.07023
1970-01-01 00:00:00.000014204,-0.070025
1970-01-01 00:00:00.000014205,-0.069941
1970-01-01 00:00:00.000014206,-0.069957
1970-01-01 00:00:00.000014207,-0.069987
1970-01-01 00:00:00.000014208,-0.069925
1970-01-01 00:00:00.000014209,-0.069734
1970-01-01 00:00:00.000014210,-0.069575
1970-01-01 00:00:00.000014211,-0.069452
1970-01-01 00:00:00.000014212,-0.069289
1970-01-01 00:00:00.000014213,-0.0691529999999999
1970-01-01 00:00:00.000014214,-0.069048
1970-01-01 00:00:00.000014215,-0.069094
1970-01-01 00:00:00.000014216,-0.069362
1970-01-01 00:00:00.000014217,-0.069678
1970-01-01 00:00:00.000014218,-0.069997
1970-01-01 00:00:00.000014219,-0.070286
1970-01-01 00:00:00.000014220,-0.0705539999999999
1970-01-01 00:00:00.000014221,-0.070882
1970-01-01 00:00:00.000014222,-0.071148
1970-01-01 00:00:00.000014223,-0.071322
1970-01-01 00:00:00.000014224,-0.071484
1970-01-01 00:00:00.000014225,-0.071594
1970-01-01 00:00:00.000014226,-0.071645
1970-01-01 00:00:00.000014227,-0.071662
1970-01-01 00:00:00.000014228,-0.0716649999999999
1970-01-01 00:00:00.000014229,-0.071608
1970-01-01 00:00:00.000014230,-0.071495
1970-01-01 00:00:00.000014231,-0.071427
1970-01-01 00:00:00.000014232,-0.0713309999999999
1970-01-01 00:00:00.000014233,-0.071282
1970-01-01 00:00:00.000014234,-0.071256
1970-01-01 00:00:00.000014235,-0.071211
1970-01-01 00:00:00.000014236,-0.071171
1970-01-01 00:00:00.000014237,-0.071062
1970-01-01 00:00:00.000014238,-0.070868
1970-01-01 00:00:00.000014239,-0.070696
1970-01-01 00:00:00.000014240,-0.070685
1970-01-01 00:00:00.000014241,-0.070905
1970-01-01 00:00:00.000014242,-0.071485
1970-01-01 00:00:00.000014243,-0.072148
1970-01-01 00:00:00.000014244,-0.0727179999999999
1970-01-01 00:00:00.000014245,-0.0731059999999999
1970-01-01 00:00:00.000014246,-0.073271
1970-01-01 00:00:00.000014247,-0.07329
1970-01-01 00:00:00.000014248,-0.073232
1970-01-01 00:00:00.000014249,-0.073249
1970-01-01 00:00:00.000014250,-0.073249
1970-01-01 00:00:00.000014251,-0.073083
1970-01-01 00:00:00.000014252,-0.072809
1970-01-01 00:00:00.000014253,-0.072412
1970-01-01 00:00:00.000014254,-0.071922
1970-01-01 00:00:00.000014255,-0.071458
1970-01-01 00:00:00.000014256,-0.070971
1970-01-01 00:00:00.000014257,-0.070509
1970-01-01 00:00:00.000014258,-0.070168
1970-01-01 00:00:00.000014259,-0.069888
1970-01-01 00:00:00.000014260,-0.069578
1970-01-01 00:00:00.000014261,-0.06928
1970-01-01 00:00:00.000014262,-0.069006
1970-01-01 00:00:00.000014263,-0.0688049999999999
1970-01-01 00:00:00.000014264,-0.068702
1970-01-01 00:00:00.000014265,-0.068611
1970-01-01 00:00:00.000014266,-0.068559
1970-01-01 00:00:00.000014267,-0.06857
1970-01-01 00:00:00.000014268,-0.068651
1970-01-01 00:00:00.000014269,-0.06874
1970-01-01 00:00:00.000014270,-0.068875
1970-01-01 00:00:00.000014271,-0.068987
1970-01-01 00:00:00.000014272,-0.069063
1970-01-01 00:00:00.000014273,-0.069093
1970-01-01 00:00:00.000014274,-0.069097
1970-01-01 00:00:00.000014275,-0.069057
1970-01-01 00:00:00.000014276,-0.068984
1970-01-01 00:00:00.000014277,-0.068919
1970-01-01 00:00:00.000014278,-0.068829
1970-01-01 00:00:00.000014279,-0.068726
1970-01-01 00:00:00.000014280,-0.068672
1970-01-01 00:00:00.000014281,-0.068544
1970-01-01 00:00:00.000014282,-0.068438
1970-01-01 00:00:00.000014283,-0.068276
1970-01-01 00:00:00.000014284,-0.068187
1970-01-01 00:00:00.000014285,-0.068188
1970-01-01 00:00:00.000014286,-0.068224
1970-01-01 00:00:00.000014287,-0.068349
1970-01-01 00:00:00.000014288,-0.068609
1970-01-01 00:00:00.000014289,-0.068989
1970-01-01 00:00:00.000014290,-0.069486
1970-01-01 00:00:00.000014291,-0.07003
1970-01-01 00:00:00.000014292,-0.070542
1970-01-01 00:00:00.000014293,-0.071021
1970-01-01 00:00:00.000014294,-0.07146
1970-01-01 00:00:00.000014295,-0.071769
1970-01-01 00:00:00.000014296,-0.071822
1970-01-01 00:00:00.000014297,-0.071684
1970-01-01 00:00:00.000014298,-0.071517
1970-01-01 00:00:00.000014299,-0.071452
1970-01-01 00:00:00.000014300,-0.07122
1970-01-01 00:00:00.000014301,-0.070744
1970-01-01 00:00:00.000014302,-0.070299
1970-01-01 00:00:00.000014303,-0.070157
1970-01-01 00:00:00.000014304,-0.070188
1970-01-01 00:00:00.000014305,-0.070011
1970-01-01 00:00:00.000014306,-0.069513
1970-01-01 00:00:00.000014307,-0.068657
1970-01-01 00:00:00.000014308,-0.067683
1970-01-01 00:00:00.000014309,-0.06684
1970-01-01 00:00:00.000014310,-0.06619
1970-01-01 00:00:00.000014311,-0.0656419999999999
1970-01-01 00:00:00.000014312,-0.0651429999999999
1970-01-01 00:00:00.000014313,-0.064898
1970-01-01 00:00:00.000014314,-0.065013
1970-01-01 00:00:00.000014315,-0.065505
1970-01-01 00:00:00.000014316,-0.066115
1970-01-01 00:00:00.000014317,-0.066592
1970-01-01 00:00:00.000014318,-0.066857
1970-01-01 00:00:00.000014319,-0.067121
1970-01-01 00:00:00.000014320,-0.067472
1970-01-01 00:00:00.000014321,-0.067753
1970-01-01 00:00:00.000014322,-0.067845
1970-01-01 00:00:00.000014323,-0.067804
1970-01-01 00:00:00.000014324,-0.067698
1970-01-01 00:00:00.000014325,-0.0676539999999999
1970-01-01 00:00:00.000014326,-0.067495
1970-01-01 00:00:00.000014327,-0.067226
1970-01-01 00:00:00.000014328,-0.066863
1970-01-01 00:00:00.000014329,-0.066596
1970-01-01 00:00:00.000014330,-0.066506
1970-01-01 00:00:00.000014331,-0.066473
1970-01-01 00:00:00.000014332,-0.06649
1970-01-01 00:00:00.000014333,-0.066584
1970-01-01 00:00:00.000014334,-0.066689
1970-01-01 00:00:00.000014335,-0.066838
1970-01-01 00:00:00.000014336,-0.06696
1970-01-01 00:00:00.000014337,-0.067058
1970-01-01 00:00:00.000014338,-0.067138
1970-01-01 00:00:00.000014339,-0.067138
1970-01-01 00:00:00.000014340,-0.067149
1970-01-01 00:00:00.000014341,-0.0672649999999999
1970-01-01 00:00:00.000014342,-0.067466
1970-01-01 00:00:00.000014343,-0.067598
1970-01-01 00:00:00.000014344,-0.0676409999999999
1970-01-01 00:00:00.000014345,-0.0676809999999999
1970-01-01 00:00:00.000014346,-0.067811
1970-01-01 00:00:00.000014347,-0.068137
1970-01-01 00:00:00.000014348,-0.068577
1970-01-01 00:00:00.000014349,-0.069008
1970-01-01 00:00:00.000014350,-0.069359
1970-01-01 00:00:00.000014351,-0.069562
1970-01-01 00:00:00.000014352,-0.0695539999999999
1970-01-01 00:00:00.000014353,-0.069614
1970-01-01 00:00:00.000014354,-0.06973
1970-01-01 00:00:00.000014355,-0.070069
1970-01-01 00:00:00.000014356,-0.070411
1970-01-01 00:00:00.000014357,-0.070641
1970-01-01 00:00:00.000014358,-0.070774
1970-01-01 00:00:00.000014359,-0.070921
1970-01-01 00:00:00.000014360,-0.071038
1970-01-01 00:00:00.000014361,-0.071146
1970-01-01 00:00:00.000014362,-0.071242
1970-01-01 00:00:00.000014363,-0.07135
1970-01-01 00:00:00.000014364,-0.0714809999999999
1970-01-01 00:00:00.000014365,-0.07166
1970-01-01 00:00:00.000014366,-0.071846
1970-01-01 00:00:00.000014367,-0.072073
1970-01-01 00:00:00.000014368,-0.072328
1970-01-01 00:00:00.000014369,-0.072611
1970-01-01 00:00:00.000014370,-0.072818
1970-01-01 00:00:00.000014371,-0.0729
1970-01-01 00:00:00.000014372,-0.072985
1970-01-01 00:00:00.000014373,-0.073035
1970-01-01 00:00:00.000014374,-0.073097
1970-01-01 00:00:00.000014375,-0.073198
1970-01-01 00:00:00.000014376,-0.073281
1970-01-01 00:00:00.000014377,-0.073363
1970-01-01 00:00:00.000014378,-0.073428
1970-01-01 00:00:00.000014379,-0.073512
1970-01-01 00:00:00.000014380,-0.073547
1970-01-01 00:00:00.000014381,-0.0737029999999999
1970-01-01 00:00:00.000014382,-0.0738809999999999
1970-01-01 00:00:00.000014383,-0.0740909999999999
1970-01-01 00:00:00.000014384,-0.074401
1970-01-01 00:00:00.000014385,-0.074886
1970-01-01 00:00:00.000014386,-0.075513
1970-01-01 00:00:00.000014387,-0.076115
1970-01-01 00:00:00.000014388,-0.076583
1970-01-01 00:00:00.000014389,-0.077054
1970-01-01 00:00:00.000014390,-0.077659
1970-01-01 00:00:00.000014391,-0.078127
1970-01-01 00:00:00.000014392,-0.078601
1970-01-01 00:00:00.000014393,-0.07896
1970-01-01 00:00:00.000014394,-0.079075
1970-01-01 00:00:00.000014395,-0.07906
1970-01-01 00:00:00.000014396,-0.078912
1970-01-01 00:00:00.000014397,-0.078758
1970-01-01 00:00:00.000014398,-0.078667
1970-01-01 00:00:00.000014399,-0.078596
1970-01-01 00:00:00.000014400,-0.078429
1970-01-01 00:00:00.000014401,-0.078093
1970-01-01 00:00:00.000014402,-0.077613
1970-01-01 00:00:00.000014403,-0.07708
1970-01-01 00:00:00.000014404,-0.076579
1970-01-01 00:00:00.000014405,-0.076134
1970-01-01 00:00:00.000014406,-0.0757289999999999
1970-01-01 00:00:00.000014407,-0.075366
1970-01-01 00:00:00.000014408,-0.075024
1970-01-01 00:00:00.000014409,-0.074752
1970-01-01 00:00:00.000014410,-0.074535
1970-01-01 00:00:00.000014411,-0.074348
1970-01-01 00:00:00.000014412,-0.074152
1970-01-01 00:00:00.000014413,-0.073878
1970-01-01 00:00:00.000014414,-0.073521
1970-01-01 00:00:00.000014415,-0.073012
1970-01-01 00:00:00.000014416,-0.072503
1970-01-01 00:00:00.000014417,-0.072049
1970-01-01 00:00:00.000014418,-0.071697
1970-01-01 00:00:00.000014419,-0.071332
1970-01-01 00:00:00.000014420,-0.070965
1970-01-01 00:00:00.000014421,-0.070574
1970-01-01 00:00:00.000014422,-0.070167
1970-01-01 00:00:00.000014423,-0.069845
1970-01-01 00:00:00.000014424,-0.069585
1970-01-01 00:00:00.000014425,-0.06925
1970-01-01 00:00:00.000014426,-0.068972
1970-01-01 00:00:00.000014427,-0.068732
1970-01-01 00:00:00.000014428,-0.068454
1970-01-01 00:00:00.000014429,-0.068174
1970-01-01 00:00:00.000014430,-0.06784
1970-01-01 00:00:00.000014431,-0.067469
1970-01-01 00:00:00.000014432,-0.067174
1970-01-01 00:00:00.000014433,-0.067107
1970-01-01 00:00:00.000014434,-0.067427
1970-01-01 00:00:00.000014435,-0.068108
1970-01-01 00:00:00.000014436,-0.0689559999999999
1970-01-01 00:00:00.000014437,-0.069814
1970-01-01 00:00:00.000014438,-0.070633
1970-01-01 00:00:00.000014439,-0.071333
1970-01-01 00:00:00.000014440,-0.071891
1970-01-01 00:00:00.000014441,-0.0722889999999999
1970-01-01 00:00:00.000014442,-0.072537
1970-01-01 00:00:00.000014443,-0.072641
1970-01-01 00:00:00.000014444,-0.072679
1970-01-01 00:00:00.000014445,-0.072602
1970-01-01 00:00:00.000014446,-0.072423
1970-01-01 00:00:00.000014447,-0.072213
1970-01-01 00:00:00.000014448,-0.072042
1970-01-01 00:00:00.000014449,-0.071886
1970-01-01 00:00:00.000014450,-0.071658
1970-01-01 00:00:00.000014451,-0.0714429999999999
1970-01-01 00:00:00.000014452,-0.07125
1970-01-01 00:00:00.000014453,-0.071153
1970-01-01 00:00:00.000014454,-0.071181
1970-01-01 00:00:00.000014455,-0.071186
1970-01-01 00:00:00.000014456,-0.071225
1970-01-01 00:00:00.000014457,-0.071291
1970-01-01 00:00:00.000014458,-0.071411
1970-01-01 00:00:00.000014459,-0.071634
1970-01-01 00:00:00.000014460,-0.071848
1970-01-01 00:00:00.000014461,-0.071986
1970-01-01 00:00:00.000014462,-0.072083
1970-01-01 00:00:00.000014463,-0.072018
1970-01-01 00:00:00.000014464,-0.07192
1970-01-01 00:00:00.000014465,-0.07175
1970-01-01 00:00:00.000014466,-0.071448
1970-01-01 00:00:00.000014467,-0.071021
1970-01-01 00:00:00.000014468,-0.070556
1970-01-01 00:00:00.000014469,-0.070019
1970-01-01 00:00:00.000014470,-0.069361
1970-01-01 00:00:00.000014471,-0.06876
1970-01-01 00:00:00.000014472,-0.068159
1970-01-01 00:00:00.000014473,-0.067551
1970-01-01 00:00:00.000014474,-0.067108
1970-01-01 00:00:00.000014475,-0.066746
1970-01-01 00:00:00.000014476,-0.066368
1970-01-01 00:00:00.000014477,-0.0661799999999999
1970-01-01 00:00:00.000014478,-0.066085
1970-01-01 00:00:00.000014479,-0.0659059999999999
1970-01-01 00:00:00.000014480,-0.06561
1970-01-01 00:00:00.000014481,-0.06516
1970-01-01 00:00:00.000014482,-0.064748
1970-01-01 00:00:00.000014483,-0.064549
1970-01-01 00:00:00.000014484,-0.0644909999999999
1970-01-01 00:00:00.000014485,-0.0645309999999999
1970-01-01 00:00:00.000014486,-0.064569
1970-01-01 00:00:00.000014487,-0.064554
1970-01-01 00:00:00.000014488,-0.06444
1970-01-01 00:00:00.000014489,-0.064207
1970-01-01 00:00:00.000014490,-0.063965
1970-01-01 00:00:00.000014491,-0.063842
1970-01-01 00:00:00.000014492,-0.063917
1970-01-01 00:00:00.000014493,-0.064252
1970-01-01 00:00:00.000014494,-0.064731
1970-01-01 00:00:00.000014495,-0.0652539999999999
1970-01-01 00:00:00.000014496,-0.065744
1970-01-01 00:00:00.000014497,-0.066346
1970-01-01 00:00:00.000014498,-0.067103
1970-01-01 00:00:00.000014499,-0.067822
1970-01-01 00:00:00.000014500,-0.068383
1970-01-01 00:00:00.000014501,-0.068809
1970-01-01 00:00:00.000014502,-0.0691259999999999
1970-01-01 00:00:00.000014503,-0.069301
1970-01-01 00:00:00.000014504,-0.069373
1970-01-01 00:00:00.000014505,-0.069397
1970-01-01 00:00:00.000014506,-0.069437
1970-01-01 00:00:00.000014507,-0.069536
1970-01-01 00:00:00.000014508,-0.069603
1970-01-01 00:00:00.000014509,-0.069586
1970-01-01 00:00:00.000014510,-0.069467
1970-01-01 00:00:00.000014511,-0.06929
1970-01-01 00:00:00.000014512,-0.069155
1970-01-01 00:00:00.000014513,-0.069072
1970-01-01 00:00:00.000014514,-0.069109
1970-01-01 00:00:00.000014515,-0.069213
1970-01-01 00:00:00.000014516,-0.0692909999999999
1970-01-01 00:00:00.000014517,-0.069345
1970-01-01 00:00:00.000014518,-0.069309
1970-01-01 00:00:00.000014519,-0.069279
1970-01-01 00:00:00.000014520,-0.069211
1970-01-01 00:00:00.000014521,-0.069143
1970-01-01 00:00:00.000014522,-0.069047
1970-01-01 00:00:00.000014523,-0.06882
1970-01-01 00:00:00.000014524,-0.0685419999999999
1970-01-01 00:00:00.000014525,-0.068342
1970-01-01 00:00:00.000014526,-0.068457
1970-01-01 00:00:00.000014527,-0.069024
1970-01-01 00:00:00.000014528,-0.069709
1970-01-01 00:00:00.000014529,-0.07031
1970-01-01 00:00:00.000014530,-0.070961
1970-01-01 00:00:00.000014531,-0.071574
1970-01-01 00:00:00.000014532,-0.072051
1970-01-01 00:00:00.000014533,-0.072379
1970-01-01 00:00:00.000014534,-0.072749
1970-01-01 00:00:00.000014535,-0.073192
1970-01-01 00:00:00.000014536,-0.073582
1970-01-01 00:00:00.000014537,-0.07384
1970-01-01 00:00:00.000014538,-0.074028
1970-01-01 00:00:00.000014539,-0.074141
1970-01-01 00:00:00.000014540,-0.0741899999999999
1970-01-01 00:00:00.000014541,-0.074303
1970-01-01 00:00:00.000014542,-0.074385
1970-01-01 00:00:00.000014543,-0.07441
1970-01-01 00:00:00.000014544,-0.07446
1970-01-01 00:00:00.000014545,-0.0744789999999999
1970-01-01 00:00:00.000014546,-0.074455
1970-01-01 00:00:00.000014547,-0.074323
1970-01-01 00:00:00.000014548,-0.07415
1970-01-01 00:00:00.000014549,-0.074034
1970-01-01 00:00:00.000014550,-0.073875
1970-01-01 00:00:00.000014551,-0.073732
1970-01-01 00:00:00.000014552,-0.0735929999999999
1970-01-01 00:00:00.000014553,-0.07347
1970-01-01 00:00:00.000014554,-0.073366
1970-01-01 00:00:00.000014555,-0.073244
1970-01-01 00:00:00.000014556,-0.073094
1970-01-01 00:00:00.000014557,-0.072982
1970-01-01 00:00:00.000014558,-0.072919
1970-01-01 00:00:00.000014559,-0.072838
1970-01-01 00:00:00.000014560,-0.072766
1970-01-01 00:00:00.000014561,-0.072732
1970-01-01 00:00:00.000014562,-0.0727
1970-01-01 00:00:00.000014563,-0.072676
1970-01-01 00:00:00.000014564,-0.072728
1970-01-01 00:00:00.000014565,-0.072787
1970-01-01 00:00:00.000014566,-0.072822
1970-01-01 00:00:00.000014567,-0.072949
1970-01-01 00:00:00.000014568,-0.073025
1970-01-01 00:00:00.000014569,-0.073152
1970-01-01 00:00:00.000014570,-0.073192
1970-01-01 00:00:00.000014571,-0.072994
1970-01-01 00:00:00.000014572,-0.072611
1970-01-01 00:00:00.000014573,-0.07231
1970-01-01 00:00:00.000014574,-0.072188
1970-01-01 00:00:00.000014575,-0.072163
1970-01-01 00:00:00.000014576,-0.0722039999999999
1970-01-01 00:00:00.000014577,-0.0721639999999999
1970-01-01 00:00:00.000014578,-0.072088
1970-01-01 00:00:00.000014579,-0.072031
1970-01-01 00:00:00.000014580,-0.071966
1970-01-01 00:00:00.000014581,-0.071855
1970-01-01 00:00:00.000014582,-0.071667
1970-01-01 00:00:00.000014583,-0.071434
1970-01-01 00:00:00.000014584,-0.071176
1970-01-01 00:00:00.000014585,-0.070898
1970-01-01 00:00:00.000014586,-0.070566
1970-01-01 00:00:00.000014587,-0.070273
1970-01-01 00:00:00.000014588,-0.069891
1970-01-01 00:00:00.000014589,-0.0694029999999999
1970-01-01 00:00:00.000014590,-0.0689
1970-01-01 00:00:00.000014591,-0.068557
1970-01-01 00:00:00.000014592,-0.06825
1970-01-01 00:00:00.000014593,-0.0679179999999999
1970-01-01 00:00:00.000014594,-0.067696
1970-01-01 00:00:00.000014595,-0.067566
1970-01-01 00:00:00.000014596,-0.067464
1970-01-01 00:00:00.000014597,-0.067384
1970-01-01 00:00:00.000014598,-0.0673309999999999
1970-01-01 00:00:00.000014599,-0.067367
1970-01-01 00:00:00.000014600,-0.067566
1970-01-01 00:00:00.000014601,-0.067736
1970-01-01 00:00:00.000014602,-0.0678049999999999
1970-01-01 00:00:00.000014603,-0.067817
1970-01-01 00:00:00.000014604,-0.067774
1970-01-01 00:00:00.000014605,-0.067688
1970-01-01 00:00:00.000014606,-0.067617
1970-01-01 00:00:00.000014607,-0.067505
1970-01-01 00:00:00.000014608,-0.067356
1970-01-01 00:00:00.000014609,-0.067199
1970-01-01 00:00:00.000014610,-0.067093
1970-01-01 00:00:00.000014611,-0.067025
1970-01-01 00:00:00.000014612,-0.066969
1970-01-01 00:00:00.000014613,-0.0668769999999999
1970-01-01 00:00:00.000014614,-0.066803
1970-01-01 00:00:00.000014615,-0.0667659999999999
1970-01-01 00:00:00.000014616,-0.066718
1970-01-01 00:00:00.000014617,-0.066546
1970-01-01 00:00:00.000014618,-0.06624
1970-01-01 00:00:00.000014619,-0.065951
1970-01-01 00:00:00.000014620,-0.06582
1970-01-01 00:00:00.000014621,-0.065895
1970-01-01 00:00:00.000014622,-0.065988
1970-01-01 00:00:00.000014623,-0.066248
1970-01-01 00:00:00.000014624,-0.066598
1970-01-01 00:00:00.000014625,-0.066973
1970-01-01 00:00:00.000014626,-0.067357
1970-01-01 00:00:00.000014627,-0.067665
1970-01-01 00:00:00.000014628,-0.067929
1970-01-01 00:00:00.000014629,-0.068123
1970-01-01 00:00:00.000014630,-0.0682909999999999
1970-01-01 00:00:00.000014631,-0.068402
1970-01-01 00:00:00.000014632,-0.068482
1970-01-01 00:00:00.000014633,-0.068615
1970-01-01 00:00:00.000014634,-0.068705
1970-01-01 00:00:00.000014635,-0.0686679999999999
1970-01-01 00:00:00.000014636,-0.068642
1970-01-01 00:00:00.000014637,-0.068647
1970-01-01 00:00:00.000014638,-0.068583
1970-01-01 00:00:00.000014639,-0.0685549999999999
1970-01-01 00:00:00.000014640,-0.068609
1970-01-01 00:00:00.000014641,-0.0686929999999999
1970-01-01 00:00:00.000014642,-0.068843
1970-01-01 00:00:00.000014643,-0.0691
1970-01-01 00:00:00.000014644,-0.069419
1970-01-01 00:00:00.000014645,-0.069836
1970-01-01 00:00:00.000014646,-0.0704679999999999
1970-01-01 00:00:00.000014647,-0.071094
1970-01-01 00:00:00.000014648,-0.071587
1970-01-01 00:00:00.000014649,-0.072015
1970-01-01 00:00:00.000014650,-0.072433
1970-01-01 00:00:00.000014651,-0.07276
1970-01-01 00:00:00.000014652,-0.072939
1970-01-01 00:00:00.000014653,-0.072931
1970-01-01 00:00:00.000014654,-0.0727429999999999
1970-01-01 00:00:00.000014655,-0.072435
1970-01-01 00:00:00.000014656,-0.072137
1970-01-01 00:00:00.000014657,-0.071917
1970-01-01 00:00:00.000014658,-0.071792
1970-01-01 00:00:00.000014659,-0.071671
1970-01-01 00:00:00.000014660,-0.071395
1970-01-01 00:00:00.000014661,-0.071001
1970-01-01 00:00:00.000014662,-0.070697
1970-01-01 00:00:00.000014663,-0.070409
1970-01-01 00:00:00.000014664,-0.070216
1970-01-01 00:00:00.000014665,-0.070223
1970-01-01 00:00:00.000014666,-0.07031
1970-01-01 00:00:00.000014667,-0.070376
1970-01-01 00:00:00.000014668,-0.070473
1970-01-01 00:00:00.000014669,-0.070586
1970-01-01 00:00:00.000014670,-0.07061
1970-01-01 00:00:00.000014671,-0.07051
1970-01-01 00:00:00.000014672,-0.070395
1970-01-01 00:00:00.000014673,-0.0703029999999999
1970-01-01 00:00:00.000014674,-0.070187
1970-01-01 00:00:00.000014675,-0.070072
1970-01-01 00:00:00.000014676,-0.069971
1970-01-01 00:00:00.000014677,-0.06962
1970-01-01 00:00:00.000014678,-0.06932
1970-01-01 00:00:00.000014679,-0.068919
1970-01-01 00:00:00.000014680,-0.0685549999999999
1970-01-01 00:00:00.000014681,-0.068303
1970-01-01 00:00:00.000014682,-0.06779
1970-01-01 00:00:00.000014683,-0.06709
1970-01-01 00:00:00.000014684,-0.066572
1970-01-01 00:00:00.000014685,-0.066209
1970-01-01 00:00:00.000014686,-0.065966
1970-01-01 00:00:00.000014687,-0.065707
1970-01-01 00:00:00.000014688,-0.065402
1970-01-01 00:00:00.000014689,-0.065047
1970-01-01 00:00:00.000014690,-0.064883
1970-01-01 00:00:00.000014691,-0.064954
1970-01-01 00:00:00.000014692,-0.065249
1970-01-01 00:00:00.000014693,-0.065648
1970-01-01 00:00:00.000014694,-0.0661269999999999
1970-01-01 00:00:00.000014695,-0.066709
1970-01-01 00:00:00.000014696,-0.067332
1970-01-01 00:00:00.000014697,-0.067975
1970-01-01 00:00:00.000014698,-0.068631
1970-01-01 00:00:00.000014699,-0.069228
1970-01-01 00:00:00.000014700,-0.069709
1970-01-01 00:00:00.000014701,-0.0700399999999999
1970-01-01 00:00:00.000014702,-0.070396
1970-01-01 00:00:00.000014703,-0.070808
1970-01-01 00:00:00.000014704,-0.0713299999999999
1970-01-01 00:00:00.000014705,-0.071908
1970-01-01 00:00:00.000014706,-0.072448
1970-01-01 00:00:00.000014707,-0.073031
1970-01-01 00:00:00.000014708,-0.0735659999999999
1970-01-01 00:00:00.000014709,-0.074025
1970-01-01 00:00:00.000014710,-0.074358
1970-01-01 00:00:00.000014711,-0.07452
1970-01-01 00:00:00.000014712,-0.07453
1970-01-01 00:00:00.000014713,-0.074416
1970-01-01 00:00:00.000014714,-0.074082
1970-01-01 00:00:00.000014715,-0.0736
1970-01-01 00:00:00.000014716,-0.073117
1970-01-01 00:00:00.000014717,-0.072689
1970-01-01 00:00:00.000014718,-0.072272
1970-01-01 00:00:00.000014719,-0.071787
1970-01-01 00:00:00.000014720,-0.071163
1970-01-01 00:00:00.000014721,-0.070355
1970-01-01 00:00:00.000014722,-0.069383
1970-01-01 00:00:00.000014723,-0.0685419999999999
1970-01-01 00:00:00.000014724,-0.067963
1970-01-01 00:00:00.000014725,-0.06742
1970-01-01 00:00:00.000014726,-0.066935
1970-01-01 00:00:00.000014727,-0.066698
1970-01-01 00:00:00.000014728,-0.0666929999999999
1970-01-01 00:00:00.000014729,-0.066798
1970-01-01 00:00:00.000014730,-0.066822
1970-01-01 00:00:00.000014731,-0.066758
1970-01-01 00:00:00.000014732,-0.066598
1970-01-01 00:00:00.000014733,-0.066297
1970-01-01 00:00:00.000014734,-0.065915
1970-01-01 00:00:00.000014735,-0.065563
1970-01-01 00:00:00.000014736,-0.065277
1970-01-01 00:00:00.000014737,-0.065105
1970-01-01 00:00:00.000014738,-0.065103
1970-01-01 00:00:00.000014739,-0.065464
1970-01-01 00:00:00.000014740,-0.066036
1970-01-01 00:00:00.000014741,-0.066487
1970-01-01 00:00:00.000014742,-0.066633
1970-01-01 00:00:00.000014743,-0.066473
1970-01-01 00:00:00.000014744,-0.066234
1970-01-01 00:00:00.000014745,-0.065896
1970-01-01 00:00:00.000014746,-0.06555
1970-01-01 00:00:00.000014747,-0.065298
1970-01-01 00:00:00.000014748,-0.06498
1970-01-01 00:00:00.000014749,-0.064707
1970-01-01 00:00:00.000014750,-0.064606
1970-01-01 00:00:00.000014751,-0.06464
1970-01-01 00:00:00.000014752,-0.064833
1970-01-01 00:00:00.000014753,-0.065308
1970-01-01 00:00:00.000014754,-0.065871
1970-01-01 00:00:00.000014755,-0.066452
1970-01-01 00:00:00.000014756,-0.066999
1970-01-01 00:00:00.000014757,-0.067494
1970-01-01 00:00:00.000014758,-0.067968
1970-01-01 00:00:00.000014759,-0.068439
1970-01-01 00:00:00.000014760,-0.0690009999999999
1970-01-01 00:00:00.000014761,-0.069657
1970-01-01 00:00:00.000014762,-0.070321
1970-01-01 00:00:00.000014763,-0.070898
1970-01-01 00:00:00.000014764,-0.071314
1970-01-01 00:00:00.000014765,-0.071627
1970-01-01 00:00:00.000014766,-0.071712
1970-01-01 00:00:00.000014767,-0.071851
1970-01-01 00:00:00.000014768,-0.071998
1970-01-01 00:00:00.000014769,-0.072018
1970-01-01 00:00:00.000014770,-0.0718419999999999
1970-01-01 00:00:00.000014771,-0.071854
1970-01-01 00:00:00.000014772,-0.071708
1970-01-01 00:00:00.000014773,-0.071512
1970-01-01 00:00:00.000014774,-0.07136
1970-01-01 00:00:00.000014775,-0.071119
1970-01-01 00:00:00.000014776,-0.070854
1970-01-01 00:00:00.000014777,-0.0705809999999999
1970-01-01 00:00:00.000014778,-0.070235
1970-01-01 00:00:00.000014779,-0.069712
1970-01-01 00:00:00.000014780,-0.068939
1970-01-01 00:00:00.000014781,-0.067954
1970-01-01 00:00:00.000014782,-0.066867
1970-01-01 00:00:00.000014783,-0.06577
1970-01-01 00:00:00.000014784,-0.064714
1970-01-01 00:00:00.000014785,-0.063704
1970-01-01 00:00:00.000014786,-0.062696
1970-01-01 00:00:00.000014787,-0.061627
1970-01-01 00:00:00.000014788,-0.060632
1970-01-01 00:00:00.000014789,-0.0597759999999999
1970-01-01 00:00:00.000014790,-0.0589159999999999
1970-01-01 00:00:00.000014791,-0.058171
1970-01-01 00:00:00.000014792,-0.057536
1970-01-01 00:00:00.000014793,-0.056967
1970-01-01 00:00:00.000014794,-0.0564669999999999
1970-01-01 00:00:00.000014795,-0.055998
1970-01-01 00:00:00.000014796,-0.055559
1970-01-01 00:00:00.000014797,-0.055082
1970-01-01 00:00:00.000014798,-0.0544799999999999
1970-01-01 00:00:00.000014799,-0.053804
1970-01-01 00:00:00.000014800,-0.053333
1970-01-01 00:00:00.000014801,-0.053121
1970-01-01 00:00:00.000014802,-0.052987
1970-01-01 00:00:00.000014803,-0.052901
1970-01-01 00:00:00.000014804,-0.052874
1970-01-01 00:00:00.000014805,-0.0529179999999999
1970-01-01 00:00:00.000014806,-0.053035
1970-01-01 00:00:00.000014807,-0.053227
1970-01-01 00:00:00.000014808,-0.053471
1970-01-01 00:00:00.000014809,-0.053706
1970-01-01 00:00:00.000014810,-0.053932
1970-01-01 00:00:00.000014811,-0.0541279999999999
1970-01-01 00:00:00.000014812,-0.054326
1970-01-01 00:00:00.000014813,-0.0545299999999999
1970-01-01 00:00:00.000014814,-0.05472
1970-01-01 00:00:00.000014815,-0.054869
1970-01-01 00:00:00.000014816,-0.055082
1970-01-01 00:00:00.000014817,-0.055297
1970-01-01 00:00:00.000014818,-0.055458
1970-01-01 00:00:00.000014819,-0.055573
1970-01-01 00:00:00.000014820,-0.055625
1970-01-01 00:00:00.000014821,-0.055649
1970-01-01 00:00:00.000014822,-0.055697
1970-01-01 00:00:00.000014823,-0.055744
1970-01-01 00:00:00.000014824,-0.0558139999999999
1970-01-01 00:00:00.000014825,-0.05587
1970-01-01 00:00:00.000014826,-0.055885
1970-01-01 00:00:00.000014827,-0.055883
1970-01-01 00:00:00.000014828,-0.055833
1970-01-01 00:00:00.000014829,-0.05575
1970-01-01 00:00:00.000014830,-0.055601
1970-01-01 00:00:00.000014831,-0.055317
1970-01-01 00:00:00.000014832,-0.054995
1970-01-01 00:00:00.000014833,-0.05474
1970-01-01 00:00:00.000014834,-0.054651
1970-01-01 00:00:00.000014835,-0.054586
1970-01-01 00:00:00.000014836,-0.0545309999999999
1970-01-01 00:00:00.000014837,-0.054515
1970-01-01 00:00:00.000014838,-0.054719
1970-01-01 00:00:00.000014839,-0.0553009999999999
1970-01-01 00:00:00.000014840,-0.056034
1970-01-01 00:00:00.000014841,-0.056785
1970-01-01 00:00:00.000014842,-0.057507
1970-01-01 00:00:00.000014843,-0.058151
1970-01-01 00:00:00.000014844,-0.058486
1970-01-01 00:00:00.000014845,-0.058614
1970-01-01 00:00:00.000014846,-0.058749
1970-01-01 00:00:00.000014847,-0.05902
1970-01-01 00:00:00.000014848,-0.059387
1970-01-01 00:00:00.000014849,-0.059815
1970-01-01 00:00:00.000014850,-0.060159
1970-01-01 00:00:00.000014851,-0.060459
1970-01-01 00:00:00.000014852,-0.060877
1970-01-01 00:00:00.000014853,-0.061305
1970-01-01 00:00:00.000014854,-0.061575
1970-01-01 00:00:00.000014855,-0.061787
1970-01-01 00:00:00.000014856,-0.062023
1970-01-01 00:00:00.000014857,-0.0622049999999999
1970-01-01 00:00:00.000014858,-0.0624799999999999
1970-01-01 00:00:00.000014859,-0.062778
1970-01-01 00:00:00.000014860,-0.062926
1970-01-01 00:00:00.000014861,-0.063076
1970-01-01 00:00:00.000014862,-0.063132
1970-01-01 00:00:00.000014863,-0.063174
1970-01-01 00:00:00.000014864,-0.063191
1970-01-01 00:00:00.000014865,-0.0631559999999999
1970-01-01 00:00:00.000014866,-0.063107
1970-01-01 00:00:00.000014867,-0.062898
1970-01-01 00:00:00.000014868,-0.062558
1970-01-01 00:00:00.000014869,-0.062248
1970-01-01 00:00:00.000014870,-0.061997
1970-01-01 00:00:00.000014871,-0.061706
1970-01-01 00:00:00.000014872,-0.061283
1970-01-01 00:00:00.000014873,-0.060858
1970-01-01 00:00:00.000014874,-0.060582
1970-01-01 00:00:00.000014875,-0.060402
1970-01-01 00:00:00.000014876,-0.060207
1970-01-01 00:00:00.000014877,-0.0599049999999999
1970-01-01 00:00:00.000014878,-0.0596029999999999
1970-01-01 00:00:00.000014879,-0.059404
1970-01-01 00:00:00.000014880,-0.059258
1970-01-01 00:00:00.000014881,-0.059177
1970-01-01 00:00:00.000014882,-0.059096
1970-01-01 00:00:00.000014883,-0.059108
1970-01-01 00:00:00.000014884,-0.059225
1970-01-01 00:00:00.000014885,-0.059374
1970-01-01 00:00:00.000014886,-0.0594559999999999
1970-01-01 00:00:00.000014887,-0.0595039999999999
1970-01-01 00:00:00.000014888,-0.059538
1970-01-01 00:00:00.000014889,-0.0595169999999999
1970-01-01 00:00:00.000014890,-0.059472
1970-01-01 00:00:00.000014891,-0.059576
1970-01-01 00:00:00.000014892,-0.059724
1970-01-01 00:00:00.000014893,-0.059925
1970-01-01 00:00:00.000014894,-0.0602549999999999
1970-01-01 00:00:00.000014895,-0.060601
1970-01-01 00:00:00.000014896,-0.0609559999999999
1970-01-01 00:00:00.000014897,-0.061364
1970-01-01 00:00:00.000014898,-0.061709
1970-01-01 00:00:00.000014899,-0.062057
1970-01-01 00:00:00.000014900,-0.062449
1970-01-01 00:00:00.000014901,-0.0628529999999999
1970-01-01 00:00:00.000014902,-0.063257
1970-01-01 00:00:00.000014903,-0.063537
1970-01-01 00:00:00.000014904,-0.063649
1970-01-01 00:00:00.000014905,-0.06362
1970-01-01 00:00:00.000014906,-0.0634769999999999
1970-01-01 00:00:00.000014907,-0.063201
1970-01-01 00:00:00.000014908,-0.062824
1970-01-01 00:00:00.000014909,-0.062429
1970-01-01 00:00:00.000014910,-0.0620419999999999
1970-01-01 00:00:00.000014911,-0.061683
1970-01-01 00:00:00.000014912,-0.061376
1970-01-01 00:00:00.000014913,-0.061271
1970-01-01 00:00:00.000014914,-0.061335
1970-01-01 00:00:00.000014915,-0.061499
1970-01-01 00:00:00.000014916,-0.0617169999999999
1970-01-01 00:00:00.000014917,-0.061961
1970-01-01 00:00:00.000014918,-0.06221
1970-01-01 00:00:00.000014919,-0.0625039999999999
1970-01-01 00:00:00.000014920,-0.062838
1970-01-01 00:00:00.000014921,-0.063139
1970-01-01 00:00:00.000014922,-0.063337
1970-01-01 00:00:00.000014923,-0.063475
1970-01-01 00:00:00.000014924,-0.063535
1970-01-01 00:00:00.000014925,-0.063627
1970-01-01 00:00:00.000014926,-0.063672
1970-01-01 00:00:00.000014927,-0.0636429999999999
1970-01-01 00:00:00.000014928,-0.063437
1970-01-01 00:00:00.000014929,-0.063057
1970-01-01 00:00:00.000014930,-0.062611
1970-01-01 00:00:00.000014931,-0.062107
1970-01-01 00:00:00.000014932,-0.061562
1970-01-01 00:00:00.000014933,-0.060998
1970-01-01 00:00:00.000014934,-0.06044
1970-01-01 00:00:00.000014935,-0.060013
1970-01-01 00:00:00.000014936,-0.059826
1970-01-01 00:00:00.000014937,-0.059807
1970-01-01 00:00:00.000014938,-0.0599809999999999
1970-01-01 00:00:00.000014939,-0.060214
1970-01-01 00:00:00.000014940,-0.060563
1970-01-01 00:00:00.000014941,-0.060936
1970-01-01 00:00:00.000014942,-0.0613159999999999
1970-01-01 00:00:00.000014943,-0.061783
1970-01-01 00:00:00.000014944,-0.0622309999999999
1970-01-01 00:00:00.000014945,-0.062571
1970-01-01 00:00:00.000014946,-0.062827
1970-01-01 00:00:00.000014947,-0.062925
1970-01-01 00:00:00.000014948,-0.062954
1970-01-01 00:00:00.000014949,-0.062921
1970-01-01 00:00:00.000014950,-0.062848
1970-01-01 00:00:00.000014951,-0.062721
1970-01-01 00:00:00.000014952,-0.062555
1970-01-01 00:00:00.000014953,-0.062422
1970-01-01 00:00:00.000014954,-0.0623
1970-01-01 00:00:00.000014955,-0.0621419999999999
1970-01-01 00:00:00.000014956,-0.0620549999999999
1970-01-01 00:00:00.000014957,-0.0620659999999999
1970-01-01 00:00:00.000014958,-0.062227
1970-01-01 00:00:00.000014959,-0.062528
1970-01-01 00:00:00.000014960,-0.0630169999999999
1970-01-01 00:00:00.000014961,-0.063751
1970-01-01 00:00:00.000014962,-0.064542
1970-01-01 00:00:00.000014963,-0.065166
1970-01-01 00:00:00.000014964,-0.065474
1970-01-01 00:00:00.000014965,-0.065605
1970-01-01 00:00:00.000014966,-0.06577
1970-01-01 00:00:00.000014967,-0.065863
1970-01-01 00:00:00.000014968,-0.06587
1970-01-01 00:00:00.000014969,-0.065799
1970-01-01 00:00:00.000014970,-0.065621
1970-01-01 00:00:00.000014971,-0.065413
1970-01-01 00:00:00.000014972,-0.065186
1970-01-01 00:00:00.000014973,-0.064979
1970-01-01 00:00:00.000014974,-0.064749
1970-01-01 00:00:00.000014975,-0.064437
1970-01-01 00:00:00.000014976,-0.063983
1970-01-01 00:00:00.000014977,-0.0634779999999999
1970-01-01 00:00:00.000014978,-0.063194
1970-01-01 00:00:00.000014979,-0.062985
1970-01-01 00:00:00.000014980,-0.062774
1970-01-01 00:00:00.000014981,-0.062749
1970-01-01 00:00:00.000014982,-0.06284
1970-01-01 00:00:00.000014983,-0.062889
1970-01-01 00:00:00.000014984,-0.062993
1970-01-01 00:00:00.000014985,-0.063013
1970-01-01 00:00:00.000014986,-0.063032
1970-01-01 00:00:00.000014987,-0.063113
1970-01-01 00:00:00.000014988,-0.063209
1970-01-01 00:00:00.000014989,-0.063164
1970-01-01 00:00:00.000014990,-0.062986
1970-01-01 00:00:00.000014991,-0.06282
1970-01-01 00:00:00.000014992,-0.062687
1970-01-01 00:00:00.000014993,-0.062662
1970-01-01 00:00:00.000014994,-0.062634
1970-01-01 00:00:00.000014995,-0.06267
1970-01-01 00:00:00.000014996,-0.062824
1970-01-01 00:00:00.000014997,-0.063039
1970-01-01 00:00:00.000014998,-0.06334
1970-01-01 00:00:00.000014999,-0.063707
1970-01-01 00:00:00.000015000,-0.064123
1970-01-01 00:00:00.000015001,-0.064581
1970-01-01 00:00:00.000015002,-0.065053
1970-01-01 00:00:00.000015003,-0.0655429999999999
1970-01-01 00:00:00.000015004,-0.065994
1970-01-01 00:00:00.000015005,-0.066447
1970-01-01 00:00:00.000015006,-0.066947
1970-01-01 00:00:00.000015007,-0.067498
1970-01-01 00:00:00.000015008,-0.068092
1970-01-01 00:00:00.000015009,-0.0687
1970-01-01 00:00:00.000015010,-0.069213
1970-01-01 00:00:00.000015011,-0.069714
1970-01-01 00:00:00.000015012,-0.070245
1970-01-01 00:00:00.000015013,-0.070784
1970-01-01 00:00:00.000015014,-0.071295
1970-01-01 00:00:00.000015015,-0.07177
1970-01-01 00:00:00.000015016,-0.072208
1970-01-01 00:00:00.000015017,-0.072638
1970-01-01 00:00:00.000015018,-0.073018
1970-01-01 00:00:00.000015019,-0.073314
1970-01-01 00:00:00.000015020,-0.073534
1970-01-01 00:00:00.000015021,-0.073727
1970-01-01 00:00:00.000015022,-0.073884
1970-01-01 00:00:00.000015023,-0.0739549999999999
1970-01-01 00:00:00.000015024,-0.073963
1970-01-01 00:00:00.000015025,-0.0739539999999999
1970-01-01 00:00:00.000015026,-0.0739679999999999
1970-01-01 00:00:00.000015027,-0.073972
1970-01-01 00:00:00.000015028,-0.07399
1970-01-01 00:00:00.000015029,-0.074014
1970-01-01 00:00:00.000015030,-0.073923
1970-01-01 00:00:00.000015031,-0.073764
1970-01-01 00:00:00.000015032,-0.073611
1970-01-01 00:00:00.000015033,-0.073551
1970-01-01 00:00:00.000015034,-0.073451
1970-01-01 00:00:00.000015035,-0.0733419999999999
1970-01-01 00:00:00.000015036,-0.0731769999999999
1970-01-01 00:00:00.000015037,-0.0729929999999999
1970-01-01 00:00:00.000015038,-0.072832
1970-01-01 00:00:00.000015039,-0.0727169999999999
1970-01-01 00:00:00.000015040,-0.0726179999999999
1970-01-01 00:00:00.000015041,-0.072542
1970-01-01 00:00:00.000015042,-0.072528
1970-01-01 00:00:00.000015043,-0.07254
1970-01-01 00:00:00.000015044,-0.072608
1970-01-01 00:00:00.000015045,-0.0727039999999999
1970-01-01 00:00:00.000015046,-0.072824
1970-01-01 00:00:00.000015047,-0.072912
1970-01-01 00:00:00.000015048,-0.073029
1970-01-01 00:00:00.000015049,-0.073182
1970-01-01 00:00:00.000015050,-0.073338
1970-01-01 00:00:00.000015051,-0.073466
1970-01-01 00:00:00.000015052,-0.073462
1970-01-01 00:00:00.000015053,-0.073471
1970-01-01 00:00:00.000015054,-0.073476
1970-01-01 00:00:00.000015055,-0.073437
1970-01-01 00:00:00.000015056,-0.073385
1970-01-01 00:00:00.000015057,-0.073409
1970-01-01 00:00:00.000015058,-0.073363
1970-01-01 00:00:00.000015059,-0.073172
1970-01-01 00:00:00.000015060,-0.073015
1970-01-01 00:00:00.000015061,-0.072884
1970-01-01 00:00:00.000015062,-0.072724
1970-01-01 00:00:00.000015063,-0.072561
1970-01-01 00:00:00.000015064,-0.07241
1970-01-01 00:00:00.000015065,-0.0722309999999999
1970-01-01 00:00:00.000015066,-0.072022
1970-01-01 00:00:00.000015067,-0.0719669999999999
1970-01-01 00:00:00.000015068,-0.071975
1970-01-01 00:00:00.000015069,-0.071891
1970-01-01 00:00:00.000015070,-0.071778
1970-01-01 00:00:00.000015071,-0.071671
1970-01-01 00:00:00.000015072,-0.071513
1970-01-01 00:00:00.000015073,-0.071273
1970-01-01 00:00:00.000015074,-0.071047
1970-01-01 00:00:00.000015075,-0.070752
1970-01-01 00:00:00.000015076,-0.07037
1970-01-01 00:00:00.000015077,-0.070052
1970-01-01 00:00:00.000015078,-0.069719
1970-01-01 00:00:00.000015079,-0.069369
1970-01-01 00:00:00.000015080,-0.069135
1970-01-01 00:00:00.000015081,-0.068918
1970-01-01 00:00:00.000015082,-0.0687059999999999
1970-01-01 00:00:00.000015083,-0.068525
1970-01-01 00:00:00.000015084,-0.068342
1970-01-01 00:00:00.000015085,-0.068142
1970-01-01 00:00:00.000015086,-0.067947
1970-01-01 00:00:00.000015087,-0.067757
1970-01-01 00:00:00.000015088,-0.067572
1970-01-01 00:00:00.000015089,-0.06745
1970-01-01 00:00:00.000015090,-0.067372
1970-01-01 00:00:00.000015091,-0.067398
1970-01-01 00:00:00.000015092,-0.0674429999999999
1970-01-01 00:00:00.000015093,-0.067549
1970-01-01 00:00:00.000015094,-0.067848
1970-01-01 00:00:00.000015095,-0.068234
1970-01-01 00:00:00.000015096,-0.068665
1970-01-01 00:00:00.000015097,-0.0691809999999999
1970-01-01 00:00:00.000015098,-0.069744
1970-01-01 00:00:00.000015099,-0.070168
1970-01-01 00:00:00.000015100,-0.0705399999999999
1970-01-01 00:00:00.000015101,-0.070876
1970-01-01 00:00:00.000015102,-0.0711919999999999
1970-01-01 00:00:00.000015103,-0.071604
1970-01-01 00:00:00.000015104,-0.072232
1970-01-01 00:00:00.000015105,-0.0729409999999999
1970-01-01 00:00:00.000015106,-0.073622
1970-01-01 00:00:00.000015107,-0.07432
1970-01-01 00:00:00.000015108,-0.074999
1970-01-01 00:00:00.000015109,-0.075736
1970-01-01 00:00:00.000015110,-0.076388
1970-01-01 00:00:00.000015111,-0.0768659999999999
1970-01-01 00:00:00.000015112,-0.07718
1970-01-01 00:00:00.000015113,-0.0774789999999999
1970-01-01 00:00:00.000015114,-0.0776039999999999
1970-01-01 00:00:00.000015115,-0.077516
1970-01-01 00:00:00.000015116,-0.077127
1970-01-01 00:00:00.000015117,-0.07647
1970-01-01 00:00:00.000015118,-0.075395
1970-01-01 00:00:00.000015119,-0.07395
1970-01-01 00:00:00.000015120,-0.071958
1970-01-01 00:00:00.000015121,-0.069372
1970-01-01 00:00:00.000015122,-0.06612
1970-01-01 00:00:00.000015123,-0.0623549999999999
1970-01-01 00:00:00.000015124,-0.058507
1970-01-01 00:00:00.000015125,-0.05479
1970-01-01 00:00:00.000015126,-0.051482
1970-01-01 00:00:00.000015127,-0.048214
1970-01-01 00:00:00.000015128,-0.044363
1970-01-01 00:00:00.000015129,-0.039991
1970-01-01 00:00:00.000015130,-0.034994
1970-01-01 00:00:00.000015131,-0.029688
1970-01-01 00:00:00.000015132,-0.025041
1970-01-01 00:00:00.000015133,-0.022007
1970-01-01 00:00:00.000015134,-0.019874
1970-01-01 00:00:00.000015135,-0.017251
1970-01-01 00:00:00.000015136,-0.0135979999999999
1970-01-01 00:00:00.000015137,-0.009999
1970-01-01 00:00:00.000015138,-0.007798
1970-01-01 00:00:00.000015139,-0.007183
1970-01-01 00:00:00.000015140,-0.008353
1970-01-01 00:00:00.000015141,-0.01067
1970-01-01 00:00:00.000015142,-0.01314
1970-01-01 00:00:00.000015143,-0.015063
1970-01-01 00:00:00.000015144,-0.016546
1970-01-01 00:00:00.000015145,-0.017946
1970-01-01 00:00:00.000015146,-0.019097
1970-01-01 00:00:00.000015147,-0.019617
1970-01-01 00:00:00.000015148,-0.019436
1970-01-01 00:00:00.000015149,-0.018785
1970-01-01 00:00:00.000015150,-0.017815
1970-01-01 00:00:00.000015151,-0.016684
1970-01-01 00:00:00.000015152,-0.015657
1970-01-01 00:00:00.000015153,-0.014656
1970-01-01 00:00:00.000015154,-0.014265
1970-01-01 00:00:00.000015155,-0.013796
1970-01-01 00:00:00.000015156,-0.013106
1970-01-01 00:00:00.000015157,-0.012357
1970-01-01 00:00:00.000015158,-0.011781
1970-01-01 00:00:00.000015159,-0.01177
1970-01-01 00:00:00.000015160,-0.012681
1970-01-01 00:00:00.000015161,-0.014628
1970-01-01 00:00:00.000015162,-0.016839
1970-01-01 00:00:00.000015163,-0.018584
1970-01-01 00:00:00.000015164,-0.0194039999999999
1970-01-01 00:00:00.000015165,-0.019426
1970-01-01 00:00:00.000015166,-0.019072
1970-01-01 00:00:00.000015167,-0.018486
1970-01-01 00:00:00.000015168,-0.017817
1970-01-01 00:00:00.000015169,-0.017261
1970-01-01 00:00:00.000015170,-0.0167
1970-01-01 00:00:00.000015171,-0.016267
1970-01-01 00:00:00.000015172,-0.016208
1970-01-01 00:00:00.000015173,-0.016786
1970-01-01 00:00:00.000015174,-0.017974
1970-01-01 00:00:00.000015175,-0.019108
1970-01-01 00:00:00.000015176,-0.019886
1970-01-01 00:00:00.000015177,-0.020242
1970-01-01 00:00:00.000015178,-0.020201
1970-01-01 00:00:00.000015179,-0.019957
1970-01-01 00:00:00.000015180,-0.019518
1970-01-01 00:00:00.000015181,-0.019047
1970-01-01 00:00:00.000015182,-0.018352
1970-01-01 00:00:00.000015183,-0.017164
1970-01-01 00:00:00.000015184,-0.015535
1970-01-01 00:00:00.000015185,-0.013553
1970-01-01 00:00:00.000015186,-0.011608
1970-01-01 00:00:00.000015187,-0.009752
1970-01-01 00:00:00.000015188,-0.007459
1970-01-01 00:00:00.000015189,-0.005256
1970-01-01 00:00:00.000015190,-0.002761
1970-01-01 00:00:00.000015191,-0.000586
1970-01-01 00:00:00.000015192,0.0009689999999999
1970-01-01 00:00:00.000015193,0.001525
1970-01-01 00:00:00.000015194,0.000949
1970-01-01 00:00:00.000015195,-0.00043
1970-01-01 00:00:00.000015196,-0.002029
1970-01-01 00:00:00.000015197,-0.003737
1970-01-01 00:00:00.000015198,-0.005553
1970-01-01 00:00:00.000015199,-0.0073
1970-01-01 00:00:00.000015200,-0.00898
1970-01-01 00:00:00.000015201,-0.010487
1970-01-01 00:00:00.000015202,-0.0117069999999999
1970-01-01 00:00:00.000015203,-0.0125659999999999
1970-01-01 00:00:00.000015204,-0.0128949999999999
1970-01-01 00:00:00.000015205,-0.012564
1970-01-01 00:00:00.000015206,-0.011863
1970-01-01 00:00:00.000015207,-0.0111019999999999
1970-01-01 00:00:00.000015208,-0.010459
1970-01-01 00:00:00.000015209,-0.010195
1970-01-01 00:00:00.000015210,-0.010438
1970-01-01 00:00:00.000015211,-0.0113049999999999
1970-01-01 00:00:00.000015212,-0.0124319999999999
1970-01-01 00:00:00.000015213,-0.0136389999999999
1970-01-01 00:00:00.000015214,-0.014828
1970-01-01 00:00:00.000015215,-0.016086
1970-01-01 00:00:00.000015216,-0.017388
1970-01-01 00:00:00.000015217,-0.018665
1970-01-01 00:00:00.000015218,-0.0196539999999999
1970-01-01 00:00:00.000015219,-0.02016
1970-01-01 00:00:00.000015220,-0.0202819999999999
1970-01-01 00:00:00.000015221,-0.020191
1970-01-01 00:00:00.000015222,-0.020026
1970-01-01 00:00:00.000015223,-0.019999
1970-01-01 00:00:00.000015224,-0.020397
1970-01-01 00:00:00.000015225,-0.021307
1970-01-01 00:00:00.000015226,-0.022701
1970-01-01 00:00:00.000015227,-0.024367
1970-01-01 00:00:00.000015228,-0.026106
1970-01-01 00:00:00.000015229,-0.027875
1970-01-01 00:00:00.000015230,-0.029781
1970-01-01 00:00:00.000015231,-0.031577
1970-01-01 00:00:00.000015232,-0.032878
1970-01-01 00:00:00.000015233,-0.033552
1970-01-01 00:00:00.000015234,-0.033873
1970-01-01 00:00:00.000015235,-0.034197
1970-01-01 00:00:00.000015236,-0.034801
1970-01-01 00:00:00.000015237,-0.0356579999999999
1970-01-01 00:00:00.000015238,-0.036567
1970-01-01 00:00:00.000015239,-0.0376639999999999
1970-01-01 00:00:00.000015240,-0.039083
1970-01-01 00:00:00.000015241,-0.040146
1970-01-01 00:00:00.000015242,-0.040698
1970-01-01 00:00:00.000015243,-0.040972
1970-01-01 00:00:00.000015244,-0.041097
1970-01-01 00:00:00.000015245,-0.041214
1970-01-01 00:00:00.000015246,-0.04127
1970-01-01 00:00:00.000015247,-0.041262
1970-01-01 00:00:00.000015248,-0.0411529999999999
1970-01-01 00:00:00.000015249,-0.040638
1970-01-01 00:00:00.000015250,-0.039725
1970-01-01 00:00:00.000015251,-0.038716
1970-01-01 00:00:00.000015252,-0.037941
1970-01-01 00:00:00.000015253,-0.037313
1970-01-01 00:00:00.000015254,-0.036687
1970-01-01 00:00:00.000015255,-0.035998
1970-01-01 00:00:00.000015256,-0.035104
1970-01-01 00:00:00.000015257,-0.033982
1970-01-01 00:00:00.000015258,-0.0326959999999999
1970-01-01 00:00:00.000015259,-0.031334
1970-01-01 00:00:00.000015260,-0.030057
1970-01-01 00:00:00.000015261,-0.029013
1970-01-01 00:00:00.000015262,-0.028173
1970-01-01 00:00:00.000015263,-0.0273579999999999
1970-01-01 00:00:00.000015264,-0.0264589999999999
1970-01-01 00:00:00.000015265,-0.025361
1970-01-01 00:00:00.000015266,-0.024202
1970-01-01 00:00:00.000015267,-0.023221
1970-01-01 00:00:00.000015268,-0.022465
1970-01-01 00:00:00.000015269,-0.021782
1970-01-01 00:00:00.000015270,-0.021086
1970-01-01 00:00:00.000015271,-0.0204659999999999
1970-01-01 00:00:00.000015272,-0.020056
1970-01-01 00:00:00.000015273,-0.01992
1970-01-01 00:00:00.000015274,-0.020079
1970-01-01 00:00:00.000015275,-0.0205169999999999
1970-01-01 00:00:00.000015276,-0.020999
1970-01-01 00:00:00.000015277,-0.021512
1970-01-01 00:00:00.000015278,-0.021763
1970-01-01 00:00:00.000015279,-0.021805
1970-01-01 00:00:00.000015280,-0.022081
1970-01-01 00:00:00.000015281,-0.022581
1970-01-01 00:00:00.000015282,-0.023082
1970-01-01 00:00:00.000015283,-0.023604
1970-01-01 00:00:00.000015284,-0.024104
1970-01-01 00:00:00.000015285,-0.024399
1970-01-01 00:00:00.000015286,-0.024413
1970-01-01 00:00:00.000015287,-0.023991
1970-01-01 00:00:00.000015288,-0.02308
1970-01-01 00:00:00.000015289,-0.021823
1970-01-01 00:00:00.000015290,-0.0204069999999999
1970-01-01 00:00:00.000015291,-0.018824
1970-01-01 00:00:00.000015292,-0.017112
1970-01-01 00:00:00.000015293,-0.015353
1970-01-01 00:00:00.000015294,-0.013951
1970-01-01 00:00:00.000015295,-0.012875
1970-01-01 00:00:00.000015296,-0.011848
1970-01-01 00:00:00.000015297,-0.0109579999999999
1970-01-01 00:00:00.000015298,-0.010327
1970-01-01 00:00:00.000015299,-0.009939
1970-01-01 00:00:00.000015300,-0.009571
1970-01-01 00:00:00.000015301,-0.009249
1970-01-01 00:00:00.000015302,-0.0090829999999999
1970-01-01 00:00:00.000015303,-0.008937
1970-01-01 00:00:00.000015304,-0.008782
1970-01-01 00:00:00.000015305,-0.00861
1970-01-01 00:00:00.000015306,-0.008546
1970-01-01 00:00:00.000015307,-0.008544
1970-01-01 00:00:00.000015308,-0.008397
1970-01-01 00:00:00.000015309,-0.007892
1970-01-01 00:00:00.000015310,-0.0071239999999999
1970-01-01 00:00:00.000015311,-0.006163
1970-01-01 00:00:00.000015312,-0.005149
1970-01-01 00:00:00.000015313,-0.004222
1970-01-01 00:00:00.000015314,-0.0034799999999999
1970-01-01 00:00:00.000015315,-0.003011
1970-01-01 00:00:00.000015316,-0.002829
1970-01-01 00:00:00.000015317,-0.002826
1970-01-01 00:00:00.000015318,-0.002866
1970-01-01 00:00:00.000015319,-0.002799
1970-01-01 00:00:00.000015320,-0.002629
1970-01-01 00:00:00.000015321,-0.002378
1970-01-01 00:00:00.000015322,-0.002124
1970-01-01 00:00:00.000015323,-0.001974
1970-01-01 00:00:00.000015324,-0.001986
1970-01-01 00:00:00.000015325,-0.002075
1970-01-01 00:00:00.000015326,-0.002286
1970-01-01 00:00:00.000015327,-0.0026309999999999
1970-01-01 00:00:00.000015328,-0.00307
1970-01-01 00:00:00.000015329,-0.003559
1970-01-01 00:00:00.000015330,-0.004003
1970-01-01 00:00:00.000015331,-0.004438
1970-01-01 00:00:00.000015332,-0.004993
1970-01-01 00:00:00.000015333,-0.0055049999999999
1970-01-01 00:00:00.000015334,-0.005924
1970-01-01 00:00:00.000015335,-0.006143
1970-01-01 00:00:00.000015336,-0.006156
1970-01-01 00:00:00.000015337,-0.006137
1970-01-01 00:00:00.000015338,-0.006188
1970-01-01 00:00:00.000015339,-0.00634
1970-01-01 00:00:00.000015340,-0.00667
1970-01-01 00:00:00.000015341,-0.007126
1970-01-01 00:00:00.000015342,-0.007591
1970-01-01 00:00:00.000015343,-0.008018
1970-01-01 00:00:00.000015344,-0.00836
1970-01-01 00:00:00.000015345,-0.008555
1970-01-01 00:00:00.000015346,-0.008514
1970-01-01 00:00:00.000015347,-0.008383
1970-01-01 00:00:00.000015348,-0.008201
1970-01-01 00:00:00.000015349,-0.008187
1970-01-01 00:00:00.000015350,-0.008516
1970-01-01 00:00:00.000015351,-0.009042
1970-01-01 00:00:00.000015352,-0.009685
1970-01-01 00:00:00.000015353,-0.010374
1970-01-01 00:00:00.000015354,-0.011032
1970-01-01 00:00:00.000015355,-0.011652
1970-01-01 00:00:00.000015356,-0.012319
1970-01-01 00:00:00.000015357,-0.01294
1970-01-01 00:00:00.000015358,-0.013587
1970-01-01 00:00:00.000015359,-0.014204
1970-01-01 00:00:00.000015360,-0.014756
1970-01-01 00:00:00.000015361,-0.015202
1970-01-01 00:00:00.000015362,-0.01558
1970-01-01 00:00:00.000015363,-0.015915
1970-01-01 00:00:00.000015364,-0.016248
1970-01-01 00:00:00.000015365,-0.016589
1970-01-01 00:00:00.000015366,-0.016856
1970-01-01 00:00:00.000015367,-0.017135
1970-01-01 00:00:00.000015368,-0.017484
1970-01-01 00:00:00.000015369,-0.017946
1970-01-01 00:00:00.000015370,-0.018507
1970-01-01 00:00:00.000015371,-0.01915
1970-01-01 00:00:00.000015372,-0.019847
1970-01-01 00:00:00.000015373,-0.02047
1970-01-01 00:00:00.000015374,-0.020943
1970-01-01 00:00:00.000015375,-0.0211909999999999
1970-01-01 00:00:00.000015376,-0.021332
1970-01-01 00:00:00.000015377,-0.021303
1970-01-01 00:00:00.000015378,-0.021203
1970-01-01 00:00:00.000015379,-0.0211139999999999
1970-01-01 00:00:00.000015380,-0.021129
1970-01-01 00:00:00.000015381,-0.021236
1970-01-01 00:00:00.000015382,-0.021403
1970-01-01 00:00:00.000015383,-0.02158
1970-01-01 00:00:00.000015384,-0.021666
1970-01-01 00:00:00.000015385,-0.021595
1970-01-01 00:00:00.000015386,-0.021428
1970-01-01 00:00:00.000015387,-0.021347
1970-01-01 00:00:00.000015388,-0.021327
1970-01-01 00:00:00.000015389,-0.021388
1970-01-01 00:00:00.000015390,-0.021405
1970-01-01 00:00:00.000015391,-0.021348
1970-01-01 00:00:00.000015392,-0.021291
1970-01-01 00:00:00.000015393,-0.0211449999999999
1970-01-01 00:00:00.000015394,-0.020815
1970-01-01 00:00:00.000015395,-0.0204139999999999
1970-01-01 00:00:00.000015396,-0.019926
1970-01-01 00:00:00.000015397,-0.0193449999999999
1970-01-01 00:00:00.000015398,-0.0187729999999999
1970-01-01 00:00:00.000015399,-0.018137
1970-01-01 00:00:00.000015400,-0.017406
1970-01-01 00:00:00.000015401,-0.016798
1970-01-01 00:00:00.000015402,-0.01644
1970-01-01 00:00:00.000015403,-0.016337
1970-01-01 00:00:00.000015404,-0.016388
1970-01-01 00:00:00.000015405,-0.01642
1970-01-01 00:00:00.000015406,-0.016233
1970-01-01 00:00:00.000015407,-0.015872
1970-01-01 00:00:00.000015408,-0.015358
1970-01-01 00:00:00.000015409,-0.014536
1970-01-01 00:00:00.000015410,-0.013561
1970-01-01 00:00:00.000015411,-0.012559
1970-01-01 00:00:00.000015412,-0.0117209999999999
1970-01-01 00:00:00.000015413,-0.010998
1970-01-01 00:00:00.000015414,-0.010327
1970-01-01 00:00:00.000015415,-0.009805
1970-01-01 00:00:00.000015416,-0.009504
1970-01-01 00:00:00.000015417,-0.009423
1970-01-01 00:00:00.000015418,-0.0094709999999999
1970-01-01 00:00:00.000015419,-0.009448
1970-01-01 00:00:00.000015420,-0.009192
1970-01-01 00:00:00.000015421,-0.008762
1970-01-01 00:00:00.000015422,-0.008241
1970-01-01 00:00:00.000015423,-0.007597
1970-01-01 00:00:00.000015424,-0.006938
1970-01-01 00:00:00.000015425,-0.00625
1970-01-01 00:00:00.000015426,-0.005603
1970-01-01 00:00:00.000015427,-0.005047
1970-01-01 00:00:00.000015428,-0.004738
1970-01-01 00:00:00.000015429,-0.004675
1970-01-01 00:00:00.000015430,-0.004762
1970-01-01 00:00:00.000015431,-0.004874
1970-01-01 00:00:00.000015432,-0.004942
1970-01-01 00:00:00.000015433,-0.004932
1970-01-01 00:00:00.000015434,-0.004847
1970-01-01 00:00:00.000015435,-0.004695
1970-01-01 00:00:00.000015436,-0.00442
1970-01-01 00:00:00.000015437,-0.003978
1970-01-01 00:00:00.000015438,-0.003343
1970-01-01 00:00:00.000015439,-0.002679
1970-01-01 00:00:00.000015440,-0.00208
1970-01-01 00:00:00.000015441,-0.001644
1970-01-01 00:00:00.000015442,-0.0012779999999999
1970-01-01 00:00:00.000015443,-0.001021
1970-01-01 00:00:00.000015444,-0.000761
1970-01-01 00:00:00.000015445,-0.000445
1970-01-01 00:00:00.000015446,-4.8e-05
1970-01-01 00:00:00.000015447,0.000352
1970-01-01 00:00:00.000015448,0.000776
1970-01-01 00:00:00.000015449,0.001223
1970-01-01 00:00:00.000015450,0.001727
1970-01-01 00:00:00.000015451,0.002373
1970-01-01 00:00:00.000015452,0.002994
1970-01-01 00:00:00.000015453,0.0035039999999999
1970-01-01 00:00:00.000015454,0.003954
1970-01-01 00:00:00.000015455,0.0043549999999999
1970-01-01 00:00:00.000015456,0.0046939999999999
1970-01-01 00:00:00.000015457,0.004907
1970-01-01 00:00:00.000015458,0.004988
1970-01-01 00:00:00.000015459,0.005026
1970-01-01 00:00:00.000015460,0.005069
1970-01-01 00:00:00.000015461,0.005081
1970-01-01 00:00:00.000015462,0.004943
1970-01-01 00:00:00.000015463,0.004646
1970-01-01 00:00:00.000015464,0.004317
1970-01-01 00:00:00.000015465,0.004138
1970-01-01 00:00:00.000015466,0.004193
1970-01-01 00:00:00.000015467,0.004378
1970-01-01 00:00:00.000015468,0.004639
1970-01-01 00:00:00.000015469,0.005065
1970-01-01 00:00:00.000015470,0.005722
1970-01-01 00:00:00.000015471,0.006537
1970-01-01 00:00:00.000015472,0.0073799999999999
1970-01-01 00:00:00.000015473,0.00806
1970-01-01 00:00:00.000015474,0.008518
1970-01-01 00:00:00.000015475,0.008816
1970-01-01 00:00:00.000015476,0.009163
1970-01-01 00:00:00.000015477,0.0096519999999999
1970-01-01 00:00:00.000015478,0.01029
1970-01-01 00:00:00.000015479,0.010976
1970-01-01 00:00:00.000015480,0.01176
1970-01-01 00:00:00.000015481,0.012529
1970-01-01 00:00:00.000015482,0.013235
1970-01-01 00:00:00.000015483,0.013937
1970-01-01 00:00:00.000015484,0.014602
1970-01-01 00:00:00.000015485,0.015135
1970-01-01 00:00:00.000015486,0.015451
1970-01-01 00:00:00.000015487,0.015327
1970-01-01 00:00:00.000015488,0.0144219999999999
1970-01-01 00:00:00.000015489,0.013161
1970-01-01 00:00:00.000015490,0.012243
1970-01-01 00:00:00.000015491,0.011991
1970-01-01 00:00:00.000015492,0.012309
1970-01-01 00:00:00.000015493,0.012877
1970-01-01 00:00:00.000015494,0.0135419999999999
1970-01-01 00:00:00.000015495,0.014436
1970-01-01 00:00:00.000015496,0.015122
1970-01-01 00:00:00.000015497,0.015978
1970-01-01 00:00:00.000015498,0.016713
1970-01-01 00:00:00.000015499,0.016884
1970-01-01 00:00:00.000015500,0.01658
1970-01-01 00:00:00.000015501,0.016203
1970-01-01 00:00:00.000015502,0.016059
1970-01-01 00:00:00.000015503,0.016329
1970-01-01 00:00:00.000015504,0.017064
1970-01-01 00:00:00.000015505,0.018221
1970-01-01 00:00:00.000015506,0.01957
1970-01-01 00:00:00.000015507,0.020893
1970-01-01 00:00:00.000015508,0.022002
1970-01-01 00:00:00.000015509,0.02278
1970-01-01 00:00:00.000015510,0.0232199999999999
1970-01-01 00:00:00.000015511,0.023449
1970-01-01 00:00:00.000015512,0.023665
1970-01-01 00:00:00.000015513,0.024041
1970-01-01 00:00:00.000015514,0.024494
1970-01-01 00:00:00.000015515,0.024901
1970-01-01 00:00:00.000015516,0.025244
1970-01-01 00:00:00.000015517,0.025514
1970-01-01 00:00:00.000015518,0.0258029999999999
1970-01-01 00:00:00.000015519,0.025967
1970-01-01 00:00:00.000015520,0.025942
1970-01-01 00:00:00.000015521,0.0256649999999999
1970-01-01 00:00:00.000015522,0.025085
1970-01-01 00:00:00.000015523,0.024234
1970-01-01 00:00:00.000015524,0.023096
1970-01-01 00:00:00.000015525,0.021755
1970-01-01 00:00:00.000015526,0.020294
1970-01-01 00:00:00.000015527,0.018756
1970-01-01 00:00:00.000015528,0.0173229999999999
1970-01-01 00:00:00.000015529,0.016092
1970-01-01 00:00:00.000015530,0.0150689999999999
1970-01-01 00:00:00.000015531,0.014223
1970-01-01 00:00:00.000015532,0.0134449999999999
1970-01-01 00:00:00.000015533,0.012672
1970-01-01 00:00:00.000015534,0.011817
1970-01-01 00:00:00.000015535,0.010891
1970-01-01 00:00:00.000015536,0.009939
1970-01-01 00:00:00.000015537,0.009126
1970-01-01 00:00:00.000015538,0.008575
1970-01-01 00:00:00.000015539,0.008283
1970-01-01 00:00:00.000015540,0.008102
1970-01-01 00:00:00.000015541,0.007829
1970-01-01 00:00:00.000015542,0.007442
1970-01-01 00:00:00.000015543,0.007043
1970-01-01 00:00:00.000015544,0.006701
1970-01-01 00:00:00.000015545,0.00646
1970-01-01 00:00:00.000015546,0.006272
1970-01-01 00:00:00.000015547,0.0059409999999999
1970-01-01 00:00:00.000015548,0.005287
1970-01-01 00:00:00.000015549,0.004226
1970-01-01 00:00:00.000015550,0.002994
1970-01-01 00:00:00.000015551,0.001953
1970-01-01 00:00:00.000015552,0.001385
1970-01-01 00:00:00.000015553,0.001411
1970-01-01 00:00:00.000015554,0.001928
1970-01-01 00:00:00.000015555,0.002834
1970-01-01 00:00:00.000015556,0.004012
1970-01-01 00:00:00.000015557,0.005256
1970-01-01 00:00:00.000015558,0.0064
1970-01-01 00:00:00.000015559,0.007356
1970-01-01 00:00:00.000015560,0.008156
1970-01-01 00:00:00.000015561,0.008778
1970-01-01 00:00:00.000015562,0.009275
1970-01-01 00:00:00.000015563,0.009533
1970-01-01 00:00:00.000015564,0.009542
1970-01-01 00:00:00.000015565,0.00923
1970-01-01 00:00:00.000015566,0.008668
1970-01-01 00:00:00.000015567,0.007913
1970-01-01 00:00:00.000015568,0.006997
1970-01-01 00:00:00.000015569,0.006034
1970-01-01 00:00:00.000015570,0.005122
1970-01-01 00:00:00.000015571,0.004238
1970-01-01 00:00:00.000015572,0.00349
1970-01-01 00:00:00.000015573,0.003062
1970-01-01 00:00:00.000015574,0.002844
1970-01-01 00:00:00.000015575,0.002708
1970-01-01 00:00:00.000015576,0.002704
1970-01-01 00:00:00.000015577,0.002964
1970-01-01 00:00:00.000015578,0.003468
1970-01-01 00:00:00.000015579,0.004013
1970-01-01 00:00:00.000015580,0.004527
1970-01-01 00:00:00.000015581,0.005089
1970-01-01 00:00:00.000015582,0.005686
1970-01-01 00:00:00.000015583,0.006277
1970-01-01 00:00:00.000015584,0.006673
1970-01-01 00:00:00.000015585,0.006737
1970-01-01 00:00:00.000015586,0.006541
1970-01-01 00:00:00.000015587,0.006033
1970-01-01 00:00:00.000015588,0.005409
1970-01-01 00:00:00.000015589,0.004759
1970-01-01 00:00:00.000015590,0.004039
1970-01-01 00:00:00.000015591,0.003346
1970-01-01 00:00:00.000015592,0.0027719999999999
1970-01-01 00:00:00.000015593,0.002199
1970-01-01 00:00:00.000015594,0.0017519999999999
1970-01-01 00:00:00.000015595,0.0015609999999999
1970-01-01 00:00:00.000015596,0.001455
1970-01-01 00:00:00.000015597,0.0013369999999999
1970-01-01 00:00:00.000015598,0.001232
1970-01-01 00:00:00.000015599,0.000926
1970-01-01 00:00:00.000015600,0.000468
1970-01-01 00:00:00.000015601,-0.000129
1970-01-01 00:00:00.000015602,-0.000819
1970-01-01 00:00:00.000015603,-0.001463
1970-01-01 00:00:00.000015604,-0.002027
1970-01-01 00:00:00.000015605,-0.0025239999999999
1970-01-01 00:00:00.000015606,-0.00285
1970-01-01 00:00:00.000015607,-0.003046
1970-01-01 00:00:00.000015608,-0.0032049999999999
1970-01-01 00:00:00.000015609,-0.003257
1970-01-01 00:00:00.000015610,-0.003222
1970-01-01 00:00:00.000015611,-0.003143
1970-01-01 00:00:00.000015612,-0.0030559999999999
1970-01-01 00:00:00.000015613,-0.003034
1970-01-01 00:00:00.000015614,-0.003105
1970-01-01 00:00:00.000015615,-0.003201
1970-01-01 00:00:00.000015616,-0.0032479999999999
1970-01-01 00:00:00.000015617,-0.003201
1970-01-01 00:00:00.000015618,-0.003001
1970-01-01 00:00:00.000015619,-0.002542
1970-01-01 00:00:00.000015620,-0.001852
1970-01-01 00:00:00.000015621,-0.001076
1970-01-01 00:00:00.000015622,-0.000303
1970-01-01 00:00:00.000015623,0.000428
1970-01-01 00:00:00.000015624,0.001155
1970-01-01 00:00:00.000015625,0.001846
1970-01-01 00:00:00.000015626,0.002423
1970-01-01 00:00:00.000015627,0.002895
1970-01-01 00:00:00.000015628,0.003129
1970-01-01 00:00:00.000015629,0.003167
1970-01-01 00:00:00.000015630,0.003203
1970-01-01 00:00:00.000015631,0.003263
1970-01-01 00:00:00.000015632,0.003357
1970-01-01 00:00:00.000015633,0.003424
1970-01-01 00:00:00.000015634,0.003496
1970-01-01 00:00:00.000015635,0.003502
1970-01-01 00:00:00.000015636,0.003428
1970-01-01 00:00:00.000015637,0.00337
1970-01-01 00:00:00.000015638,0.003447
1970-01-01 00:00:00.000015639,0.003642
1970-01-01 00:00:00.000015640,0.0038799999999999
1970-01-01 00:00:00.000015641,0.004116
1970-01-01 00:00:00.000015642,0.004364
1970-01-01 00:00:00.000015643,0.004743
1970-01-01 00:00:00.000015644,0.0052179999999999
1970-01-01 00:00:00.000015645,0.005725
1970-01-01 00:00:00.000015646,0.00618
1970-01-01 00:00:00.000015647,0.006437
1970-01-01 00:00:00.000015648,0.006587
1970-01-01 00:00:00.000015649,0.006659
1970-01-01 00:00:00.000015650,0.00663
1970-01-01 00:00:00.000015651,0.0065629999999999
1970-01-01 00:00:00.000015652,0.0064719999999999
1970-01-01 00:00:00.000015653,0.0063479999999999
1970-01-01 00:00:00.000015654,0.0062829999999999
1970-01-01 00:00:00.000015655,0.006281
1970-01-01 00:00:00.000015656,0.00621
1970-01-01 00:00:00.000015657,0.006016
1970-01-01 00:00:00.000015658,0.00571
1970-01-01 00:00:00.000015659,0.005402
1970-01-01 00:00:00.000015660,0.005071
1970-01-01 00:00:00.000015661,0.004595
1970-01-01 00:00:00.000015662,0.0037619999999999
1970-01-01 00:00:00.000015663,0.002723
1970-01-01 00:00:00.000015664,0.001563
1970-01-01 00:00:00.000015665,0.000299
1970-01-01 00:00:00.000015666,-0.000942
1970-01-01 00:00:00.000015667,-0.0020109999999999
1970-01-01 00:00:00.000015668,-0.002823
1970-01-01 00:00:00.000015669,-0.003292
1970-01-01 00:00:00.000015670,-0.003479
1970-01-01 00:00:00.000015671,-0.0034659999999999
1970-01-01 00:00:00.000015672,-0.003324
1970-01-01 00:00:00.000015673,-0.003202
1970-01-01 00:00:00.000015674,-0.003166
1970-01-01 00:00:00.000015675,-0.003388
1970-01-01 00:00:00.000015676,-0.003811
1970-01-01 00:00:00.000015677,-0.004324
1970-01-01 00:00:00.000015678,-0.00486
1970-01-01 00:00:00.000015679,-0.005383
1970-01-01 00:00:00.000015680,-0.005873
1970-01-01 00:00:00.000015681,-0.006401
1970-01-01 00:00:00.000015682,-0.006936
1970-01-01 00:00:00.000015683,-0.007445
1970-01-01 00:00:00.000015684,-0.007961
1970-01-01 00:00:00.000015685,-0.008421
1970-01-01 00:00:00.000015686,-0.008843
1970-01-01 00:00:00.000015687,-0.009174
1970-01-01 00:00:00.000015688,-0.009554
1970-01-01 00:00:00.000015689,-0.009961
1970-01-01 00:00:00.000015690,-0.01034
1970-01-01 00:00:00.000015691,-0.010669
1970-01-01 00:00:00.000015692,-0.01098
1970-01-01 00:00:00.000015693,-0.011278
1970-01-01 00:00:00.000015694,-0.0114849999999999
1970-01-01 00:00:00.000015695,-0.011654
1970-01-01 00:00:00.000015696,-0.011658
1970-01-01 00:00:00.000015697,-0.011535
1970-01-01 00:00:00.000015698,-0.011427
1970-01-01 00:00:00.000015699,-0.011255
1970-01-01 00:00:00.000015700,-0.010964
1970-01-01 00:00:00.000015701,-0.010715
1970-01-01 00:00:00.000015702,-0.01054
1970-01-01 00:00:00.000015703,-0.010388
1970-01-01 00:00:00.000015704,-0.010228
1970-01-01 00:00:00.000015705,-0.010027
1970-01-01 00:00:00.000015706,-0.009734
1970-01-01 00:00:00.000015707,-0.009333
1970-01-01 00:00:00.000015708,-0.008849
1970-01-01 00:00:00.000015709,-0.008322
1970-01-01 00:00:00.000015710,-0.007908
1970-01-01 00:00:00.000015711,-0.007581
1970-01-01 00:00:00.000015712,-0.007458
1970-01-01 00:00:00.000015713,-0.007423
1970-01-01 00:00:00.000015714,-0.007267
1970-01-01 00:00:00.000015715,-0.0069939999999999
1970-01-01 00:00:00.000015716,-0.006619
1970-01-01 00:00:00.000015717,-0.006143
1970-01-01 00:00:00.000015718,-0.005737
1970-01-01 00:00:00.000015719,-0.005408
1970-01-01 00:00:00.000015720,-0.005091
1970-01-01 00:00:00.000015721,-0.004802
1970-01-01 00:00:00.000015722,-0.004459
1970-01-01 00:00:00.000015723,-0.004095
1970-01-01 00:00:00.000015724,-0.003771
1970-01-01 00:00:00.000015725,-0.003577
1970-01-01 00:00:00.000015726,-0.00342
1970-01-01 00:00:00.000015727,-0.0032409999999999
1970-01-01 00:00:00.000015728,-0.003091
1970-01-01 00:00:00.000015729,-0.003001
1970-01-01 00:00:00.000015730,-0.002975
1970-01-01 00:00:00.000015731,-0.003001
1970-01-01 00:00:00.000015732,-0.003038
1970-01-01 00:00:00.000015733,-0.003041
1970-01-01 00:00:00.000015734,-0.002982
1970-01-01 00:00:00.000015735,-0.00282
1970-01-01 00:00:00.000015736,-0.002784
1970-01-01 00:00:00.000015737,-0.0028899999999999
1970-01-01 00:00:00.000015738,-0.003238
1970-01-01 00:00:00.000015739,-0.0038229999999999
1970-01-01 00:00:00.000015740,-0.004467
1970-01-01 00:00:00.000015741,-0.005063
1970-01-01 00:00:00.000015742,-0.005617
1970-01-01 00:00:00.000015743,-0.00613
1970-01-01 00:00:00.000015744,-0.006572
1970-01-01 00:00:00.000015745,-0.006866
1970-01-01 00:00:00.000015746,-0.007061
1970-01-01 00:00:00.000015747,-0.0071629999999999
1970-01-01 00:00:00.000015748,-0.0071579999999999
1970-01-01 00:00:00.000015749,-0.006991
1970-01-01 00:00:00.000015750,-0.006547
1970-01-01 00:00:00.000015751,-0.005879
1970-01-01 00:00:00.000015752,-0.004957
1970-01-01 00:00:00.000015753,-0.003753
1970-01-01 00:00:00.000015754,-0.002477
1970-01-01 00:00:00.000015755,-0.0012259999999999
1970-01-01 00:00:00.000015756,-0.00018
1970-01-01 00:00:00.000015757,0.000545
1970-01-01 00:00:00.000015758,0.00086
1970-01-01 00:00:00.000015759,0.000603
1970-01-01 00:00:00.000015760,-0.000124
1970-01-01 00:00:00.000015761,-0.0009789999999999
1970-01-01 00:00:00.000015762,-0.00155
1970-01-01 00:00:00.000015763,-0.00173
1970-01-01 00:00:00.000015764,-0.001667
1970-01-01 00:00:00.000015765,-0.001398
1970-01-01 00:00:00.000015766,-0.001086
1970-01-01 00:00:00.000015767,-0.000794
1970-01-01 00:00:00.000015768,-0.000448
1970-01-01 00:00:00.000015769,-3.3e-05
1970-01-01 00:00:00.000015770,0.000383
1970-01-01 00:00:00.000015771,0.0008039999999999
1970-01-01 00:00:00.000015772,0.001189
1970-01-01 00:00:00.000015773,0.001415
1970-01-01 00:00:00.000015774,0.001498
1970-01-01 00:00:00.000015775,0.001452
1970-01-01 00:00:00.000015776,0.001144
1970-01-01 00:00:00.000015777,0.000541
1970-01-01 00:00:00.000015778,-0.0002549999999999
1970-01-01 00:00:00.000015779,-0.000849
1970-01-01 00:00:00.000015780,-0.0010429999999999
1970-01-01 00:00:00.000015781,-0.001041
1970-01-01 00:00:00.000015782,-0.0008
1970-01-01 00:00:00.000015783,-0.000249
1970-01-01 00:00:00.000015784,0.000534
1970-01-01 00:00:00.000015785,0.001363
1970-01-01 00:00:00.000015786,0.002211
1970-01-01 00:00:00.000015787,0.003176
1970-01-01 00:00:00.000015788,0.004236
1970-01-01 00:00:00.000015789,0.005342
1970-01-01 00:00:00.000015790,0.006469
1970-01-01 00:00:00.000015791,0.007539
1970-01-01 00:00:00.000015792,0.0084099999999999
1970-01-01 00:00:00.000015793,0.009007
1970-01-01 00:00:00.000015794,0.0094069999999999
1970-01-01 00:00:00.000015795,0.009648
1970-01-01 00:00:00.000015796,0.009679
1970-01-01 00:00:00.000015797,0.009547
1970-01-01 00:00:00.000015798,0.009318
1970-01-01 00:00:00.000015799,0.008891
1970-01-01 00:00:00.000015800,0.008267
1970-01-01 00:00:00.000015801,0.007614
1970-01-01 00:00:00.000015802,0.0069879999999999
1970-01-01 00:00:00.000015803,0.0064569999999999
1970-01-01 00:00:00.000015804,0.006076
1970-01-01 00:00:00.000015805,0.005809
1970-01-01 00:00:00.000015806,0.005643
1970-01-01 00:00:00.000015807,0.0056159999999999
1970-01-01 00:00:00.000015808,0.005771
1970-01-01 00:00:00.000015809,0.0060539999999999
1970-01-01 00:00:00.000015810,0.0063799999999999
1970-01-01 00:00:00.000015811,0.0065819999999999
1970-01-01 00:00:00.000015812,0.006595
1970-01-01 00:00:00.000015813,0.006486
1970-01-01 00:00:00.000015814,0.006285
1970-01-01 00:00:00.000015815,0.006039
1970-01-01 00:00:00.000015816,0.005778
1970-01-01 00:00:00.000015817,0.005531
1970-01-01 00:00:00.000015818,0.005313
1970-01-01 00:00:00.000015819,0.005132
1970-01-01 00:00:00.000015820,0.004968
1970-01-01 00:00:00.000015821,0.004879
1970-01-01 00:00:00.000015822,0.004899
1970-01-01 00:00:00.000015823,0.004958
1970-01-01 00:00:00.000015824,0.004917
1970-01-01 00:00:00.000015825,0.0046479999999999
1970-01-01 00:00:00.000015826,0.004123
1970-01-01 00:00:00.000015827,0.003384
1970-01-01 00:00:00.000015828,0.002518
1970-01-01 00:00:00.000015829,0.001532
1970-01-01 00:00:00.000015830,0.000641
1970-01-01 00:00:00.000015831,-1e-05
1970-01-01 00:00:00.000015832,-0.0004179999999999
1970-01-01 00:00:00.000015833,-0.000602
1970-01-01 00:00:00.000015834,-0.0007099999999999
1970-01-01 00:00:00.000015835,-0.000951
1970-01-01 00:00:00.000015836,-0.001396
1970-01-01 00:00:00.000015837,-0.0019399999999999
1970-01-01 00:00:00.000015838,-0.00245
1970-01-01 00:00:00.000015839,-0.002798
1970-01-01 00:00:00.000015840,-0.0028829999999999
1970-01-01 00:00:00.000015841,-0.002644
1970-01-01 00:00:00.000015842,-0.002238
1970-01-01 00:00:00.000015843,-0.0017289999999999
1970-01-01 00:00:00.000015844,-0.001245
1970-01-01 00:00:00.000015845,-0.000867
1970-01-01 00:00:00.000015846,-0.000487
1970-01-01 00:00:00.000015847,-4.6e-05
1970-01-01 00:00:00.000015848,0.000395
1970-01-01 00:00:00.000015849,0.000905
1970-01-01 00:00:00.000015850,0.001423
1970-01-01 00:00:00.000015851,0.001812
1970-01-01 00:00:00.000015852,0.00214
1970-01-01 00:00:00.000015853,0.0024289999999999
1970-01-01 00:00:00.000015854,0.00266
1970-01-01 00:00:00.000015855,0.002827
1970-01-01 00:00:00.000015856,0.00298
1970-01-01 00:00:00.000015857,0.003074
1970-01-01 00:00:00.000015858,0.0031
1970-01-01 00:00:00.000015859,0.003068
1970-01-01 00:00:00.000015860,0.002991
1970-01-01 00:00:00.000015861,0.002791
1970-01-01 00:00:00.000015862,0.002472
1970-01-01 00:00:00.000015863,0.002107
1970-01-01 00:00:00.000015864,0.001707
1970-01-01 00:00:00.000015865,0.001306
1970-01-01 00:00:00.000015866,0.000966
1970-01-01 00:00:00.000015867,0.000665
1970-01-01 00:00:00.000015868,0.000414
1970-01-01 00:00:00.000015869,0.000289
1970-01-01 00:00:00.000015870,0.000221
1970-01-01 00:00:00.000015871,0.000172
1970-01-01 00:00:00.000015872,0.000132
1970-01-01 00:00:00.000015873,7.7e-05
1970-01-01 00:00:00.000015874,1.1e-05
1970-01-01 00:00:00.000015875,-2.6e-05
1970-01-01 00:00:00.000015876,-5.9e-05
1970-01-01 00:00:00.000015877,-2e-05
1970-01-01 00:00:00.000015878,9.5e-05
1970-01-01 00:00:00.000015879,0.000324
1970-01-01 00:00:00.000015880,0.00072
1970-01-01 00:00:00.000015881,0.001402
1970-01-01 00:00:00.000015882,0.0022199999999999
1970-01-01 00:00:00.000015883,0.002932
1970-01-01 00:00:00.000015884,0.003546
1970-01-01 00:00:00.000015885,0.00412
1970-01-01 00:00:00.000015886,0.004697
1970-01-01 00:00:00.000015887,0.005174
1970-01-01 00:00:00.000015888,0.005526
1970-01-01 00:00:00.000015889,0.005727
1970-01-01 00:00:00.000015890,0.005721
1970-01-01 00:00:00.000015891,0.005562
1970-01-01 00:00:00.000015892,0.005313
1970-01-01 00:00:00.000015893,0.005045
1970-01-01 00:00:00.000015894,0.004843
1970-01-01 00:00:00.000015895,0.00465
1970-01-01 00:00:00.000015896,0.00431
1970-01-01 00:00:00.000015897,0.003795
1970-01-01 00:00:00.000015898,0.0031309999999999
1970-01-01 00:00:00.000015899,0.002273
1970-01-01 00:00:00.000015900,0.001274
1970-01-01 00:00:00.000015901,0.000221
1970-01-01 00:00:00.000015902,-0.000871
1970-01-01 00:00:00.000015903,-0.001862
1970-01-01 00:00:00.000015904,-0.002842
1970-01-01 00:00:00.000015905,-0.003785
1970-01-01 00:00:00.000015906,-0.004618
1970-01-01 00:00:00.000015907,-0.0053799999999999
1970-01-01 00:00:00.000015908,-0.0061049999999999
1970-01-01 00:00:00.000015909,-0.006798
1970-01-01 00:00:00.000015910,-0.0074
1970-01-01 00:00:00.000015911,-0.0080209999999999
1970-01-01 00:00:00.000015912,-0.008711
1970-01-01 00:00:00.000015913,-0.009394
1970-01-01 00:00:00.000015914,-0.009945
1970-01-01 00:00:00.000015915,-0.010318
1970-01-01 00:00:00.000015916,-0.010614
1970-01-01 00:00:00.000015917,-0.010839
1970-01-01 00:00:00.000015918,-0.01082
1970-01-01 00:00:00.000015919,-0.010627
1970-01-01 00:00:00.000015920,-0.010296
1970-01-01 00:00:00.000015921,-0.009776
1970-01-01 00:00:00.000015922,-0.0091069999999999
1970-01-01 00:00:00.000015923,-0.008348
1970-01-01 00:00:00.000015924,-0.007604
1970-01-01 00:00:00.000015925,-0.006993
1970-01-01 00:00:00.000015926,-0.006542
1970-01-01 00:00:00.000015927,-0.00624
1970-01-01 00:00:00.000015928,-0.006011
1970-01-01 00:00:00.000015929,-0.0058049999999999
1970-01-01 00:00:00.000015930,-0.005571
1970-01-01 00:00:00.000015931,-0.005246
1970-01-01 00:00:00.000015932,-0.0048649999999999
1970-01-01 00:00:00.000015933,-0.004453
1970-01-01 00:00:00.000015934,-0.004149
1970-01-01 00:00:00.000015935,-0.003864
1970-01-01 00:00:00.000015936,-0.003521
1970-01-01 00:00:00.000015937,-0.003193
1970-01-01 00:00:00.000015938,-0.002856
1970-01-01 00:00:00.000015939,-0.0024289999999999
1970-01-01 00:00:00.000015940,-0.002017
1970-01-01 00:00:00.000015941,-0.001596
1970-01-01 00:00:00.000015942,-0.0011949999999999
1970-01-01 00:00:00.000015943,-0.00072
1970-01-01 00:00:00.000015944,-0.0001199999999999
1970-01-01 00:00:00.000015945,0.0004639999999999
1970-01-01 00:00:00.000015946,0.0009369999999999
1970-01-01 00:00:00.000015947,0.00125
1970-01-01 00:00:00.000015948,0.001513
1970-01-01 00:00:00.000015949,0.0018559999999999
1970-01-01 00:00:00.000015950,0.002223
1970-01-01 00:00:00.000015951,0.002489
1970-01-01 00:00:00.000015952,0.002612
1970-01-01 00:00:00.000015953,0.002911
1970-01-01 00:00:00.000015954,0.0034409999999999
1970-01-01 00:00:00.000015955,0.004178
1970-01-01 00:00:00.000015956,0.004908
1970-01-01 00:00:00.000015957,0.005568
1970-01-01 00:00:00.000015958,0.006163
1970-01-01 00:00:00.000015959,0.0067769999999999
1970-01-01 00:00:00.000015960,0.007474
1970-01-01 00:00:00.000015961,0.008239
1970-01-01 00:00:00.000015962,0.009025
1970-01-01 00:00:00.000015963,0.009759
1970-01-01 00:00:00.000015964,0.010407
1970-01-01 00:00:00.000015965,0.0108849999999999
1970-01-01 00:00:00.000015966,0.011108
1970-01-01 00:00:00.000015967,0.011148
1970-01-01 00:00:00.000015968,0.011108
1970-01-01 00:00:00.000015969,0.011206
1970-01-01 00:00:00.000015970,0.011452
1970-01-01 00:00:00.000015971,0.011868
1970-01-01 00:00:00.000015972,0.012586
1970-01-01 00:00:00.000015973,0.013546
1970-01-01 00:00:00.000015974,0.014681
1970-01-01 00:00:00.000015975,0.015921
1970-01-01 00:00:00.000015976,0.0172639999999999
1970-01-01 00:00:00.000015977,0.018574
1970-01-01 00:00:00.000015978,0.019739
1970-01-01 00:00:00.000015979,0.020677
1970-01-01 00:00:00.000015980,0.021397
1970-01-01 00:00:00.000015981,0.021994
1970-01-01 00:00:00.000015982,0.022487
1970-01-01 00:00:00.000015983,0.022734
1970-01-01 00:00:00.000015984,0.0226
1970-01-01 00:00:00.000015985,0.022118
1970-01-01 00:00:00.000015986,0.021356
1970-01-01 00:00:00.000015987,0.020234
1970-01-01 00:00:00.000015988,0.018761
1970-01-01 00:00:00.000015989,0.016791
1970-01-01 00:00:00.000015990,0.014504
1970-01-01 00:00:00.000015991,0.0119519999999999
1970-01-01 00:00:00.000015992,0.009599
1970-01-01 00:00:00.000015993,0.007942
1970-01-01 00:00:00.000015994,0.007135
1970-01-01 00:00:00.000015995,0.007343
1970-01-01 00:00:00.000015996,0.008492
1970-01-01 00:00:00.000015997,0.010166
1970-01-01 00:00:00.000015998,0.011687
1970-01-01 00:00:00.000015999,0.012706
1970-01-01 00:00:00.000016000,0.013312
1970-01-01 00:00:00.000016001,0.013845
1970-01-01 00:00:00.000016002,0.014688
1970-01-01 00:00:00.000016003,0.016041
1970-01-01 00:00:00.000016004,0.018024
1970-01-01 00:00:00.000016005,0.02059
1970-01-01 00:00:00.000016006,0.023508
1970-01-01 00:00:00.000016007,0.026576
1970-01-01 00:00:00.000016008,0.02951
1970-01-01 00:00:00.000016009,0.032188
1970-01-01 00:00:00.000016010,0.034491
1970-01-01 00:00:00.000016011,0.035567
1970-01-01 00:00:00.000016012,0.035469
1970-01-01 00:00:00.000016013,0.03555
1970-01-01 00:00:00.000016014,0.035722
1970-01-01 00:00:00.000016015,0.034648
1970-01-01 00:00:00.000016016,0.03131
1970-01-01 00:00:00.000016017,0.025281
1970-01-01 00:00:00.000016018,0.0188419999999999
1970-01-01 00:00:00.000016019,0.013207
1970-01-01 00:00:00.000016020,0.009002
1970-01-01 00:00:00.000016021,0.005943
1970-01-01 00:00:00.000016022,0.00314
1970-01-01 00:00:00.000016023,-0.000686
1970-01-01 00:00:00.000016024,-0.005581
1970-01-01 00:00:00.000016025,-0.010787
1970-01-01 00:00:00.000016026,-0.0154069999999999
1970-01-01 00:00:00.000016027,-0.019207
1970-01-01 00:00:00.000016028,-0.022451
1970-01-01 00:00:00.000016029,-0.025371
1970-01-01 00:00:00.000016030,-0.027816
1970-01-01 00:00:00.000016031,-0.0296069999999999
1970-01-01 00:00:00.000016032,-0.0311279999999999
1970-01-01 00:00:00.000016033,-0.032559
1970-01-01 00:00:00.000016034,-0.0340139999999999
1970-01-01 00:00:00.000016035,-0.035522
1970-01-01 00:00:00.000016036,-0.037248
1970-01-01 00:00:00.000016037,-0.0393209999999999
1970-01-01 00:00:00.000016038,-0.041392
1970-01-01 00:00:00.000016039,-0.043377
1970-01-01 00:00:00.000016040,-0.045215
1970-01-01 00:00:00.000016041,-0.04666
1970-01-01 00:00:00.000016042,-0.04788
1970-01-01 00:00:00.000016043,-0.0491529999999999
1970-01-01 00:00:00.000016044,-0.050437
1970-01-01 00:00:00.000016045,-0.051649
1970-01-01 00:00:00.000016046,-0.052696
1970-01-01 00:00:00.000016047,-0.053701
1970-01-01 00:00:00.000016048,-0.054845
1970-01-01 00:00:00.000016049,-0.056172
1970-01-01 00:00:00.000016050,-0.057488
1970-01-01 00:00:00.000016051,-0.058716
1970-01-01 00:00:00.000016052,-0.059869
1970-01-01 00:00:00.000016053,-0.0607059999999999
1970-01-01 00:00:00.000016054,-0.061121
1970-01-01 00:00:00.000016055,-0.0613559999999999
1970-01-01 00:00:00.000016056,-0.061775
1970-01-01 00:00:00.000016057,-0.062502
1970-01-01 00:00:00.000016058,-0.063639
1970-01-01 00:00:00.000016059,-0.065202
1970-01-01 00:00:00.000016060,-0.066941
1970-01-01 00:00:00.000016061,-0.068723
1970-01-01 00:00:00.000016062,-0.070344
1970-01-01 00:00:00.000016063,-0.071761
1970-01-01 00:00:00.000016064,-0.072989
1970-01-01 00:00:00.000016065,-0.074195
1970-01-01 00:00:00.000016066,-0.075754
1970-01-01 00:00:00.000016067,-0.07791
1970-01-01 00:00:00.000016068,-0.0802129999999999
1970-01-01 00:00:00.000016069,-0.0823059999999999
1970-01-01 00:00:00.000016070,-0.084212
1970-01-01 00:00:00.000016071,-0.085296
1970-01-01 00:00:00.000016072,-0.0848309999999999
1970-01-01 00:00:00.000016073,-0.082986
1970-01-01 00:00:00.000016074,-0.080188
1970-01-01 00:00:00.000016075,-0.077128
1970-01-01 00:00:00.000016076,-0.07433
1970-01-01 00:00:00.000016077,-0.072109
1970-01-01 00:00:00.000016078,-0.07072
1970-01-01 00:00:00.000016079,-0.069868
1970-01-01 00:00:00.000016080,-0.06912
1970-01-01 00:00:00.000016081,-0.0684289999999999
1970-01-01 00:00:00.000016082,-0.0679299999999999
1970-01-01 00:00:00.000016083,-0.06759
1970-01-01 00:00:00.000016084,-0.067303
1970-01-01 00:00:00.000016085,-0.067057
1970-01-01 00:00:00.000016086,-0.06681
1970-01-01 00:00:00.000016087,-0.0664429999999999
1970-01-01 00:00:00.000016088,-0.0658639999999999
1970-01-01 00:00:00.000016089,-0.065255
1970-01-01 00:00:00.000016090,-0.064764
1970-01-01 00:00:00.000016091,-0.064374
1970-01-01 00:00:00.000016092,-0.064042
1970-01-01 00:00:00.000016093,-0.0638919999999999
1970-01-01 00:00:00.000016094,-0.063791
1970-01-01 00:00:00.000016095,-0.063639
1970-01-01 00:00:00.000016096,-0.063417
1970-01-01 00:00:00.000016097,-0.06312
1970-01-01 00:00:00.000016098,-0.062786
1970-01-01 00:00:00.000016099,-0.0624889999999999
1970-01-01 00:00:00.000016100,-0.062336
1970-01-01 00:00:00.000016101,-0.0622179999999999
1970-01-01 00:00:00.000016102,-0.062196
1970-01-01 00:00:00.000016103,-0.062238
1970-01-01 00:00:00.000016104,-0.0622389999999999
1970-01-01 00:00:00.000016105,-0.0622669999999999
1970-01-01 00:00:00.000016106,-0.0623299999999999
1970-01-01 00:00:00.000016107,-0.062425
1970-01-01 00:00:00.000016108,-0.0626169999999999
1970-01-01 00:00:00.000016109,-0.063009
1970-01-01 00:00:00.000016110,-0.0635179999999999
1970-01-01 00:00:00.000016111,-0.064054
1970-01-01 00:00:00.000016112,-0.064742
1970-01-01 00:00:00.000016113,-0.065521
1970-01-01 00:00:00.000016114,-0.0662529999999999
1970-01-01 00:00:00.000016115,-0.06685
1970-01-01 00:00:00.000016116,-0.067217
1970-01-01 00:00:00.000016117,-0.067221
1970-01-01 00:00:00.000016118,-0.06688
1970-01-01 00:00:00.000016119,-0.0663769999999999
1970-01-01 00:00:00.000016120,-0.065907
1970-01-01 00:00:00.000016121,-0.065688
1970-01-01 00:00:00.000016122,-0.065595
1970-01-01 00:00:00.000016123,-0.065395
1970-01-01 00:00:00.000016124,-0.065216
1970-01-01 00:00:00.000016125,-0.065195
1970-01-01 00:00:00.000016126,-0.065232
1970-01-01 00:00:00.000016127,-0.0654
1970-01-01 00:00:00.000016128,-0.065796
1970-01-01 00:00:00.000016129,-0.0666539999999999
1970-01-01 00:00:00.000016130,-0.067947
1970-01-01 00:00:00.000016131,-0.069034
1970-01-01 00:00:00.000016132,-0.069702
1970-01-01 00:00:00.000016133,-0.070018
1970-01-01 00:00:00.000016134,-0.069953
1970-01-01 00:00:00.000016135,-0.069908
1970-01-01 00:00:00.000016136,-0.069992
1970-01-01 00:00:00.000016137,-0.070294
1970-01-01 00:00:00.000016138,-0.070684
1970-01-01 00:00:00.000016139,-0.0710529999999999
1970-01-01 00:00:00.000016140,-0.071457
1970-01-01 00:00:00.000016141,-0.071979
1970-01-01 00:00:00.000016142,-0.0724539999999999
1970-01-01 00:00:00.000016143,-0.07277
1970-01-01 00:00:00.000016144,-0.072956
1970-01-01 00:00:00.000016145,-0.072978
1970-01-01 00:00:00.000016146,-0.072897
1970-01-01 00:00:00.000016147,-0.072866
1970-01-01 00:00:00.000016148,-0.072835
1970-01-01 00:00:00.000016149,-0.0728019999999999
1970-01-01 00:00:00.000016150,-0.0728159999999999
1970-01-01 00:00:00.000016151,-0.072938
1970-01-01 00:00:00.000016152,-0.073035
1970-01-01 00:00:00.000016153,-0.073061
1970-01-01 00:00:00.000016154,-0.073078
1970-01-01 00:00:00.000016155,-0.073064
1970-01-01 00:00:00.000016156,-0.07306
1970-01-01 00:00:00.000016157,-0.073054
1970-01-01 00:00:00.000016158,-0.073006
1970-01-01 00:00:00.000016159,-0.072933
1970-01-01 00:00:00.000016160,-0.072745
1970-01-01 00:00:00.000016161,-0.07254
1970-01-01 00:00:00.000016162,-0.072449
1970-01-01 00:00:00.000016163,-0.072407
1970-01-01 00:00:00.000016164,-0.072348
1970-01-01 00:00:00.000016165,-0.072146
1970-01-01 00:00:00.000016166,-0.071933
1970-01-01 00:00:00.000016167,-0.07176
1970-01-01 00:00:00.000016168,-0.071616
1970-01-01 00:00:00.000016169,-0.071374
1970-01-01 00:00:00.000016170,-0.071008
1970-01-01 00:00:00.000016171,-0.07059
1970-01-01 00:00:00.000016172,-0.070216
1970-01-01 00:00:00.000016173,-0.06973
1970-01-01 00:00:00.000016174,-0.069084
1970-01-01 00:00:00.000016175,-0.068427
1970-01-01 00:00:00.000016176,-0.067804
1970-01-01 00:00:00.000016177,-0.067361
1970-01-01 00:00:00.000016178,-0.067108
1970-01-01 00:00:00.000016179,-0.066879
1970-01-01 00:00:00.000016180,-0.066694
1970-01-01 00:00:00.000016181,-0.066572
1970-01-01 00:00:00.000016182,-0.066451
1970-01-01 00:00:00.000016183,-0.066403
1970-01-01 00:00:00.000016184,-0.066439
1970-01-01 00:00:00.000016185,-0.06655
1970-01-01 00:00:00.000016186,-0.066751
1970-01-01 00:00:00.000016187,-0.067023
1970-01-01 00:00:00.000016188,-0.067238
1970-01-01 00:00:00.000016189,-0.067423
1970-01-01 00:00:00.000016190,-0.067494
1970-01-01 00:00:00.000016191,-0.0673769999999999
1970-01-01 00:00:00.000016192,-0.067267
1970-01-01 00:00:00.000016193,-0.067211
1970-01-01 00:00:00.000016194,-0.067107
1970-01-01 00:00:00.000016195,-0.066951
1970-01-01 00:00:00.000016196,-0.066835
1970-01-01 00:00:00.000016197,-0.0667519999999999
1970-01-01 00:00:00.000016198,-0.0666559999999999
1970-01-01 00:00:00.000016199,-0.0666549999999999
1970-01-01 00:00:00.000016200,-0.066735
1970-01-01 00:00:00.000016201,-0.066914
1970-01-01 00:00:00.000016202,-0.067189
1970-01-01 00:00:00.000016203,-0.067489
1970-01-01 00:00:00.000016204,-0.067835
1970-01-01 00:00:00.000016205,-0.068219
1970-01-01 00:00:00.000016206,-0.068661
1970-01-01 00:00:00.000016207,-0.06904
1970-01-01 00:00:00.000016208,-0.069344
1970-01-01 00:00:00.000016209,-0.069657
1970-01-01 00:00:00.000016210,-0.069872
1970-01-01 00:00:00.000016211,-0.070046
1970-01-01 00:00:00.000016212,-0.070299
1970-01-01 00:00:00.000016213,-0.070602
1970-01-01 00:00:00.000016214,-0.070987
1970-01-01 00:00:00.000016215,-0.071438
1970-01-01 00:00:00.000016216,-0.071891
1970-01-01 00:00:00.000016217,-0.072347
1970-01-01 00:00:00.000016218,-0.072716
1970-01-01 00:00:00.000016219,-0.07296
1970-01-01 00:00:00.000016220,-0.073123
1970-01-01 00:00:00.000016221,-0.073234
1970-01-01 00:00:00.000016222,-0.073314
1970-01-01 00:00:00.000016223,-0.073407
1970-01-01 00:00:00.000016224,-0.0735
1970-01-01 00:00:00.000016225,-0.0736179999999999
1970-01-01 00:00:00.000016226,-0.073763
1970-01-01 00:00:00.000016227,-0.073923
1970-01-01 00:00:00.000016228,-0.074172
1970-01-01 00:00:00.000016229,-0.07437
1970-01-01 00:00:00.000016230,-0.074533
1970-01-01 00:00:00.000016231,-0.074685
1970-01-01 00:00:00.000016232,-0.074765
1970-01-01 00:00:00.000016233,-0.074696
1970-01-01 00:00:00.000016234,-0.074583
1970-01-01 00:00:00.000016235,-0.074474
1970-01-01 00:00:00.000016236,-0.07439
1970-01-01 00:00:00.000016237,-0.0743419999999999
1970-01-01 00:00:00.000016238,-0.074276
1970-01-01 00:00:00.000016239,-0.074201
1970-01-01 00:00:00.000016240,-0.074219
1970-01-01 00:00:00.000016241,-0.074324
1970-01-01 00:00:00.000016242,-0.074444
1970-01-01 00:00:00.000016243,-0.074585
1970-01-01 00:00:00.000016244,-0.074693
1970-01-01 00:00:00.000016245,-0.074683
1970-01-01 00:00:00.000016246,-0.07468
1970-01-01 00:00:00.000016247,-0.074649
1970-01-01 00:00:00.000016248,-0.074517
1970-01-01 00:00:00.000016249,-0.074345
1970-01-01 00:00:00.000016250,-0.074076
1970-01-01 00:00:00.000016251,-0.073783
1970-01-01 00:00:00.000016252,-0.073446
1970-01-01 00:00:00.000016253,-0.073032
1970-01-01 00:00:00.000016254,-0.0725799999999999
1970-01-01 00:00:00.000016255,-0.07212
1970-01-01 00:00:00.000016256,-0.071618
1970-01-01 00:00:00.000016257,-0.0710929999999999
1970-01-01 00:00:00.000016258,-0.070597
1970-01-01 00:00:00.000016259,-0.069992
1970-01-01 00:00:00.000016260,-0.069383
1970-01-01 00:00:00.000016261,-0.068744
1970-01-01 00:00:00.000016262,-0.068117
1970-01-01 00:00:00.000016263,-0.067486
1970-01-01 00:00:00.000016264,-0.066986
1970-01-01 00:00:00.000016265,-0.0665149999999999
1970-01-01 00:00:00.000016266,-0.066214
1970-01-01 00:00:00.000016267,-0.066117
1970-01-01 00:00:00.000016268,-0.06612
1970-01-01 00:00:00.000016269,-0.06613
1970-01-01 00:00:00.000016270,-0.066121
1970-01-01 00:00:00.000016271,-0.066076
1970-01-01 00:00:00.000016272,-0.066062
1970-01-01 00:00:00.000016273,-0.06622
1970-01-01 00:00:00.000016274,-0.066428
1970-01-01 00:00:00.000016275,-0.066446
1970-01-01 00:00:00.000016276,-0.066157
1970-01-01 00:00:00.000016277,-0.065718
1970-01-01 00:00:00.000016278,-0.065356
1970-01-01 00:00:00.000016279,-0.065217
1970-01-01 00:00:00.000016280,-0.065251
1970-01-01 00:00:00.000016281,-0.065229
1970-01-01 00:00:00.000016282,-0.065103
1970-01-01 00:00:00.000016283,-0.065005
1970-01-01 00:00:00.000016284,-0.065061
1970-01-01 00:00:00.000016285,-0.065243
1970-01-01 00:00:00.000016286,-0.065451
1970-01-01 00:00:00.000016287,-0.065635
1970-01-01 00:00:00.000016288,-0.065815
1970-01-01 00:00:00.000016289,-0.06599
1970-01-01 00:00:00.000016290,-0.066143
1970-01-01 00:00:00.000016291,-0.066383
1970-01-01 00:00:00.000016292,-0.066602
1970-01-01 00:00:00.000016293,-0.066764
1970-01-01 00:00:00.000016294,-0.066885
1970-01-01 00:00:00.000016295,-0.0669559999999999
1970-01-01 00:00:00.000016296,-0.066982
1970-01-01 00:00:00.000016297,-0.066959
1970-01-01 00:00:00.000016298,-0.066929
1970-01-01 00:00:00.000016299,-0.066853
1970-01-01 00:00:00.000016300,-0.066814
1970-01-01 00:00:00.000016301,-0.066841
1970-01-01 00:00:00.000016302,-0.066828
1970-01-01 00:00:00.000016303,-0.06679
1970-01-01 00:00:00.000016304,-0.066757
1970-01-01 00:00:00.000016305,-0.066716
1970-01-01 00:00:00.000016306,-0.066726
1970-01-01 00:00:00.000016307,-0.0667519999999999
1970-01-01 00:00:00.000016308,-0.066704
1970-01-01 00:00:00.000016309,-0.066604
1970-01-01 00:00:00.000016310,-0.066474
1970-01-01 00:00:00.000016311,-0.066312
1970-01-01 00:00:00.000016312,-0.066123
1970-01-01 00:00:00.000016313,-0.065907
1970-01-01 00:00:00.000016314,-0.065708
1970-01-01 00:00:00.000016315,-0.0655299999999999
1970-01-01 00:00:00.000016316,-0.065372
1970-01-01 00:00:00.000016317,-0.065216
1970-01-01 00:00:00.000016318,-0.06512
1970-01-01 00:00:00.000016319,-0.0650299999999999
1970-01-01 00:00:00.000016320,-0.064974
1970-01-01 00:00:00.000016321,-0.064922
1970-01-01 00:00:00.000016322,-0.064919
1970-01-01 00:00:00.000016323,-0.064954
1970-01-01 00:00:00.000016324,-0.0650179999999999
1970-01-01 00:00:00.000016325,-0.065127
1970-01-01 00:00:00.000016326,-0.0652679999999999
1970-01-01 00:00:00.000016327,-0.0653
1970-01-01 00:00:00.000016328,-0.065251
1970-01-01 00:00:00.000016329,-0.065244
1970-01-01 00:00:00.000016330,-0.065222
1970-01-01 00:00:00.000016331,-0.065123
1970-01-01 00:00:00.000016332,-0.064995
1970-01-01 00:00:00.000016333,-0.064832
1970-01-01 00:00:00.000016334,-0.064805
1970-01-01 00:00:00.000016335,-0.064896
1970-01-01 00:00:00.000016336,-0.065008
1970-01-01 00:00:00.000016337,-0.065046
1970-01-01 00:00:00.000016338,-0.0648919999999999
1970-01-01 00:00:00.000016339,-0.064555
1970-01-01 00:00:00.000016340,-0.064065
1970-01-01 00:00:00.000016341,-0.063454
1970-01-01 00:00:00.000016342,-0.062786
1970-01-01 00:00:00.000016343,-0.0617789999999999
1970-01-01 00:00:00.000016344,-0.06061
1970-01-01 00:00:00.000016345,-0.0595179999999999
1970-01-01 00:00:00.000016346,-0.058351
1970-01-01 00:00:00.000016347,-0.057328
1970-01-01 00:00:00.000016348,-0.055968
1970-01-01 00:00:00.000016349,-0.053913
1970-01-01 00:00:00.000016350,-0.0514679999999999
1970-01-01 00:00:00.000016351,-0.0483769999999999
1970-01-01 00:00:00.000016352,-0.0449269999999999
1970-01-01 00:00:00.000016353,-0.042529
1970-01-01 00:00:00.000016354,-0.041767
1970-01-01 00:00:00.000016355,-0.04137
1970-01-01 00:00:00.000016356,-0.040536
1970-01-01 00:00:00.000016357,-0.038478
1970-01-01 00:00:00.000016358,-0.034572
1970-01-01 00:00:00.000016359,-0.03279
1970-01-01 00:00:00.000016360,-0.032292
1970-01-01 00:00:00.000016361,-0.0298
1970-01-01 00:00:00.000016362,-0.02574
1970-01-01 00:00:00.000016363,-0.0229
1970-01-01 00:00:00.000016364,-0.02088
1970-01-01 00:00:00.000016365,-0.017791
1970-01-01 00:00:00.000016366,-0.012975
1970-01-01 00:00:00.000016367,-0.006795
1970-01-01 00:00:00.000016368,0.00266
1970-01-01 00:00:00.000016369,0.014621
1970-01-01 00:00:00.000016370,0.011036
1970-01-01 00:00:00.000016371,0.000448
1970-01-01 00:00:00.000016372,-0.004339
1970-01-01 00:00:00.000016373,-0.002855
1970-01-01 00:00:00.000016374,0.001048
1970-01-01 00:00:00.000016375,0.002064
1970-01-01 00:00:00.000016376,-0.000289
1970-01-01 00:00:00.000016377,-0.001482
1970-01-01 00:00:00.000016378,-5.9e-05
1970-01-01 00:00:00.000016379,0.001008
1970-01-01 00:00:00.000016380,0.0018789999999999
1970-01-01 00:00:00.000016381,0.002757
1970-01-01 00:00:00.000016382,0.004146
1970-01-01 00:00:00.000016383,0.005938
1970-01-01 00:00:00.000016384,0.007667
1970-01-01 00:00:00.000016385,0.008964
1970-01-01 00:00:00.000016386,0.0100819999999999
1970-01-01 00:00:00.000016387,0.01153
1970-01-01 00:00:00.000016388,0.013826
1970-01-01 00:00:00.000016389,0.015708
1970-01-01 00:00:00.000016390,0.017454
1970-01-01 00:00:00.000016391,0.0193
1970-01-01 00:00:00.000016392,0.020938
1970-01-01 00:00:00.000016393,0.022445
1970-01-01 00:00:00.000016394,0.025072
1970-01-01 00:00:00.000016395,0.0265839999999999
1970-01-01 00:00:00.000016396,0.027312
1970-01-01 00:00:00.000016397,0.028369
1970-01-01 00:00:00.000016398,0.029618
1970-01-01 00:00:00.000016399,0.0308
1970-01-01 00:00:00.000016400,0.0318
1970-01-01 00:00:00.000016401,0.032096
1970-01-01 00:00:00.000016402,0.032235
1970-01-01 00:00:00.000016403,0.032949
1970-01-01 00:00:00.000016404,0.0336
1970-01-01 00:00:00.000016405,0.033921
1970-01-01 00:00:00.000016406,0.033367
1970-01-01 00:00:00.000016407,0.034229
1970-01-01 00:00:00.000016408,0.034643
1970-01-01 00:00:00.000016409,0.035454
1970-01-01 00:00:00.000016410,0.036491
1970-01-01 00:00:00.000016411,0.037834
1970-01-01 00:00:00.000016412,0.040603
1970-01-01 00:00:00.000016413,0.0463079999999999
1970-01-01 00:00:00.000016414,0.049578
1970-01-01 00:00:00.000016415,0.050567
1970-01-01 00:00:00.000016416,0.050732
1970-01-01 00:00:00.000016417,0.05067
1970-01-01 00:00:00.000016418,0.049759
1970-01-01 00:00:00.000016419,0.049929
1970-01-01 00:00:00.000016420,0.049479
1970-01-01 00:00:00.000016421,0.050177
1970-01-01 00:00:00.000016422,0.049208
1970-01-01 00:00:00.000016423,0.04878
