time_captured,CAT_Volume
2006-01-03,3697500
2006-01-04,4577200
2006-01-05,4590700
2006-01-06,5692300
2006-01-09,4409300
2006-01-10,3188100
2006-01-11,2755600
2006-01-12,5322500
2006-01-13,1936700
2006-01-17,3623300
2006-01-18,3656100
2006-01-19,2375600
2006-01-20,4441300
2006-01-23,2710500
2006-01-24,3291600
2006-01-25,4772400
2006-01-26,10318100
2006-01-27,7588000
2006-01-30,5077400
2006-01-31,5674400
2006-02-01,4826100
2006-02-02,4605500
2006-02-03,3529800
2006-02-06,3745900
2006-02-07,4909100
2006-02-08,3569100
2006-02-09,4017700
2006-02-10,3167900
2006-02-13,2838400
2006-02-14,4532600
2006-02-15,4396500
2006-02-16,3483300
2006-02-17,4767900
2006-02-21,3956800
2006-02-22,5532000
2006-02-23,4974100
2006-02-24,2924100
2006-02-27,3217900
2006-02-28,4444400
2006-03-01,4193400
2006-03-02,2247700
2006-03-03,3397300
2006-03-06,5497000
2006-03-07,4904800
2006-03-08,7726100
2006-03-09,5101600
2006-03-10,5996900
2006-03-13,3401500
2006-03-14,4048600
2006-03-15,5212600
2006-03-16,5802800
2006-03-17,7015600
2006-03-20,4217900
2006-03-21,4594400
2006-03-22,3636000
2006-03-23,4874800
2006-03-24,4321200
2006-03-27,2579100
2006-03-28,3726800
2006-03-29,6588100
2006-03-30,5283600
2006-03-31,4316800
2006-04-03,5885200
2006-04-04,4606100
2006-04-05,4758400
2006-04-06,3679300
2006-04-07,4262900
2006-04-10,4040400
2006-04-11,5325200
2006-04-12,6412900
2006-04-13,4209000
2006-04-17,5469400
2006-04-18,7702500
2006-04-19,4648100
2006-04-20,3850300
2006-04-21,6891700
2006-04-24,11226000
2006-04-25,7537200
2006-04-26,4613000
2006-04-27,6142000
2006-04-28,4432600
2006-05-01,4253100
2006-05-02,3857500
2006-05-03,3639700
2006-05-04,3640800
2006-05-05,6022700
2006-05-08,2725300
2006-05-09,2969300
2006-05-10,3969300
2006-05-11,4367800
2006-05-12,4548800
2006-05-15,4918800
2006-05-16,3756300
2006-05-17,6110900
2006-05-18,6260200
2006-05-19,10337600
2006-05-22,7286400
2006-05-23,5703800
2006-05-24,6464700
2006-05-25,3761000
2006-05-26,2748000
2006-05-30,4130200
2006-05-31,4032900
2006-06-01,2910300
2006-06-02,3731000
2006-06-05,6864100
2006-06-06,8730700
2006-06-07,9782100
2006-06-08,11897800
2006-06-09,7943000
2006-06-12,6336200
2006-06-13,6267900
2006-06-14,5343500
2006-06-15,8440100
2006-06-16,6862100
2006-06-19,5341000
2006-06-20,5368800
2006-06-21,5502200
2006-06-22,3360500
2006-06-23,3331200
2006-06-26,2525900
2006-06-27,2586300
2006-06-28,2922500
2006-06-29,5138300
2006-06-30,3921100
2006-07-03,1908300
2006-07-05,5035800
2006-07-06,3175700
2006-07-07,3334000
2006-07-10,2609100
2006-07-11,3400100
2006-07-12,3876700
2006-07-13,4981100
2006-07-14,5557000
2006-07-17,5693500
2006-07-18,4852200
2006-07-19,5557600
2006-07-20,7217900
2006-07-21,14444700
2006-07-24,7135300
2006-07-25,5465200
2006-07-26,3527100
2006-07-27,6082700
2006-07-28,3027700
2006-07-31,3419800
2006-08-01,4518600
2006-08-02,3056500
2006-08-03,4899600
2006-08-04,5194900
2006-08-07,3873200
2006-08-08,4140400
2006-08-09,8318200
2006-08-10,6736000
2006-08-11,7035600
2006-08-14,8324800
2006-08-15,6886500
2006-08-16,6774900
2006-08-17,3738700
2006-08-18,5815800
2006-08-21,3925100
2006-08-22,3696500
2006-08-23,4572100
2006-08-24,8912100
2006-08-25,3964500
2006-08-28,3840800
2006-08-29,4912800
2006-08-30,4252000
2006-08-31,6410100
2006-09-01,5712000
2006-09-05,8504900
2006-09-06,5590000
2006-09-07,5196300
2006-09-08,4313300
2006-09-11,7895100
2006-09-12,12080700
2006-09-13,7132700
2006-09-14,3498800
2006-09-15,6409000
2006-09-18,5674400
2006-09-19,3997800
2006-09-20,4903400
2006-09-21,8954100
2006-09-22,11133500
2006-09-25,7680700
2006-09-26,7622500
2006-09-27,5032800
2006-09-28,5875900
2006-09-29,4280000
2006-10-02,4272700
2006-10-03,5630500
2006-10-04,7107400
2006-10-05,12215700
2006-10-06,6587800
2006-10-09,6839600
2006-10-10,4698200
2006-10-11,3445200
2006-10-12,4324500
2006-10-13,3486100
2006-10-16,6686300
2006-10-17,6039100
2006-10-18,6579300
2006-10-19,4939300
2006-10-20,67806100
2006-10-23,22143300
2006-10-24,11653800
2006-10-25,11557700
2006-10-26,10546100
2006-10-27,9045500
2006-10-30,5366100
2006-10-31,6959600
2006-11-01,9107900
2006-11-02,7880100
2006-11-03,6515000
2006-11-06,9579900
2006-11-07,7660000
2006-11-08,11510300
2006-11-09,7779700
2006-11-10,5966900
2006-11-13,5139300
2006-11-14,6206900
2006-11-15,8616700
2006-11-16,4834100
2006-11-17,7929700
2006-11-20,3759100
2006-11-21,9021500
2006-11-22,7213200
2006-11-24,2965900
2006-11-27,5817900
2006-11-28,6687700
2006-11-29,3592400
2006-11-30,3997000
2006-12-01,7193900
2006-12-04,4954800
2006-12-05,4508600
2006-12-06,6066400
2006-12-07,5392600
2006-12-08,4098700
2006-12-11,4699700
2006-12-12,6698400
2006-12-13,5110800
2006-12-14,5352800
2006-12-15,5763800
2006-12-18,5307700
2006-12-19,4305100
2006-12-20,5606100
2006-12-21,3357700
2006-12-22,2788000
2006-12-26,1933100
2006-12-27,2773800
2006-12-28,2402500
2006-12-29,2363600
2007-01-03,6138900
2007-01-04,4060200
2007-01-05,6267100
2007-01-08,3943000
2007-01-09,3929100
2007-01-10,6825100
2007-01-11,7440900
2007-01-12,6560800
2007-01-16,6843100
2007-01-17,7255600
2007-01-18,7027700
2007-01-19,5561700
2007-01-22,9881300
2007-01-23,8587900
2007-01-24,8017500
2007-01-25,7482500
2007-01-26,12450800
2007-01-29,9608800
2007-01-30,8954000
2007-01-31,9639100
2007-02-01,10273000
2007-02-02,5971800
2007-02-05,5265700
2007-02-06,4873100
2007-02-07,6546400
2007-02-08,4528600
2007-02-09,5576200
2007-02-12,4977627
2007-02-13,4965188
2007-02-14,7526254
2007-02-15,9566900
2007-02-16,4250200
2007-02-20,6964300
2007-02-21,7225500
2007-02-22,4989400
2007-02-23,3777800
2007-02-26,3990310
2007-02-27,10824700
2007-02-28,9558400
2007-03-01,7994165
2007-03-02,6037500
2007-03-05,6722500
2007-03-06,5360600
2007-03-07,5284300
2007-03-08,4206200
2007-03-09,3267700
2007-03-12,4949100
2007-03-13,6297900
2007-03-14,6611900
2007-03-15,4547500
2007-03-16,5242507
2007-03-19,5076102
2007-03-20,4730800
2007-03-21,5865424
2007-03-22,4810807
2007-03-23,4127197
2007-03-26,7726878
2007-03-27,4266800
2007-03-28,4428700
2007-03-29,3752600
2007-03-30,6216500
2007-04-02,4917200
2007-04-03,5065355
2007-04-04,3257300
2007-04-05,3632707
2007-04-09,3780650
2007-04-10,3699985
2007-04-11,3779732
2007-04-12,4017847
2007-04-13,3449689
2007-04-16,5126326
2007-04-17,7919095
2007-04-18,9469920
2007-04-19,6964783
2007-04-20,19017662
2007-04-23,10759210
2007-04-24,6847555
2007-04-25,5807574
2007-04-26,4511214
2007-04-27,6511780
2007-04-30,5221974
2007-05-01,5282992
2007-05-02,4355288
2007-05-03,4349602
2007-05-04,3468748
2007-05-07,3632588
2007-05-08,4548500
2007-05-09,5651927
2007-05-10,4537420
2007-05-11,5549483
2007-05-14,8043340
2007-05-15,5614050
2007-05-16,5897425
2007-05-17,7426400
2007-05-18,5199400
2007-05-21,4445700
2007-05-22,5171000
2007-05-23,5682658
2007-05-24,6316294
2007-05-25,3337402
2007-05-29,3817457
2007-05-30,8564674
2007-05-31,5738120
2007-06-01,6532140
2007-06-04,3227500
2007-06-05,3480865
2007-06-06,5395137
2007-06-07,6368448
2007-06-08,5266945
2007-06-11,3694052
2007-06-12,4579328
2007-06-13,7961800
2007-06-14,6189540
2007-06-15,5901000
2007-06-18,4548454
2007-06-19,4052300
2007-06-20,4162500
2007-06-21,5411873
2007-06-22,5135300
2007-06-25,4386500
2007-06-26,5537900
2007-06-27,7854800
2007-06-28,4736600
2007-06-29,7513500
2007-07-02,4867025
2007-07-03,6266966
2007-07-05,4410400
2007-07-06,4733100
2007-07-09,6499300
2007-07-10,10014122
2007-07-11,6649100
2007-07-12,7164075
2007-07-13,6341300
2007-07-16,6032870
2007-07-17,5679700
2007-07-18,7014854
2007-07-19,6260136
2007-07-20,38721885
2007-07-23,10071580
2007-07-24,8274612
2007-07-25,9410205
2007-07-26,11727186
2007-07-27,12588965
2007-07-30,6768097
2007-07-31,11029288
2007-08-01,10205070
2007-08-02,6634873
2007-08-03,7816963
2007-08-06,7033530
2007-08-07,6449713
2007-08-08,6859597
2007-08-09,8140213
2007-08-10,8463980
2007-08-13,3866700
2007-08-14,5190900
2007-08-15,7455822
2007-08-16,16053007
2007-08-17,10763560
2007-08-20,6780400
2007-08-21,4737880
2007-08-22,5237600
2007-08-23,5548600
2007-08-24,3483400
2007-08-27,3136310
2007-08-28,4653200
2007-08-29,4401300
2007-08-30,3579700
2007-08-31,3341500
2007-09-04,4471946
2007-09-05,4675800
2007-09-06,4617400
2007-09-07,6398300
2007-09-10,4762100
2007-09-11,4689000
2007-09-12,5681500
2007-09-13,4667110
2007-09-14,4029000
2007-09-17,4660850
2007-09-18,7461850
2007-09-19,7598050
2007-09-20,4515792
2007-09-21,5950250
2007-09-24,5683000
2007-09-25,6761000
2007-09-26,6032700
2007-09-27,4773400
2007-09-28,5644789
2007-10-01,4480096
2007-10-02,5049704
2007-10-03,4610399
2007-10-04,4305961
2007-10-05,6658300
2007-10-08,3633055
2007-10-09,4900063
2007-10-10,5167600
2007-10-11,6784370
2007-10-12,4482669
2007-10-15,6570500
2007-10-16,6320313
2007-10-17,7305650
2007-10-18,7795601
2007-10-19,19713638
2007-10-22,10290300
2007-10-23,7150883
2007-10-24,9153645
2007-10-25,6588985
2007-10-26,4844500
2007-10-29,6442362
2007-10-30,4090400
2007-10-31,6218312
2007-11-01,6177600
2007-11-02,5969147
2007-11-05,5986903
2007-11-06,5093435
2007-11-07,4673308
2007-11-08,9650263
2007-11-09,8793613
2007-11-12,7589021
2007-11-13,7242987
2007-11-14,7505473
2007-11-15,7699524
2007-11-16,7640246
2007-11-19,7385631
2007-11-20,7487836
2007-11-21,6311193
2007-11-23,2459811
2007-11-26,4519968
2007-11-27,7098800
2007-11-28,6637388
2007-11-29,5272174
2007-11-30,5655521
2007-12-03,5505447
2007-12-04,5083105
2007-12-05,4418205
2007-12-06,4659433
2007-12-07,3804456
2007-12-10,7569734
2007-12-11,8788462
2007-12-12,6841808
2007-12-13,4708171
2007-12-14,4083015
2007-12-17,9342734
2007-12-18,7376558
2007-12-19,4243929
2007-12-20,3286515
2007-12-21,7344256
2007-12-24,2176023
2007-12-26,3466428
2007-12-27,3338156
2007-12-28,3048262
2007-12-31,2639528
2008-01-02,6337713
2008-01-03,4386045
2008-01-04,7697145
2008-01-07,8790867
2008-01-08,7662764
2008-01-09,9845520
2008-01-10,6914570
2008-01-11,9247632
2008-01-14,8106700
2008-01-15,9354013
2008-01-16,13079524
2008-01-17,11011399
2008-01-18,9225399
2008-01-22,9870387
2008-01-23,10895935
2008-01-24,8162582
2008-01-25,9286603
2008-01-28,10984078
2008-01-29,8283619
2008-01-30,7904738
2008-01-31,8827515
2008-02-01,6526344
2008-02-04,4565297
2008-02-05,11709373
2008-02-06,7304963
2008-02-07,6505969
2008-02-08,4495902
2008-02-11,4979233
2008-02-12,6703471
2008-02-13,7502026
2008-02-14,5418715
2008-02-15,5355755
2008-02-19,5415468
2008-02-20,4718196
2008-02-21,5371117
2008-02-22,5232970
2008-02-25,5190057
2008-02-26,6204295
2008-02-27,7163240
2008-02-28,6024477
2008-02-29,8823431
2008-03-03,6105142
2008-03-04,7998382
2008-03-05,7258976
2008-03-06,5442533
2008-03-07,6961008
2008-03-10,7145935
2008-03-11,7781608
2008-03-12,14346147
2008-03-13,8559629
2008-03-14,8571091
2008-03-17,8913506
2008-03-18,9404980
2008-03-19,7377412
2008-03-20,9260335
2008-03-24,5373931
2008-03-25,5211545
2008-03-26,7499201
2008-03-27,7068285
2008-03-28,4421221
2008-03-31,6068683
2008-04-01,9343315
2008-04-02,8160375
2008-04-03,7971521
2008-04-04,4885171
2008-04-07,5320819
2008-04-08,4019020
2008-04-09,4582895
2008-04-10,6994564
2008-04-11,9044894
2008-04-14,4446922
2008-04-15,5458663
2008-04-16,7640159
2008-04-17,9967295
2008-04-18,20119855
2008-04-21,9818906
2008-04-22,5720132
2008-04-23,4773358
2008-04-24,5305792
2008-04-25,4088873
2008-04-28,4684281
2008-04-29,4510176
2008-04-30,6032651
2008-05-01,5369826
2008-05-02,4511376
2008-05-05,3944424
2008-05-06,4163139
2008-05-07,4931999
2008-05-08,3065462
2008-05-09,3819495
2008-05-12,5167287
2008-05-13,4592157
2008-05-14,6859786
2008-05-15,4633213
2008-05-16,5241939
2008-05-19,6906687
2008-05-20,5570248
2008-05-21,7220264
2008-05-22,5026847
2008-05-23,5674833
2008-05-27,4871401
2008-05-28,4773690
2008-05-29,4195872
2008-05-30,4921665
2008-06-02,5882810
2008-06-03,4960122
2008-06-04,5743578
2008-06-05,6968191
2008-06-06,9445067
2008-06-09,5828813
2008-06-10,5986533
2008-06-11,9400997
2008-06-12,8053468
2008-06-13,5732446
2008-06-16,4537637
2008-06-17,4515906
2008-06-18,5739158
2008-06-19,6049051
2008-06-20,9065511
2008-06-23,6141007
2008-06-24,13075280
2008-06-25,8075150
2008-06-26,14485786
2008-06-27,11011776
2008-06-30,6664774
2008-07-01,9202912
2008-07-02,11513218
2008-07-03,7280669
2008-07-07,11684905
2008-07-08,10497953
2008-07-09,7059225
2008-07-10,9874200
2008-07-11,11521743
2008-07-14,6406218
2008-07-15,11041652
2008-07-16,10684228
2008-07-17,9091176
2008-07-18,7693364
2008-07-21,10185059
2008-07-22,12433915
2008-07-23,9295729
2008-07-24,8108593
2008-07-25,4727225
2008-07-28,5740459
2008-07-29,5234613
2008-07-30,4820450
2008-07-31,7185411
2008-08-01,6723625
2008-08-04,7415663
2008-08-05,6008727
2008-08-06,7390751
2008-08-07,7077762
2008-08-08,6544310
2008-08-11,3746815
2008-08-12,5713015
2008-08-13,9399217
2008-08-14,5671174
2008-08-15,5060733
2008-08-18,5527395
2008-08-19,4299730
2008-08-20,6401873
2008-08-21,5100734
2008-08-22,4258015
2008-08-25,4549778
2008-08-26,3391496
2008-08-27,3145015
2008-08-28,5520637
2008-08-29,4905287
2008-09-02,6973355
2008-09-03,8433257
2008-09-04,13685469
2008-09-05,9265104
2008-09-08,7218081
2008-09-09,10056330
2008-09-10,7916791
2008-09-11,9008205
2008-09-12,6967848
2008-09-15,7828824
2008-09-16,10035138
2008-09-17,9293942
2008-09-18,12983727
2008-09-19,15758552
2008-09-22,5921114
2008-09-23,6574247
2008-09-24,6657993
2008-09-25,7755511
2008-09-26,8264375
2008-09-29,12504538
2008-09-30,10166062
2008-10-01,15614057
2008-10-02,15011821
2008-10-03,11596468
2008-10-06,17852440
2008-10-07,13518849
2008-10-08,15858759
2008-10-09,11223234
2008-10-10,19740190
2008-10-13,10574031
2008-10-14,12061084
2008-10-15,12909621
2008-10-16,16082865
2008-10-17,18280553
2008-10-20,13389364
2008-10-21,14322227
2008-10-22,13842491
2008-10-23,17649870
2008-10-24,13391762
2008-10-27,12801257
2008-10-28,12814462
2008-10-29,16073147
2008-10-30,8690787
2008-10-31,9869112
2008-11-03,7619044
2008-11-04,11520592
2008-11-05,14048912
2008-11-06,13291260
2008-11-07,9256817
2008-11-10,13921221
2008-11-11,12705885
2008-11-12,10752519
2008-11-13,17361722
2008-11-14,11991192
2008-11-17,9383998
2008-11-18,12278638
2008-11-19,10596785
2008-11-20,19826136
2008-11-21,16836160
2008-11-24,16870555
2008-11-25,12931516
2008-11-26,11111165
2008-11-28,5429903
2008-12-01,13154111
2008-12-02,10440278
2008-12-03,14289390
2008-12-04,11379212
2008-12-05,14261127
2008-12-08,25502248
2008-12-09,15382520
2008-12-10,15431504
2008-12-11,12134107
2008-12-12,10398632
2008-12-15,8065274
2008-12-16,11652323
2008-12-17,9836953
2008-12-18,12695075
2008-12-19,13272227
2008-12-22,9148806
2008-12-23,6463280
2008-12-24,2115501
2008-12-26,2860058
2008-12-29,4974263
2008-12-30,5060557
2008-12-31,6277381
2009-01-02,7130450
2009-01-05,11099550
2009-01-06,10867174
2009-01-07,9035836
2009-01-08,9384160
2009-01-09,8872574
2009-01-12,9583771
2009-01-13,9281942
2009-01-14,17277671
2009-01-15,15449195
2009-01-16,12890087
2009-01-20,11890477
2009-01-21,10292572
2009-01-22,19277911
2009-01-23,22677313
2009-01-26,47444414
2009-01-27,20378216
2009-01-28,13487240
2009-01-29,14592701
2009-01-30,20959782
2009-02-02,16967332
2009-02-03,18883570
2009-02-04,17419265
2009-02-05,17794239
2009-02-06,17010042
2009-02-09,9067687
2009-02-10,17208728
2009-02-11,10550562
2009-02-12,13666548
2009-02-13,10188719
2009-02-17,22206963
2009-02-18,17864465
2009-02-19,17839493
2009-02-20,19735615
2009-02-23,16296249
2009-02-24,22358893
2009-02-25,17737459
2009-02-26,14301381
2009-02-27,16875881
2009-03-02,21017521
2009-03-03,22406593
2009-03-04,37257614
2009-03-05,21400683
2009-03-06,19999667
2009-03-09,19512594
2009-03-10,22468735
2009-03-11,15782030
2009-03-12,13787319
2009-03-13,10861356
2009-03-16,13217078
2009-03-17,14260456
2009-03-18,17979620
2009-03-19,17543534
2009-03-20,16536150
2009-03-23,14464865
2009-03-24,13693942
2009-03-25,20701972
2009-03-26,16161595
2009-03-27,11277622
2009-03-30,15828531
2009-03-31,13405844
2009-04-01,15308384
2009-04-02,21645529
2009-04-03,13674074
2009-04-06,11067877
2009-04-07,13160375
2009-04-08,12817123
2009-04-09,18173081
2009-04-13,12458996
2009-04-14,11035731
2009-04-15,11225779
2009-04-16,16228112
2009-04-17,14725748
2009-04-20,14373723
2009-04-21,29529757
2009-04-22,29668089
2009-04-23,16290764
2009-04-24,15806244
2009-04-27,9648613
2009-04-28,8481323
2009-04-29,11983420
2009-04-30,20109162
2009-05-01,14114765
2009-05-04,14400664
2009-05-05,13610143
2009-05-06,14763055
2009-05-07,16973985
2009-05-08,15556455
2009-05-11,9487208
2009-05-12,11919731
2009-05-13,13419822
2009-05-14,12056630
2009-05-15,14012233
2009-05-18,11019244
2009-05-19,10544398
2009-05-20,13806124
2009-05-21,14110274
2009-05-22,14294224
2009-05-26,13797247
2009-05-27,13519246
2009-05-28,15120769
2009-05-29,11077439
2009-06-01,14336881
2009-06-02,7734889
2009-06-03,9236387
2009-06-04,11318218
2009-06-05,15819817
2009-06-08,13726404
2009-06-09,10480159
2009-06-10,14927679
2009-06-11,10273799
2009-06-12,8567660
2009-06-15,10458033
2009-06-16,12501677
2009-06-17,15381883
2009-06-18,16247943
2009-06-19,14487231
2009-06-22,14198531
2009-06-23,10935872
2009-06-24,10349239
2009-06-25,11641601
2009-06-26,12586667
2009-06-29,6831517
2009-06-30,16880064
2009-07-01,11586651
2009-07-02,13564133
2009-07-06,10887071
2009-07-07,14616035
2009-07-08,15867731
2009-07-09,10184906
2009-07-10,10456627
2009-07-13,11100799
2009-07-14,10131875
2009-07-15,18069302
2009-07-16,10227464
2009-07-17,8814755
2009-07-20,21979416
2009-07-21,62789275
2009-07-22,16660027
2009-07-23,19375234
2009-07-24,17017373
2009-07-27,14346613
2009-07-28,16698600
2009-07-29,12388861
2009-07-30,14924263
2009-07-31,11731973
2009-08-03,12261776
2009-08-04,25333364
2009-08-05,15598551
2009-08-06,12247626
2009-08-07,15354632
2009-08-10,11558084
2009-08-11,13091530
2009-08-12,11465801
2009-08-13,9608385
2009-08-14,9107440
2009-08-17,11389289
2009-08-18,8899222
2009-08-19,9051051
2009-08-20,6888678
2009-08-21,12329902
2009-08-24,9773398
2009-08-25,9576236
2009-08-26,7903866
2009-08-27,8309116
2009-08-28,7568431
2009-08-31,10475258
2009-09-01,13905656
2009-09-02,8887171
2009-09-03,8787108
2009-09-04,7403465
2009-09-08,7448269
2009-09-09,12362478
2009-09-10,8197166
2009-09-11,9760270
2009-09-14,6910435
2009-09-15,20594843
2009-09-16,12789034
2009-09-17,15287028
2009-09-18,12398936
2009-09-21,10109646
2009-09-22,11181110
2009-09-23,9617535
2009-09-24,11803353
2009-09-25,10788009
2009-09-28,6042048
2009-09-29,7541906
2009-09-30,10651982
2009-10-01,12845531
2009-10-02,10681413
2009-10-05,8670666
2009-10-06,9779291
2009-10-07,7439230
2009-10-08,11199460
2009-10-09,8050395
2009-10-12,6687965
2009-10-13,6516328
2009-10-14,9193396
2009-10-15,7367763
2009-10-16,8839642
2009-10-19,18786329
2009-10-20,33902578
2009-10-21,17064292
2009-10-22,11385203
2009-10-23,8775971
2009-10-26,9795695
2009-10-27,10949636
2009-10-28,12089675
2009-10-29,9869030
2009-10-30,12049462
2009-11-02,9970847
2009-11-03,7770466
2009-11-04,8644656
2009-11-05,6847305
2009-11-06,6161561
2009-11-09,12253206
2009-11-10,8874103
2009-11-11,7497636
2009-11-12,7589168
2009-11-13,6444765
2009-11-16,8334502
2009-11-17,7095915
2009-11-18,6626712
2009-11-19,8237061
2009-11-20,8698427
2009-11-23,9484339
2009-11-24,6629607
2009-11-25,6245320
2009-11-27,5189544
2009-11-30,9718475
2009-12-01,9824285
2009-12-02,7879989
2009-12-03,7595686
2009-12-04,10448605
2009-12-07,6835530
2009-12-08,6482873
2009-12-09,8553021
2009-12-10,6304605
2009-12-11,5370042
2009-12-14,4585317
2009-12-15,4950055
2009-12-16,6738703
2009-12-17,5700584
2009-12-18,7236672
2009-12-21,5339691
2009-12-22,4279904
2009-12-23,4056275
2009-12-24,1507777
2009-12-28,3789819
2009-12-29,2879326
2009-12-30,3479880
2009-12-31,3860330
2010-01-04,7326679
2010-01-05,5697197
2010-01-06,4718749
2010-01-07,5432913
2010-01-08,6651511
2010-01-11,21958752
2010-01-12,13562604
2010-01-13,8399054
2010-01-14,6224295
2010-01-15,9397569
2010-01-19,8056496
2010-01-20,6954007
2010-01-21,13877409
2010-01-22,14762988
2010-01-25,9777305
2010-01-26,15219307
2010-01-27,34043254
2010-01-28,15625607
2010-01-29,13962798
2010-02-01,7159019
2010-02-02,7667988
2010-02-03,6345989
2010-02-04,11644933
2010-02-05,15989519
2010-02-08,8668847
2010-02-09,15499119
2010-02-10,8581640
2010-02-11,16411674
2010-02-12,13447622
2010-02-16,7365370
2010-02-17,8454108
2010-02-18,6846924
2010-02-19,8009433
2010-02-22,6994824
2010-02-23,10314323
2010-02-24,5810076
2010-02-25,9966144
2010-02-26,6108486
2010-03-01,8399615
2010-03-02,6584292
2010-03-03,8833775
2010-03-04,6199197
2010-03-05,6628346
2010-03-08,4755705
2010-03-09,7693041
2010-03-10,6531417
2010-03-11,6173881
2010-03-12,9689526
2010-03-15,7907528
2010-03-16,7282247
2010-03-17,7925556
2010-03-18,7206998
2010-03-19,9425480
2010-03-22,7512883
2010-03-23,14316690
2010-03-24,11448093
2010-03-25,11363117
2010-03-26,7887298
2010-03-29,6986497
2010-03-30,6183557
2010-03-31,6661317
2010-04-01,7830447
2010-04-05,6696129
2010-04-06,6388982
2010-04-07,6972955
2010-04-08,5418001
2010-04-09,6023209
2010-04-12,11837386
2010-04-13,7001609
2010-04-14,5497774
2010-04-15,7129579
2010-04-16,10385998
2010-04-19,7969489
2010-04-20,7695334
2010-04-21,6359395
2010-04-22,8722084
2010-04-23,9046377
2010-04-26,20134283
2010-04-27,14324300
2010-04-28,8233028
2010-04-29,7917403
2010-04-30,9428994
2010-05-03,7886360
2010-05-04,12561984
2010-05-05,11422937
2010-05-06,19370709
2010-05-07,15725835
2010-05-10,11859218
2010-05-11,7482206
2010-05-12,7793053
2010-05-13,6531293
2010-05-14,9939773
2010-05-17,11881237
2010-05-18,9597380
2010-05-19,18584744
2010-05-20,22807950
2010-05-21,15890266
2010-05-24,11185253
2010-05-25,13795845
2010-05-26,11568896
2010-05-27,9558184
2010-05-28,7709405
2010-06-01,8346328
2010-06-02,9455113
2010-06-03,8982766
2010-06-04,10279591
2010-06-07,8907089
2010-06-08,11606276
2010-06-09,9752678
2010-06-10,9704616
2010-06-11,7341745
2010-06-14,9783561
2010-06-15,11871974
2010-06-16,10565454
2010-06-17,10579946
2010-06-18,11005511
2010-06-21,11652356
2010-06-22,8660136
2010-06-23,9037550
2010-06-24,8658229
2010-06-25,12068839
2010-06-28,6836814
2010-06-29,13064257
2010-06-30,9636191
2010-07-01,11598507
2010-07-02,7878228
2010-07-06,9358700
2010-07-07,7593290
2010-07-08,6060571
2010-07-09,6458036
2010-07-12,4916438
2010-07-13,10081470
2010-07-14,6851229
2010-07-15,8102564
2010-07-16,8504059
2010-07-19,6826310
2010-07-20,9472054
2010-07-21,11432336
2010-07-22,15911440
2010-07-23,8873063
2010-07-26,8882683
2010-07-27,11950906
2010-07-28,7611561
2010-07-29,7671492
2010-07-30,7221213
2010-08-02,6304007
2010-08-03,5885912
2010-08-04,6211014
2010-08-05,7414983
2010-08-06,5463349
2010-08-09,3629177
2010-08-10,6084174
2010-08-11,9229380
2010-08-12,7639870
2010-08-13,6663536
2010-08-16,5436842
2010-08-17,5946844
2010-08-18,4989745
2010-08-19,9625389
2010-08-20,8023689
2010-08-23,8880459
2010-08-24,9677889
2010-08-25,8681884
2010-08-26,7085601
2010-08-27,7488027
2010-08-30,5133896
2010-08-31,6760676
2010-09-01,9071150
2010-09-02,5300727
2010-09-03,7837604
2010-09-07,6846728
2010-09-08,6323171
2010-09-09,5355814
2010-09-10,5018591
2010-09-13,7694541
2010-09-14,6048630
2010-09-15,5507049
2010-09-16,6234221
2010-09-17,11341760
2010-09-20,8896101
2010-09-21,14968277
2010-09-22,8386055
2010-09-23,8747095
2010-09-24,14218503
2010-09-27,8363981
2010-09-28,7786777
2010-09-29,7943671
2010-09-30,11940734
2010-10-01,8543634
2010-10-04,6418653
2010-10-05,7140291
2010-10-06,6258821
2010-10-07,8980469
2010-10-08,14296553
2010-10-11,4599860
2010-10-12,10042590
2010-10-13,8501408
2010-10-14,5667720
2010-10-15,6526953
2010-10-18,6547894
2010-10-19,9858427
2010-10-20,9662269
2010-10-21,17736825
2010-10-22,6447073
2010-10-25,6484763
2010-10-26,6246068
2010-10-27,6789815
2010-10-28,7063171
2010-10-29,4563895
2010-11-01,7476255
2010-11-02,4943880
2010-11-03,5776651
2010-11-04,13046795
2010-11-05,6280450
2010-11-08,4284458
2010-11-09,6030035
2010-11-10,5950969
2010-11-11,5006572
2010-11-12,6156836
2010-11-15,15814170
2010-11-16,12527456
2010-11-17,5411385
2010-11-18,6645452
2010-11-19,5742132
2010-11-22,6411104
2010-11-23,5739157
2010-11-24,5881485
2010-11-26,2521505
2010-11-29,5086979
2010-11-30,7774673
2010-12-01,8858542
2010-12-02,6349161
2010-12-03,4999657
2010-12-06,4347334
2010-12-07,11247624
2010-12-08,5256223
2010-12-09,3832926
2010-12-10,3314243
2010-12-13,6637043
2010-12-14,4948935
2010-12-15,8323246
2010-12-16,4863640
2010-12-17,6472637
2010-12-20,3523194
2010-12-21,4110961
2010-12-22,2611768
2010-12-23,2206799
2010-12-27,2620732
2010-12-28,2995498
2010-12-29,2779642
2010-12-30,2325586
2010-12-31,2542626
2011-01-03,5233321
2011-01-04,6120629
2011-01-05,4124427
2011-01-06,4109465
2011-01-07,4548061
2011-01-10,4160919
2011-01-11,5307161
2011-01-12,5699326
2011-01-13,4539829
2011-01-14,4573074
2011-01-18,8819103
2011-01-19,6478076
2011-01-20,7160797
2011-01-21,6193033
2011-01-24,4614954
2011-01-25,5437213
2011-01-26,6090685
2011-01-27,11543290
2011-01-28,7242926
2011-01-31,6012835
2011-02-01,7558761
2011-02-02,6531202
2011-02-03,5035599
2011-02-04,6030888
2011-02-07,5697870
2011-02-08,5045323
2011-02-09,4805850
2011-02-10,5638045
2011-02-11,6445306
2011-02-14,4058353
2011-02-15,4422576
2011-02-16,4857282
2011-02-17,2993675
2011-02-18,8746790
2011-02-22,8247018
2011-02-23,8916077
2011-02-24,6351068
2011-02-25,4632564
2011-02-28,4021732
2011-03-01,7289162
2011-03-02,5420344
2011-03-03,7436660
2011-03-04,5683617
2011-03-07,6005791
2011-03-08,6167638
2011-03-09,6403358
2011-03-10,11861599
2011-03-11,8175663
2011-03-14,7991501
2011-03-15,11764899
2011-03-16,13057446
2011-03-17,9868059
2011-03-18,11517147
2011-03-21,7692683
2011-03-22,7018041
2011-03-23,7099161
2011-03-24,8365554
2011-03-25,7662017
2011-03-28,5447112
2011-03-29,5776639
2011-03-30,5619007
2011-03-31,5179762
2011-04-01,6093871
2011-04-04,3886857
2011-04-05,5352335
2011-04-06,5719255
2011-04-07,8412646
2011-04-08,5401844
2011-04-11,5006879
2011-04-12,8748147
2011-04-13,5840935
2011-04-14,5780486
2011-04-15,5321442
2011-04-18,11448560
2011-04-19,7159256
2011-04-20,5331076
2011-04-21,4061411
2011-04-25,3709046
2011-04-26,6674553
2011-04-27,6070179
2011-04-28,6270210
2011-04-29,11798961
2011-05-02,7625755
2011-05-03,6302768
2011-05-04,8970660
2011-05-05,8786262
2011-05-06,7993019
2011-05-09,5078137
2011-05-10,4928330
2011-05-11,9673000
2011-05-12,9278847
2011-05-13,9253089
2011-05-16,8292202
2011-05-17,19233155
2011-05-18,9472870
2011-05-19,8618525
2011-05-20,8657500
2011-05-23,10099567
2011-05-24,7277428
2011-05-25,6193580
2011-05-26,6643145
2011-05-27,4512458
2011-05-31,6644989
2011-06-01,10603384
2011-06-02,9128481
2011-06-03,9510733
2011-06-06,8095185
2011-06-07,6790818
2011-06-08,9764539
2011-06-09,6171368
2011-06-10,9610016
2011-06-13,9767736
2011-06-14,8483128
2011-06-15,8149184
2011-06-16,8889538
2011-06-17,8316843
2011-06-20,7486461
2011-06-21,9639576
2011-06-22,7452693
2011-06-23,10647253
2011-06-24,8496881
2011-06-27,5618030
2011-06-28,7887151
2011-06-29,8642237
2011-06-30,10599722
2011-07-01,9153712
2011-07-05,6880163
2011-07-06,6942543
2011-07-07,7404228
2011-07-08,8298100
2011-07-11,7569251
2011-07-12,7892983
2011-07-13,6820173
2011-07-14,7394217
2011-07-15,6662950
2011-07-18,6880902
2011-07-19,6676377
2011-07-20,5761575
2011-07-21,9341363
2011-07-22,25775680
2011-07-25,8664606
2011-07-26,7158459
2011-07-27,10687804
2011-07-28,9442859
2011-07-29,12286478
2011-08-01,12869522
2011-08-02,12058250
2011-08-03,16922153
2011-08-04,18654906
2011-08-05,22800491
2011-08-08,29408688
2011-08-09,20479056
2011-08-10,15335860
2011-08-11,14160927
2011-08-12,11463358
2011-08-15,10462784
2011-08-16,10817805
2011-08-17,10621795
2011-08-18,16798446
2011-08-19,13743446
2011-08-22,9459377
2011-08-23,11699894
2011-08-24,10140211
2011-08-25,8212083
2011-08-26,9458249
2011-08-29,7645592
2011-08-30,9856909
2011-08-31,12665932
2011-09-01,10696200
2011-09-02,11952119
2011-09-06,8649714
2011-09-07,9325018
2011-09-08,9947735
2011-09-09,11675874
2011-09-12,10852194
2011-09-13,9804375
2011-09-14,10626228
2011-09-15,8299900
2011-09-16,10490875
2011-09-19,8942449
2011-09-20,8999757
2011-09-21,16465693
2011-09-22,20951322
2011-09-23,12106269
2011-09-26,10018167
2011-09-27,10817079
2011-09-28,9383159
2011-09-29,10263616
2011-09-30,10543114
2011-10-03,10785084
2011-10-04,14733745
2011-10-05,9678355
2011-10-06,15809945
2011-10-07,14025440
2011-10-10,10305762
2011-10-11,17857619
2011-10-12,10424858
2011-10-13,7953157
2011-10-14,7356927
2011-10-17,10198475
2011-10-18,13576701
2011-10-19,8734847
2011-10-20,9446535
2011-10-21,11482819
2011-10-24,16383268
2011-10-25,10713637
2011-10-26,9748599
2011-10-27,13930715
2011-10-28,8700627
2011-10-31,9275088
2011-11-01,13545873
2011-11-02,9307784
2011-11-03,11160910
2011-11-04,6820422
2011-11-07,7287388
2011-11-08,7317459
2011-11-09,11214988
2011-11-10,7323756
2011-11-11,9819760
2011-11-14,8590256
2011-11-15,8761873
2011-11-16,8123014
2011-11-17,10086082
2011-11-18,6066132
2011-11-21,9853657
2011-11-22,7494786
2011-11-23,7644740
2011-11-25,3078679
2011-11-28,8340988
2011-11-29,6056440
2011-11-30,13077921
2011-12-01,7492386
2011-12-02,7899098
2011-12-05,7485498
2011-12-06,6446976
2011-12-07,8146771
2011-12-08,7845327
2011-12-09,7140880
2011-12-12,6327856
2011-12-13,8465675
2011-12-14,13568489
2011-12-15,7646722
2011-12-16,11560727
2011-12-19,7922169
2011-12-20,7845213
2011-12-21,7180297
2011-12-22,4768461
2011-12-23,3369016
2011-12-27,3218113
2011-12-28,5250068
2011-12-29,3573450
2011-12-30,3279845
2012-01-03,8180772
2012-01-04,7337158
2012-01-05,5558453
2012-01-06,5474733
2012-01-09,6537566
2012-01-10,9550634
2012-01-11,7228547
2012-01-12,10471789
2012-01-13,9918916
2012-01-17,8869184
2012-01-18,6799341
2012-01-19,9465221
2012-01-20,6601062
2012-01-23,7003774
2012-01-24,5581201
2012-01-25,10657969
2012-01-26,18542780
2012-01-27,7838507
2012-01-30,5971563
2012-01-31,7610136
2012-02-01,6740664
2012-02-02,5127310
2012-02-03,10226746
2012-02-06,5030035
2012-02-07,5140198
2012-02-08,4123776
2012-02-09,7566925
2012-02-10,6352297
2012-02-13,5704328
2012-02-14,6427824
2012-02-15,8210879
2012-02-16,5459723
2012-02-17,4296279
2012-02-21,7521078
2012-02-22,5005965
2012-02-23,5066463
2012-02-24,4474089
2012-02-27,4910147
2012-02-28,4013789
2012-02-29,6781860
2012-03-01,7466163
2012-03-02,5404780
2012-03-05,8392115
2012-03-06,12639153
2012-03-07,7385751
2012-03-08,6171558
2012-03-09,6528674
2012-03-12,6500668
2012-03-13,8082044
2012-03-14,6181187
2012-03-15,5317553
2012-03-16,5777363
2012-03-19,4738410
2012-03-20,8091060
2012-03-21,7928460
2012-03-22,9451872
2012-03-23,6025545
2012-03-26,4571090
2012-03-27,4212114
2012-03-28,10247575
2012-03-29,8319240
2012-03-30,4782285
2012-04-02,5212253
2012-04-03,5830094
2012-04-04,5583587
2012-04-05,4578308
2012-04-09,6338437
2012-04-10,9164756
2012-04-11,6182801
2012-04-12,8980030
2012-04-13,6321757
2012-04-16,6814036
2012-04-17,5324689
2012-04-18,4872031
2012-04-19,5628466
2012-04-20,4019090
2012-04-23,5463922
2012-04-24,5703132
2012-04-25,15948390
2012-04-26,7319586
2012-04-27,4239051
2012-04-30,5325638
2012-05-01,5733202
2012-05-02,5620219
2012-05-03,6102138
2012-05-04,9056270
2012-05-07,7245648
2012-05-08,10416718
2012-05-09,7734986
2012-05-10,4981920
2012-05-11,4532046
2012-05-14,5215061
2012-05-15,5307090
2012-05-16,5810064
2012-05-17,12696066
2012-05-18,8656878
2012-05-21,6813318
2012-05-22,7210609
2012-05-23,6668574
2012-05-24,6424141
2012-05-25,4637740
2012-05-29,8240242
2012-05-30,6353163
2012-05-31,12373080
2012-06-01,9573630
2012-06-04,9815163
2012-06-05,9222466
2012-06-06,8463998
2012-06-07,7775151
2012-06-08,4399916
2012-06-11,6436925
2012-06-12,5270317
2012-06-13,8308214
2012-06-14,6125104
2012-06-15,6572173
2012-06-18,4722912
2012-06-19,6255070
2012-06-20,9415366
2012-06-21,8581136
2012-06-22,6414053
2012-06-25,7395713
2012-06-26,5591245
2012-06-27,7413765
2012-06-28,9716946
2012-06-29,7053778
2012-07-02,6421291
2012-07-03,4357792
2012-07-05,5547722
2012-07-06,6951916
2012-07-09,6292057
2012-07-10,15160014
2012-07-11,8184796
2012-07-12,8743588
2012-07-13,7619493
2012-07-16,4991914
2012-07-17,6470051
2012-07-18,7458316
2012-07-19,5617190
2012-07-20,5897813
2012-07-23,7568646
2012-07-24,8784396
2012-07-25,19885326
2012-07-26,10139011
2012-07-27,11229250
2012-07-30,6507743
2012-07-31,9198033
2012-08-01,9368087
2012-08-02,8097440
2012-08-03,6942724
2012-08-06,6387170
2012-08-07,6050005
2012-08-08,6139592
2012-08-09,6701463
2012-08-10,5510233
2012-08-13,5403701
2012-08-14,5486506
2012-08-15,6346120
2012-08-16,4979566
2012-08-17,7849959
2012-08-20,5298310
2012-08-21,7159663
2012-08-22,8843943
2012-08-23,5469964
2012-08-24,4980073
2012-08-27,4273674
2012-08-28,4697196
2012-08-29,8733002
2012-08-30,5170403
2012-08-31,5481994
2012-09-04,11288908
2012-09-05,6238812
2012-09-06,6983110
2012-09-07,10698392
2012-09-10,5592620
2012-09-11,5878824
2012-09-12,6016519
2012-09-13,7846103
2012-09-14,11377084
2012-09-17,7998664
2012-09-18,6604709
2012-09-19,6787699
2012-09-20,7096260
2012-09-21,10790189
2012-09-24,8604713
2012-09-25,13937907
2012-09-26,8866030
2012-09-27,7586147
2012-09-28,7519491
2012-10-01,7385730
2012-10-02,8819833
2012-10-03,5586938
2012-10-04,5077313
2012-10-05,6548334
2012-10-08,4538278
2012-10-09,5810594
2012-10-10,10635668
2012-10-11,7644528
2012-10-12,6012871
2012-10-15,6357782
2012-10-16,6945636
2012-10-17,7339006
2012-10-18,6813805
2012-10-19,9875249
2012-10-22,17161215
2012-10-23,7496353
2012-10-24,5509209
2012-10-25,5984041
2012-10-26,7166564
2012-10-31,5914967
2012-11-01,8557112
2012-11-02,6983144
2012-11-05,4044869
2012-11-06,7049360
2012-11-07,8209127
2012-11-08,6246172
2012-11-09,7286527
2012-11-12,5809442
2012-11-13,7697159
2012-11-14,8498038
2012-11-15,7797191
2012-11-16,8050900
2012-11-19,5674790
2012-11-20,5537360
2012-11-21,4517062
2012-11-23,2663700
2012-11-26,4242030
2012-11-27,4196182
2012-11-28,4886186
2012-11-29,7846411
2012-11-30,5665862
2012-12-03,4715054
2012-12-04,4469429
2012-12-05,8606586
2012-12-06,4132598
2012-12-07,7337221
2012-12-10,4336897
2012-12-11,5374285
2012-12-12,7093449
2012-12-13,6101438
2012-12-14,5869570
2012-12-17,6095709
2012-12-18,6653864
2012-12-19,7068237
2012-12-20,6893538
2012-12-21,10728630
2012-12-24,2327063
2012-12-26,3236007
2012-12-27,3953731
2012-12-28,3311691
2012-12-31,7215946
2013-01-02,11590524
2013-01-03,9333510
2013-01-04,5658831
2013-01-07,5368967
2013-01-08,5616304
2013-01-09,3546294
2013-01-10,4597210
2013-01-11,4291414
2013-01-14,3688429
2013-01-15,4794485
2013-01-16,3810588
2013-01-17,4825538
2013-01-18,8330896
2013-01-22,8331276
2013-01-23,4973560
2013-01-24,5816968
2013-01-25,8907230
2013-01-28,16000484
2013-01-29,6964553
2013-01-30,5683221
2013-01-31,7155989
2013-02-01,6140529
2013-02-04,5766103
2013-02-05,4179791
2013-02-06,4489901
2013-02-07,6211601
2013-02-08,3934113
2013-02-11,2739332
2013-02-12,4151249
2013-02-13,3719246
2013-02-14,3586223
2013-02-15,4377139
2013-02-19,4368744
2013-02-20,8571102
2013-02-21,7195005
2013-02-22,5852873
2013-02-25,7541911
2013-02-26,7114851
2013-02-27,6149536
2013-02-28,5448303
2013-03-01,4925799
2013-03-04,6350943
2013-03-05,5352649
2013-03-06,7136333
2013-03-07,4740003
2013-03-08,5085443
2013-03-11,4847366
2013-03-12,6593793
2013-03-13,5836031
2013-03-14,7329016
2013-03-15,7385212
2013-03-18,7159784
2013-03-19,7509215
2013-03-20,9390215
2013-03-21,5450567
2013-03-22,5125495
2013-03-25,6685377
2013-03-26,4172989
2013-03-27,4839611
2013-03-28,6215447
2013-04-01,5669842
2013-04-02,6515505
2013-04-03,9223478
2013-04-04,7646581
2013-04-05,8988752
2013-04-08,6724321
2013-04-09,10535966
2013-04-10,6258603
2013-04-11,6920191
2013-04-12,4935999
2013-04-15,10345694
2013-04-16,6568131
2013-04-17,9406276
2013-04-18,6886914
2013-04-19,7017435
2013-04-22,18449787
2013-04-23,12932441
2013-04-24,7022414
2013-04-25,6557101
2013-04-26,6161521
2013-04-29,6066883
2013-04-30,6954737
2013-05-01,11607850
2013-05-02,5799498
2013-05-03,11890526
2013-05-06,6381733
2013-05-07,10407148
2013-05-08,7431431
2013-05-09,5166167
2013-05-10,6967800
2013-05-13,5484418
2013-05-14,6858976
2013-05-15,6927251
2013-05-16,8192760
2013-05-17,6693167
2013-05-20,5603852
2013-05-21,4733767
2013-05-22,6480454
2013-05-23,6028520
2013-05-24,4638451
2013-05-28,5800796
2013-05-29,5110441
2013-05-30,3567956
2013-05-31,5523070
2013-06-03,6093936
2013-06-04,5106309
2013-06-05,7359415
2013-06-06,7009909
2013-06-07,5474875
2013-06-10,4966253
2013-06-11,5240938
2013-06-12,4748315
2013-06-13,6353695
2013-06-14,5126752
2013-06-17,4390147
2013-06-18,3723840
2013-06-19,4712991
2013-06-20,7629653
2013-06-21,9736764
2013-06-24,7526016
2013-06-25,6251091
2013-06-26,6952383
2013-06-27,4659772
2013-06-28,8451640
2013-07-01,4676582
2013-07-02,3660214
2013-07-03,2928807
2013-07-05,4824857
2013-07-08,4880555
2013-07-09,7884277
2013-07-10,4216998
2013-07-11,5435661
2013-07-12,4878067
2013-07-15,4163550
2013-07-16,5433774
2013-07-17,15079546
2013-07-18,7048221
2013-07-19,5086265
2013-07-22,4837034
2013-07-23,6894636
2013-07-24,16611872
2013-07-25,9941707
2013-07-26,5729323
2013-07-29,9075321
2013-07-30,5265987
2013-07-31,7012868
2013-08-01,6573129
2013-08-02,4864699
2013-08-05,3760026
2013-08-06,7224250
2013-08-07,4292401
2013-08-08,6400595
2013-08-09,5478617
2013-08-12,8609001
2013-08-13,6711925
2013-08-14,4463957
2013-08-15,5139375
2013-08-16,4706996
2013-08-19,3766335
2013-08-20,4690043
2013-08-21,5563360
2013-08-22,4740345
2013-08-23,4487260
2013-08-26,4123203
2013-08-27,5570737
2013-08-28,6763708
2013-08-29,3706364
2013-08-30,4425863
2013-09-03,7544170
2013-09-04,4484028
2013-09-05,3728404
2013-09-06,5566486
2013-09-09,6708880
2013-09-10,6298764
2013-09-11,4366482
2013-09-12,3980970
2013-09-13,3275980
2013-09-16,4877644
2013-09-17,3417755
2013-09-18,5567446
2013-09-19,4765532
2013-09-20,13446484
2013-09-23,6048380
2013-09-24,3720811
2013-09-25,3828841
2013-09-26,3478341
2013-09-27,3025294
2013-09-30,5405409
2013-10-01,3867214
2013-10-02,3324869
2013-10-03,4223482
2013-10-04,3215559
2013-10-07,3369095
2013-10-08,5678969
2013-10-09,4582449
2013-10-10,4317128
2013-10-11,4110281
2013-10-14,4689749
2013-10-15,4899788
2013-10-16,3557864
2013-10-17,3852788
2013-10-18,6752729
2013-10-21,3885613
2013-10-22,9160257
2013-10-23,20968846
2013-10-24,8368710
2013-10-25,4891429
2013-10-28,3983208
2013-10-29,5324600
2013-10-30,4665560
2013-10-31,4651299
2013-11-01,5880268
2013-11-04,3893605
2013-11-05,4018604
2013-11-06,3669299
2013-11-07,5431738
2013-11-08,4557401
2013-11-11,2522627
2013-11-12,3483459
2013-11-13,3953342
2013-11-14,4496319
2013-11-15,4744790
2013-11-18,4803056
2013-11-19,5010283
2013-11-20,7443010
2013-11-21,6208636
2013-11-22,4410551
2013-11-25,8111653
2013-11-26,3835604
2013-11-27,3053649
2013-11-29,2284442
2013-12-02,4838491
2013-12-03,3928957
2013-12-04,5246691
2013-12-05,5292843
2013-12-06,5761037
2013-12-09,6023831
2013-12-10,4995665
2013-12-11,5624107
2013-12-12,4551972
2013-12-13,4233143
2013-12-16,6977048
2013-12-17,4764390
2013-12-18,6964377
2013-12-19,4301063
2013-12-20,7389694
2013-12-23,5741793
2013-12-24,2675744
2013-12-26,4791031
2013-12-27,3374124
2013-12-30,2625439
2013-12-31,3099524
2014-01-02,4898714
2014-01-03,3722442
2014-01-06,5236394
2014-01-07,3516502
2014-01-08,4425098
2014-01-09,4469987
2014-01-10,5417506
2014-01-13,5213921
2014-01-14,3712534
2014-01-15,10125882
2014-01-16,4771192
2014-01-17,6833535
2014-01-21,5558499
2014-01-22,4788501
2014-01-23,5021646
2014-01-24,8118400
2014-01-27,22210282
2014-01-28,9413150
2014-01-29,8150580
2014-01-30,14770545
2014-01-31,9771234
2014-02-03,9085760
2014-02-04,6839994
2014-02-05,5134846
2014-02-06,6864749
2014-02-07,9665197
2014-02-10,5933664
2014-02-11,6011559
2014-02-12,8006395
2014-02-13,4392208
2014-02-14,4232955
2014-02-18,4872883
2014-02-19,5868813
2014-02-20,7719564
2014-02-21,5558694
2014-02-24,4888158
2014-02-25,5993094
2014-02-26,4753899
2014-02-27,4340142
2014-02-28,5411245
2014-03-03,4859173
2014-03-04,6264043
2014-03-05,5384826
2014-03-06,6792145
2014-03-07,5259754
2014-03-10,4693467
2014-03-11,5731313
2014-03-12,4449489
2014-03-13,8434596
2014-03-14,5002348
2014-03-17,4697171
2014-03-18,4921286
2014-03-19,5109239
2014-03-20,4396040
2014-03-21,8340005
2014-03-24,4811315
2014-03-25,9078108
2014-03-26,5610221
2014-03-27,4954162
2014-03-28,5821490
2014-03-31,5772635
2014-04-01,4814850
2014-04-02,9358342
2014-04-03,8230217
2014-04-04,4889367
2014-04-07,5224380
2014-04-08,6626924
2014-04-09,4062154
2014-04-10,4540078
2014-04-11,5364269
2014-04-14,4117984
2014-04-15,6317912
2014-04-16,3801443
2014-04-17,3556801
2014-04-21,3821433
2014-04-22,4533389
2014-04-23,6429276
2014-04-24,8854664
2014-04-25,5731929
2014-04-28,4036278
2014-04-29,4975836
2014-04-30,5199251
2014-05-01,2972156
2014-05-02,2681072
2014-05-05,3166362
2014-05-06,2836263
2014-05-07,3400839
2014-05-08,3120874
2014-05-09,2761803
2014-05-12,3664416
2014-05-13,3951489
2014-05-14,3082382
2014-05-15,5156642
2014-05-16,4403305
2014-05-19,3924366
2014-05-20,9277628
2014-05-21,5460511
2014-05-22,3112324
2014-05-23,2892130
2014-05-27,3443352
2014-05-28,3353846
2014-05-29,3071583
2014-05-30,5943740
2014-06-02,3753729
2014-06-03,3643708
2014-06-04,2880277
2014-06-05,5396721
2014-06-06,4299600
2014-06-09,3904588
2014-06-10,4760218
2014-06-11,2738753
2014-06-12,3413837
2014-06-13,2009110
2014-06-16,2137219
2014-06-17,2138433
2014-06-18,2218721
2014-06-19,2592653
2014-06-20,7771201
2014-06-23,2839500
2014-06-24,2867655
2014-06-25,2176188
2014-06-26,1522940
2014-06-27,3632056
2014-06-30,2249520
2014-07-01,2349546
2014-07-02,1850198
2014-07-03,2876160
2014-07-07,2697071
2014-07-08,2453493
2014-07-09,2270652
2014-07-10,2303670
2014-07-11,1992680
2014-07-14,2375244
2014-07-15,3212896
2014-07-16,3978544
2014-07-17,3166050
2014-07-18,2424953
2014-07-21,2076559
2014-07-22,2879870
2014-07-23,4479081
2014-07-24,8690333
2014-07-25,4126827
2014-07-28,4474333
2014-07-29,7947103
2014-07-30,5861710
2014-07-31,6712263
2014-08-01,6011947
2014-08-04,5183870
2014-08-05,5685357
2014-08-06,5526876
2014-08-07,5753105
2014-08-08,4693762
2014-08-11,5197873
2014-08-12,4200916
2014-08-13,4665222
2014-08-14,4178778
2014-08-15,4099265
2014-08-18,3479007
2014-08-19,3642656
2014-08-20,5342080
2014-08-21,4118278
2014-08-22,4608793
2014-08-25,3018673
2014-08-26,2865758
2014-08-27,3281859
2014-08-28,3231713
2014-08-29,4438234
2014-09-02,4040595
2014-09-03,4669044
2014-09-04,4604030
2014-09-05,4305038
2014-09-08,3504737
2014-09-09,3579649
2014-09-10,8161966
2014-09-11,5461033
2014-09-12,6908543
2014-09-15,7052180
2014-09-16,5289678
2014-09-17,5126226
2014-09-18,3916001
2014-09-19,8291118
2014-09-22,5098577
2014-09-23,5711592
2014-09-24,5796973
2014-09-25,4967045
2014-09-26,2935984
2014-09-29,3156364
2014-09-30,3755930
2014-10-01,4834717
2014-10-02,4461047
2014-10-03,3922147
2014-10-06,3983697
2014-10-07,6479495
2014-10-08,6214176
2014-10-09,6414868
2014-10-10,6179172
2014-10-13,5856964
2014-10-14,6791267
2014-10-15,9379130
2014-10-16,7439609
2014-10-17,7447827
2014-10-20,4274409
2014-10-21,3995387
2014-10-22,6215679
2014-10-23,11670137
2014-10-24,4133823
2014-10-27,4346054
2014-10-28,5069568
2014-10-29,4426350
2014-10-30,2650901
2014-10-31,5367845
2014-11-03,4435058
2014-11-04,4848950
2014-11-05,3515623
2014-11-06,3427724
2014-11-07,2708167
2014-11-10,3308115
2014-11-11,2465927
2014-11-12,2808733
2014-11-13,3924096
2014-11-14,2660490
2014-11-17,2476970
2014-11-18,2761245
2014-11-19,4679108
2014-11-20,3052561
2014-11-21,8738026
2014-11-24,4108630
2014-11-25,3321510
2014-11-26,2463793
2014-11-28,5780935
2014-12-01,7431817
2014-12-02,3900419
2014-12-03,6930661
2014-12-04,3406371
2014-12-05,3604993
2014-12-08,7192142
2014-12-09,6564187
2014-12-10,6759433
2014-12-11,4664926
2014-12-12,10327200
2014-12-15,6930800
2014-12-16,7649501
2014-12-17,8671558
2014-12-18,8344394
2014-12-19,9689211
2014-12-22,4577176
2014-12-23,3558648
2014-12-24,1660812
2014-12-26,3127800
2014-12-29,2391673
2014-12-30,3197392
2014-12-31,3251076
2015-01-02,3772352
2015-01-05,11301430
2015-01-06,8664426
2015-01-07,6511130
2015-01-08,7617761
2015-01-09,4857101
2015-01-12,4351587
2015-01-13,5078135
2015-01-14,10366731
2015-01-15,6683880
2015-01-16,10424799
2015-01-20,5937311
2015-01-21,6613080
2015-01-22,5567832
2015-01-23,5027502
2015-01-26,8140516
2015-01-27,27489451
2015-01-28,14269316
2015-01-29,9157025
2015-01-30,8150671
2015-02-02,7148979
2015-02-03,10895323
2015-02-04,8806514
2015-02-05,6640223
2015-02-06,5581494
2015-02-09,7693830
2015-02-10,6569097
2015-02-11,5722569
2015-02-12,4622996
2015-02-13,5645508
2015-02-17,3924393
2015-02-18,3568636
2015-02-19,5733483
2015-02-20,6029411
2015-02-23,5180033
2015-02-24,3679440
2015-02-25,3450035
2015-02-26,4457034
2015-02-27,4370537
2015-03-02,4155017
2015-03-03,4331727
2015-03-04,6863618
2015-03-05,7123533
2015-03-06,7913796
2015-03-09,4740527
2015-03-10,4850525
2015-03-11,4612178
2015-03-12,3613401
2015-03-13,7272688
2015-03-16,3598527
2015-03-17,6979868
2015-03-18,12154273
2015-03-19,5236161
2015-03-20,8216642
2015-03-23,4704036
2015-03-24,3978741
2015-03-25,4803045
2015-03-26,4238537
2015-03-27,6336976
2015-03-30,4621215
2015-03-31,4848638
2015-04-01,4446226
2015-04-02,3556034
2015-04-06,4496290
2015-04-07,3526299
2015-04-08,4196156
2015-04-09,4291850
2015-04-10,6831923
2015-04-13,5293899
2015-04-14,5898718
2015-04-15,9643762
2015-04-16,5692312
2015-04-17,5313991
2015-04-20,3914620
2015-04-21,5620905
2015-04-22,6520737
2015-04-23,18917562
2015-04-24,5848686
2015-04-27,5911992
2015-04-28,5736474
2015-04-29,7021763
2015-04-30,5460102
2015-05-01,4850105
2015-05-04,2754510
2015-05-05,4623680
2015-05-06,4465477
2015-05-07,3892784
2015-05-08,3577060
2015-05-11,6882568
2015-05-12,4066384
2015-05-13,3179214
2015-05-14,3228419
2015-05-15,3204989
2015-05-18,3074689
2015-05-19,5676841
2015-05-20,3841547
2015-05-21,8155485
2015-05-22,3483791
2015-05-26,3149610
2015-05-27,4517116
2015-05-28,5899123
2015-05-29,4685657
2015-06-01,3976918
2015-06-02,2817845
2015-06-03,2841823
2015-06-04,3775249
2015-06-05,3937629
2015-06-08,3355823
2015-06-09,3984912
2015-06-10,4717130
2015-06-11,2872879
2015-06-12,2212758
2015-06-15,2721010
2015-06-16,2895860
2015-06-17,3402771
2015-06-18,3373646
2015-06-19,3910897
2015-06-22,3648566
2015-06-23,2538952
2015-06-24,3413646
2015-06-25,3239051
2015-06-26,4387343
2015-06-29,4747317
2015-06-30,4077877
2015-07-01,5296181
2015-07-02,2582215
2015-07-06,4896587
2015-07-07,5192999
2015-07-08,4325075
2015-07-09,4570662
2015-07-10,3495037
2015-07-13,4228547
2015-07-14,3797675
2015-07-15,3661720
2015-07-16,3685980
2015-07-17,2931544
2015-07-20,4291418
2015-07-21,4691892
2015-07-22,10180685
2015-07-23,13909914
2015-07-24,9175903
2015-07-27,10269561
2015-07-28,15699009
2015-07-29,13794814
2015-07-30,7386182
2015-07-31,6203569
2015-08-03,6443308
2015-08-04,5822280
2015-08-05,4581872
2015-08-06,5609516
2015-08-07,7851288
2015-08-10,9041554
2015-08-11,8992532
2015-08-12,9362928
2015-08-13,5662495
2015-08-14,3811537
2015-08-17,5226840
2015-08-18,5146351
2015-08-19,5862685
2015-08-20,7267352
2015-08-21,11778502
2015-08-24,15168162
2015-08-25,9267119
2015-08-26,8283120
2015-08-27,8492077
2015-08-28,6632877
2015-08-31,7009006
2015-09-01,9046332
2015-09-02,5311062
2015-09-03,11061156
2015-09-04,12265047
2015-09-08,5633147
2015-09-09,5837844
2015-09-10,6106714
2015-09-11,4410166
2015-09-14,4231829
2015-09-15,5106570
2015-09-16,5223010
2015-09-17,7716912
2015-09-18,9230551
2015-09-21,7437371
2015-09-22,5689914
2015-09-23,4742566
2015-09-24,22536441
2015-09-25,12353631
2015-09-28,12560052
2015-09-29,8766710
2015-09-30,7835672
2015-10-01,7922067
2015-10-02,8760017
2015-10-05,10630372
2015-10-06,9641138
2015-10-07,8394083
2015-10-08,6071675
2015-10-09,5559669
2015-10-12,4636009
2015-10-13,4712876
2015-10-14,3727924
2015-10-15,4546640
2015-10-16,8027487
2015-10-19,5711976
2015-10-20,6353359
2015-10-21,8683168
2015-10-22,13878281
2015-10-23,7928768
2015-10-26,6253922
2015-10-27,8267208
2015-10-28,5416220
2015-10-29,4290770
2015-10-30,7369706
2015-11-02,5853794
2015-11-03,4996500
2015-11-04,5478390
2015-11-05,6228510
2015-11-06,5531823
2015-11-09,5906336
2015-11-10,4352616
2015-11-11,4186308
2015-11-12,8649505
2015-11-13,6407839
2015-11-16,5091743
2015-11-17,4803495
2015-11-18,3734780
2015-11-19,6267231
2015-11-20,6478393
2015-11-23,3845763
2015-11-24,3846263
2015-11-25,3492996
2015-11-27,1642061
2015-11-30,5332130
2015-12-01,6566872
2015-12-02,5062108
2015-12-03,8130772
2015-12-04,5252014
2015-12-07,6805880
2015-12-08,6866300
2015-12-09,8578009
2015-12-10,5768745
2015-12-11,7572606
2015-12-14,7356770
2015-12-15,6061216
2015-12-16,6747572
2015-12-17,6799955
2015-12-18,13490891
2015-12-21,5311466
2015-12-22,9697151
2015-12-23,7586275
2015-12-24,2322144
2015-12-28,3883953
2015-12-29,3539541
2015-12-30,3158522
2015-12-31,4356425
2016-01-04,8559381
2016-01-05,6139106
2016-01-06,6639331
2016-01-07,8601469
2016-01-08,8278452
2016-01-11,9669420
2016-01-12,8593098
2016-01-13,7210780
2016-01-14,9146503
2016-01-15,12616636
2016-01-19,8353199
2016-01-20,10856154
2016-01-21,8797812
2016-01-22,7803084
2016-01-25,10880593
2016-01-26,8137765
2016-01-27,10995381
2016-01-28,13216806
2016-01-29,8178491
2016-02-01,5951730
2016-02-02,6274697
2016-02-03,8331496
2016-02-04,12568901
2016-02-05,7447658
2016-02-08,6311216
2016-02-09,5598964
2016-02-10,5938668
2016-02-11,7010271
2016-02-12,4286319
2016-02-16,4664933
2016-02-17,7370471
2016-02-18,6175529
2016-02-19,4887498
2016-02-22,5771163
2016-02-23,5580009
2016-02-24,6438901
2016-02-25,4276630
2016-02-26,4148531
2016-02-29,5820793
2016-03-01,4446729
2016-03-02,4800535
2016-03-03,7171452
2016-03-04,9500130
2016-03-07,10739167
2016-03-08,8736685
2016-03-09,4907765
2016-03-10,6219375
2016-03-11,4783991
2016-03-14,5059925
2016-03-15,4674745
2016-03-16,6628922
2016-03-17,13311972
2016-03-18,13600222
2016-03-21,4312106
2016-03-22,3619073
2016-03-23,5342870
2016-03-24,7029855
2016-03-28,3424317
2016-03-29,4080208
2016-03-30,4863110
2016-03-31,4346719
2016-04-01,4878027
2016-04-04,4348143
2016-04-05,4385222
2016-04-06,4929423
2016-04-07,4794211
2016-04-08,4911047
2016-04-11,3898469
2016-04-12,5126105
2016-04-13,9359860
2016-04-14,5307541
2016-04-15,5309033
2016-04-18,4821366
2016-04-19,6280226
2016-04-20,5181327
2016-04-21,6497945
2016-04-22,10096630
2016-04-25,8073440
2016-04-26,6082488
2016-04-27,4441174
2016-04-28,4843911
2016-04-29,7689274
2016-05-02,3326217
2016-05-03,4781941
2016-05-04,6872732
2016-05-05,8064213
2016-05-06,6941201
2016-05-09,9391533
2016-05-10,6505278
2016-05-11,4679823
2016-05-12,4432875
2016-05-13,6395005
2016-05-16,4515008
2016-05-17,4833885
2016-05-18,5161386
2016-05-19,6131623
2016-05-20,5517385
2016-05-23,3998543
2016-05-24,3841122
2016-05-25,5035155
2016-05-26,4146414
2016-05-27,3002127
2016-05-31,4072620
2016-06-01,2699924
2016-06-02,4615267
2016-06-03,6619331
2016-06-06,4775107
2016-06-07,4235164
2016-06-08,5987837
2016-06-09,3784630
2016-06-10,4879492
2016-06-13,4086711
2016-06-14,4058441
2016-06-15,3802022
2016-06-16,4064770
2016-06-17,5442037
2016-06-20,4090835
2016-06-21,3292083
2016-06-22,3056831
2016-06-23,3600824
2016-06-24,12179523
2016-06-27,7361643
2016-06-28,4743725
2016-06-29,4015420
2016-06-30,4695512
2016-07-01,4630059
2016-07-05,4776310
2016-07-06,3740499
2016-07-07,3080886
2016-07-08,5491482
2016-07-11,4511317
2016-07-12,5545755
2016-07-13,5162537
2016-07-14,5441707
2016-07-15,4642078
2016-07-18,4136743
2016-07-19,3308355
2016-07-20,4185481
2016-07-21,6492232
2016-07-22,4133834
2016-07-25,5798090
2016-07-26,11007577
2016-07-27,8460932
2016-07-28,5065610
2016-07-29,4274241
2016-08-01,3377149
2016-08-02,3909479
2016-08-03,3101710
2016-08-04,2407526
2016-08-05,3286094
2016-08-08,3544827
2016-08-09,2314884
2016-08-10,2290307
2016-08-11,2229261
2016-08-12,4342839
2016-08-15,4056023
2016-08-16,3161753
2016-08-17,2983391
2016-08-18,5003053
2016-08-19,3823918
2016-08-22,2885000
2016-08-23,3178360
2016-08-24,2200583
2016-08-25,3082906
2016-08-26,3596799
2016-08-29,2253599
2016-08-30,3469384
2016-08-31,4041706
2016-09-01,4102195
2016-09-02,2442547
2016-09-06,3071022
2016-09-07,3996655
2016-09-08,3400487
2016-09-09,5311576
2016-09-12,4110772
2016-09-13,4740645
2016-09-14,5324824
2016-09-15,3517811
2016-09-16,6715374
2016-09-19,4351240
2016-09-20,2775339
2016-09-21,4264276
2016-09-22,3925245
2016-09-23,3031533
2016-09-26,3340788
2016-09-27,4295596
2016-09-28,9497066
2016-09-29,10616376
2016-09-30,6379056
2016-10-03,4294645
2016-10-04,4743263
2016-10-05,5189453
2016-10-06,3786939
2016-10-07,3774152
2016-10-10,3785658
2016-10-11,6471919
2016-10-12,3949984
2016-10-13,5676991
2016-10-14,3601023
2016-10-17,4479743
2016-10-18,3715717
2016-10-19,5943908
2016-10-20,4576568
2016-10-21,3592524
2016-10-24,5096454
2016-10-25,11639239
2016-10-26,6582085
2016-10-27,5003224
2016-10-28,4974567
2016-10-31,4679376
2016-11-01,5139628
2016-11-02,5228562
2016-11-03,3859001
2016-11-04,5745833
2016-11-07,3786427
2016-11-08,3407727
2016-11-09,19281888
2016-11-10,14174371
2016-11-11,7369906
2016-11-14,7552789
2016-11-15,4645386
2016-11-16,3297156
2016-11-17,3939078
2016-11-18,4715937
2016-11-21,3783223
2016-11-22,3172772
2016-11-23,6571098
2016-11-25,2006880
2016-11-28,4916004
2016-11-29,3806021
2016-11-30,4641863
2016-12-01,9361618
2016-12-02,5038257
2016-12-05,4980335
2016-12-06,3663143
2016-12-07,4901054
2016-12-08,3861626
2016-12-09,6550220
2016-12-12,3597051
2016-12-13,3803344
2016-12-14,5647437
2016-12-15,4200139
2016-12-16,7872713
2016-12-19,3856324
2016-12-20,4302415
2016-12-21,2829309
2016-12-22,2534883
2016-12-23,1545895
2016-12-27,1735397
2016-12-28,2700257
2016-12-29,2387183
2016-12-30,3471158
2017-01-03,5054885
2017-01-04,3772050
2017-01-05,4698750
2017-01-06,4023073
2017-01-09,3095018
2017-01-10,3980193
2017-01-11,3720504
2017-01-12,3102819
2017-01-13,2609480
2017-01-17,5040301
2017-01-18,3425712
2017-01-19,3540068
2017-01-20,5045228
2017-01-23,3254899
2017-01-24,5768201
2017-01-25,7557915
2017-01-26,9097281
2017-01-27,6371428
2017-01-30,5221787
2017-01-31,5724663
2017-02-01,3582499
2017-02-02,3807479
2017-02-03,4677910
2017-02-06,4621278
2017-02-07,4995605
2017-02-08,4083514
2017-02-09,3994308
2017-02-10,5600224
2017-02-13,6995085
2017-02-14,4342641
2017-02-15,4325979
2017-02-16,3062422
2017-02-17,3631547
2017-02-21,3916568
2017-02-22,3031129
2017-02-23,6024786
2017-02-24,5018244
2017-02-27,5444968
2017-02-28,3951691
2017-03-01,5564894
2017-03-02,23059151
2017-03-03,8178213
2017-03-06,4706107
2017-03-07,4683089
2017-03-08,9370375
2017-03-09,9260934
2017-03-10,7168974
2017-03-13,4376144
2017-03-14,5781058
2017-03-15,6434599
2017-03-16,3717911
2017-03-17,7141421
2017-03-20,6516200
2017-03-21,7720164
2017-03-22,5035553
2017-03-23,2586255
2017-03-24,3634569
2017-03-27,3425749
2017-03-28,3866074
2017-03-29,2513702
2017-03-30,3672610
2017-03-31,4020648
2017-04-03,3685857
2017-04-04,5797548
2017-04-05,6061256
2017-04-06,5421615
2017-04-07,4463804
2017-04-10,5168332
2017-04-11,4250436
2017-04-12,4773941
2017-04-13,4705994
2017-04-17,3719144
2017-04-18,3311018
2017-04-19,5550388
2017-04-20,4852517
2017-04-21,4128655
2017-04-24,6739398
2017-04-25,18383507
2017-04-26,9856082
2017-04-27,6727449
2017-04-28,4015957
2017-05-01,4512654
2017-05-02,4516369
2017-05-03,4278374
2017-05-04,7271600
2017-05-05,4086754
2017-05-08,5094647
2017-05-09,9742039
2017-05-10,4697268
2017-05-11,5220286
2017-05-12,4111987
2017-05-15,3756092
2017-05-16,3115859
2017-05-17,4618515
2017-05-18,5931547
2017-05-19,4636549
2017-05-22,4377007
2017-05-23,3327626
2017-05-24,5174710
2017-05-25,5220575
2017-05-26,2894109
2017-05-30,3211672
2017-05-31,4131439
2017-06-01,4211339
2017-06-02,3702809
2017-06-05,4319496
2017-06-06,3800243
2017-06-07,5121650
2017-06-08,4649344
2017-06-09,3881020
2017-06-12,4167423
2017-06-13,3522709
2017-06-14,4100230
2017-06-15,5974059
2017-06-16,7350440
2017-06-19,4347630
2017-06-20,5314140
2017-06-21,6274065
2017-06-22,3652480
2017-06-23,12089818
2017-06-26,2857661
2017-06-27,3380676
2017-06-28,4118284
2017-06-29,3550032
2017-06-30,4702148
2017-07-03,2404896
2017-07-05,3483617
2017-07-06,2921670
2017-07-07,2767868
2017-07-10,2951468
2017-07-11,2559920
2017-07-12,3611614
2017-07-13,3051071
2017-07-14,4480218
2017-07-17,2969519
2017-07-18,3984361
2017-07-19,2857917
2017-07-20,3759740
2017-07-21,4258115
2017-07-24,5980369
2017-07-25,14264596
2017-07-26,5741249
2017-07-27,5583481
2017-07-28,4704478
2017-07-31,4486013
2017-08-01,3683681
2017-08-02,2830626
2017-08-03,2438868
2017-08-04,2631896
2017-08-07,2269385
2017-08-08,2601217
2017-08-09,3170051
2017-08-10,3186723
2017-08-11,2130558
2017-08-14,1968916
2017-08-15,2826822
2017-08-16,2268555
2017-08-17,2905050
2017-08-18,3875693
2017-08-21,3137367
2017-08-22,3881054
2017-08-23,2447632
2017-08-24,1861155
2017-08-25,3282217
2017-08-28,2011033
2017-08-29,4355661
2017-08-30,3401022
2017-08-31,3357695
2017-09-01,2992226
2017-09-05,3830667
2017-09-06,4292595
2017-09-07,3270114
2017-09-08,2786971
2017-09-11,3527473
2017-09-12,5554631
2017-09-13,2532234
2017-09-14,2904856
2017-09-15,4610125
2017-09-18,4349014
2017-09-19,3050029
2017-09-20,3151576
2017-09-21,2615367
2017-09-22,2616709
2017-09-25,3268466
2017-09-26,2302141
2017-09-27,2116077
2017-09-28,2067779
2017-09-29,2273463
2017-10-02,2502628
2017-10-03,2166124
2017-10-04,2792495
2017-10-05,2496551
2017-10-06,2697410
2017-10-09,1979639
2017-10-10,4414772
2017-10-11,177592
2017-10-12,3372320
2017-10-13,3478191
2017-10-16,2914192
2017-10-17,2380342
2017-10-18,2511437
2017-10-19,4837581
2017-10-20,3086775
2017-10-23,5549532
2017-10-24,18886700
2017-10-25,7438581
2017-10-26,5745354
2017-10-27,4064593
2017-10-30,3044543
2017-10-31,3988311
2017-11-01,3629020
2017-11-02,2722613
2017-11-03,2105357
2017-11-06,2780869
2017-11-07,3222106
2017-11-08,1933255
2017-11-09,2940871
2017-11-10,2017641
2017-11-13,1894148
2017-11-14,3041283
2017-11-15,3746182
2017-11-16,2813638
2017-11-17,2312700
2017-11-20,2124623
2017-11-21,2221427
2017-11-22,4887659
2017-11-24,944517
2017-11-27,2585375
2017-11-28,2592701
2017-11-29,3098231
2017-11-30,7507820
2017-12-01,5481644
2017-12-04,4922287
2017-12-05,3884080
2017-12-06,2881368
2017-12-07,2977117
2017-12-08,2490056
2017-12-11,1913470
2017-12-12,3397071
2017-12-13,6486536
2017-12-14,4616889
2017-12-15,7931739
2017-12-18,3534846
2017-12-19,3554140
2017-12-20,3076024
2017-12-21,4017431
2017-12-22,2486378
2017-12-26,1870565
2017-12-27,2520486
2017-12-28,4064049
2017-12-29,2616142
